-2.204455349652689165e+03,-2.396911060072427517e+02,-3.829425605419052658e+02,-1.609784433798078851e+02,-1.286243362011919373e+02,2.722305238746730538e+01,-1.505750551123747982e+02,-5.984925272937482532e+02,-4.566769918916573943e+02,-7.770307657505488805e+02,-7.080312305363315772e+02,-2.744617254874490300e+02,-2.964853929638568957e+02,-4.172735114913932080e+02,-5.396316358273534206e+02,-3.587413359058058973e+02,-4.841305455522643797e+02,-4.295599296477344069e+02,-4.986397525439228389e+02,-6.165802531527128849e+02,-6.550987253963846797e+02,-5.432907605094396786e+02,-4.068743886845600741e+02,-6.767424052779717840e+02,-5.510683368092741148e+02,-6.896791094661757597e+02,-9.110262885385327536e+02,-9.654313786387576783e+02,-7.916747549170059983e+02,-9.026511905349041172e+02,-9.516086904174828760e+02,-3.517062850711669171e+02,-4.205641491535552632e+02,-4.069553965775118058e+02,-8.472541441005951128e+02,-6.164721478872678517e+02,-7.262243828800496885e+02,-4.254051741622538430e+02,-5.213537164026697610e+02,-8.048939063776651892e+02,-8.258458785614609496e+02,-5.446259084955174785e+02,-5.628051190611838592e+02,-8.858474257290713467e+02,-6.623221151440772019e+02,-3.709778661711708310e+02,-5.115708642529974668e+02,-5.429830068340399976e+02,-3.569563799876484040e+02,-5.900303472013583814e+02,-3.412396466187475426e+02,-1.617951569547578288e+02,-4.028759019382214319e+02,-2.500906862609724612e+02,-3.670726989883343094e+02,-2.739006051824015344e+02,-4.035314583201640062e+02,-4.705888569991946611e+02,-3.443531584243195312e+02,-3.394265317294825195e+02,-6.635625846111335022e+02,-3.621446301539966157e+02,-4.128513774598619648e+02,-5.076562276817423935e+02,-4.798632266138429259e+02,-4.185199529903625262e+02,-1.736382509028302650e+02,-2.419840448876499579e+02,-2.755038562270754596e+02,-3.121763124145145980e+02,-1.202547522540377969e+02,-1.380022996389766945e+02,-1.029480567487201199e+02,-2.599593789033460212e+02,-4.452458295409069819e+02,-8.094577901640566608e+01,-1.316874809190380802e+02,-1.836946177674366538e+02,-2.638908283628744584e+02,-4.018010641879237141e+02,-3.412908765265568150e+02,-4.170749699428657209e+02,-3.562822494655819128e+02,-7.334483938686987585e+02,-5.583649392275461878e+02,1.050662312737902937e+02,-2.131633275301524577e+02,-1.638277463006396317e+02,-4.432811756959302443e+02,-2.285043049446784380e+02,-4.300638451930595352e+02,-3.777758661041448818e+02,-5.102600165803044661e+02,-4.771355282964916000e+02,-3.526956092324745669e+02,-4.829806470644671208e+02,-5.902258505810779070e+02,-6.439917291205831589e+02,-3.369433496951887150e+02,-2.504042311669753644e+02,-4.299725188238513738e+02,-5.173573243670429065e+02,-2.199705954165025332e+02,-2.473902531066501354e+01,-1.778750234082138206e+02,-1.363989466320837778e+02,2.889285097080407922e+02,-2.884795475242598286e+02,-5.563203118260840938e+02,-3.429346710883340847e+02,-3.249411820468050678e+02,-3.328076216678570063e+02,-3.615987383406865661e+02,-5.019008184723273303e+02,-6.116862854274489791e+02,-2.060420906737360838e+02,-2.904720908935025250e+02,-7.601601257376421472e+02,-5.635167971433387493e+02,-9.775322702463344626e+01,-6.955687061199259347e+01,-2.427957413223779213e+02,-2.695889544065652785e+02,-1.125061991816972409e+02,-2.956049961905303007e+02,-2.391435992069591521e+02,-3.370421479806161642e+02,-4.873788663822060130e+02,-2.494831360552846604e+02,-3.203274201389621112e+02,6.438425894854077569e+00,-9.986469292806192755e+01,-2.380285762909995810e+02,-3.332006428379814906e+02,-2.555358394008858340e+02,-2.822194459232468944e+02,-2.781319635572862126e+02,-3.858637794083036852e+02,-3.968369112124919411e+02,-3.056768081556504058e+02,-5.444942754096280169e+02,-5.462261516251236344e+02,-6.216931922430013628e+02,-5.476160725066126815e+02,-5.183069111804962859e+02,-8.372417677130106313e+02,-9.267952768431921413e+02,-6.683305178172154228e+02,-7.621026668150441310e+02,-8.398588018544928673e+02,-6.397913017730229512e+02,-9.836176148052738881e+02,-6.351564765868731683e+02,-7.060163475370601418e+02,-8.691578880980927124e+02,-8.211903786173920707e+02,-5.821340328501020167e+02,-5.824029814595774042e+02,-8.620584327994573641e+02,-5.361312163874591761e+02,-5.704100958846706817e+02,-8.983470947003286255e+02,-9.472501015957359414e+02,-1.149988380924772400e+03,-4.105463348990649024e+02,-7.053103897775225732e+02,-5.998610818373899747e+02,-5.495280848899612920e+02,-4.890438576064005929e+02,-1.964107220284526818e+02,-3.292995431751731417e+02,-4.825472593130208452e+02,-3.910012948397217087e+02,-1.851136369444269008e+02,-1.119017689214886957e+02,-2.191749404327945854e+02,-1.427904548940884979e+02,-3.364108898781279322e+02,-4.219074675396376506e+02,-4.442641080647973126e+02,-3.889226970952219062e+02,-5.997930981578583669e+02,-5.618998921327945482e+02,-6.246405891703316229e+02,-7.015334536964921881e+02,-9.567806126315788333e+02,-9.594584883573236311e+02,-1.056989761017500769e+03,-9.613140657289856108e+02,-1.057643827596680467e+03,-1.013460128639020127e+03,-1.101611320509816323e+03,-1.089597939812344521e+03,-1.209732545149845464e+03,-1.282932725765059786e+03,-1.093130269955585391e+03,-1.226781816391531038e+03,-1.139619595737176951e+03,-1.106069111348523847e+03,-1.248375542180014236e+03,-1.299973347648995968e+03,-1.223706674382359779e+03,-1.226791485364922664e+03,-1.325392230850771739e+03,-1.217607371388251067e+03,-1.018815289422772821e+03,-1.081303477386772329e+03,-1.044756618717685342e+03,-1.153372779039761781e+03,-1.035847248858608509e+03,-9.949560675013281070e+02,-8.264136627144214344e+02,-8.462077130788621844e+02,-8.161924253841035579e+02,-5.877459826976329396e+02,-8.581933563270092691e+02,-7.113660966708941942e+02,-8.868269047052805263e+02,-7.314715412301179640e+02,-9.063958338110672912e+02,-6.302529288628738868e+02,-6.418994123298286922e+02,-8.242921937475432514e+02,-7.256257337683255173e+02,-7.053567202828057816e+02,-7.152532174956177187e+02,-5.762103324963651403e+02,-3.508098919877918433e+02,-4.183493676121394174e+02,-2.704365636218789177e+02,-2.653163710314184982e+02,-3.808939958617321508e+02,-5.300508913281596506e+02,-3.605041194306082843e+02,-5.735624075891010989e+02,-3.358228579037159420e+02,-3.888494450651436978e+02,-2.393682707153691922e+02,-2.866576615353415605e+02,-3.237535589767619513e+02,-3.123791423828566849e+02,-3.345230851083089192e+02,-4.344716182865997212e+02,-5.871366417828799058e+02,-6.448146578681764822e+02,-5.554329260015484806e+02,-4.180586490211190949e+02,-4.351280326327940884e+02,-4.537626728094738269e+02,-4.508989017893496225e+02,-5.195399049158030493e+02,-4.922455683652307243e+02,-2.522813271300865381e+02,-3.866389406172604026e+02,-3.241450339394109506e+02,-5.186218788984923549e+02,-3.799285998344911945e+02,-2.828634610199088115e+02,-2.325728522853904678e+02,-4.372391072015956297e+02,-4.730378501075001623e+02,-3.486047750140510288e+02,-4.496880503501940893e+02,-4.391140339656139986e+02,-7.283166991720078158e+02,-3.307723832580147132e+02,-2.841322749643671841e+02,-4.599138771859792882e+02,-6.207580228476169850e+02,-8.365781116290428372e+02,-8.789941034858117064e+02,-8.412547517550493694e+02,-5.099007270064868180e+02,-3.974697522169867057e+02,-3.046821723584843085e+02,-4.085605409263199590e+02,-2.812914468015836746e+02,-2.589051458262217693e+02,-3.807209492575757963e+02,-3.601153261548406590e+02,-4.912858713469846066e+02,-3.369546529111616451e+02,-3.263461014612057625e+02,-3.336049812638900676e+02,-4.287250199811383027e+02,-2.925572807395765267e+02,-3.751698918772151501e+02,-4.301496720650571319e+02,-7.899223456472816451e+02,-7.686046966481906111e+02,-6.354270957113469649e+02,-9.669411753480339939e+02,-8.960380313477346590e+02,-6.583454530911892562e+02,-6.636390672545707048e+02,-6.470468876348743379e+02,-6.378469369806110763e+02,-5.604154250054602926e+02,-5.524602461328598793e+02,-2.640960954381961301e+02,-4.541164864750770676e+02,-5.680321621779945644e+02,-7.223759993865065780e+02,-5.767061754426322295e+02,-3.677930516451760923e+02,-3.408822098434569057e+02,-4.769215565744510741e+02,-3.953170995398694458e+02,-4.225924178025057927e+02,-1.805894359235743707e+02,-3.398499122326098814e+02,-5.621435984811686239e+02,-2.911649969242193947e+02,-6.350379617382538981e+02,-5.432440491868455865e+02,-6.842715946043369968e+02,-5.234269476399755376e+02,-5.077037031847933122e+02,-3.413523121620581264e+02,-2.019517706108109678e+02,-3.677687394051332035e+02,-1.995994259919421268e+02,-4.155624274911612019e+02,-5.886398894795872820e+02,-2.902254703690065298e+02,-6.993835532005571167e+02,-6.369658065515161525e+02,-2.973920267919626212e+02,-4.388564610913513206e+02,-5.597182489681576953e+02,-6.446569480520272464e+02,-4.532241700750438440e+02,-5.653951678291560938e+02,-1.335629870926653950e+02,-3.416274334506148307e+02,-2.793795729227084621e+02,-2.037094743820248368e+02,-1.291341254867989505e+02,1.169518298849608868e+02,-1.893058070396278936e+01,-2.443315535217624301e+01,-3.389274003492423049e+02,-1.698705848467223802e+02,-7.154836999948173570e+01,-2.831845686502285844e+02,-2.179727041212060499e+02,-6.651063522508977144e+01,1.610587270809880351e+02,1.355273899957333583e+02,9.318333337406306782e+01,-3.280047013472057529e+02,-4.692627969747602492e+02,-2.237217172954044315e+02,-3.179844772451167501e+02,-1.474686649590978789e+02,-3.910459122512983754e+02,-5.216211271899164785e+02,-1.067053646844544232e+02,2.261893798493802024e+02,1.935396779947739958e+02,2.379240961544218464e+02,7.845532132059477703e+01,-4.277374755082411184e+01,-4.777722869916752870e+02,-2.404669383700222625e+02,-3.405099968620671120e+02,-1.960500046784938206e+02,-2.565689338201332248e+02,-1.685801782573365699e+02,8.239727481066015002e+01,-1.932646554041927516e+02,-2.498990298430165637e+02,-1.765867507567010648e+02,-1.203009219886046424e+02,-2.895888059962445595e+02,-1.109040347391714363e+02,-3.452624549003559196e+02,-3.987334282310080198e+02,-5.352288888421097681e+02,-4.773564921834386041e+02,-5.101328608135057152e+02,-3.993654348256402500e+02,-4.023268846928145877e+02,-4.070924547031076486e+02,-3.440480058111994595e+02,-3.270566627001699089e+02,-9.239377642098370416e+02,-1.230178597108638087e+03,-2.819527552763819358e+02,-4.494237991396336156e+02,-8.878054518390982253e+01,-2.616029913604905346e+02,-2.452785792324478393e+02,-2.920287029831107475e+02,-2.171727877922988625e+02,-2.632012625383802060e+02,-1.084025770852828998e+02,1.781640569058713197e+01,-3.489295194977904657e+01,-1.842179472442076644e+02,-2.315166202434035370e+02,-2.313810470526331642e+01,5.336068574558606770e+01,-6.294827852946789903e+01,-1.570086626910313328e+02,-6.625592132264418979e+02,-5.400817129861561625e+02,-2.213996822761436079e+02,-1.092733059701185709e+02,-2.917039853592572172e+02,-4.564121473430867582e+02,-7.410765977081821347e+02,-5.376785681549675928e+02,-6.249791700472593448e+02,-5.385958843372699221e+02,-5.356336956582739504e+02,-6.716939860451647064e+02,-5.358285940318351095e+02,-6.826999713624425112e+02,-1.022705010553489956e+03,-1.073996742729120797e+03,-1.383565455037001129e+03,-6.912568425553035922e+02,-9.549024423601867966e+02,-8.643632170073065026e+02,-6.615507882959776680e+02,-8.442569546296490444e+02,-1.013195385314934583e+03,-1.387490820676481007e+03,-8.288843507654402174e+02,-7.923401071119818653e+02,-7.052922600312356280e+02,-7.807439846241944679e+02,-8.979512951745734881e+02,-1.002896598132757390e+03,-1.272445769467261243e+03,-8.503637392452981203e+02,-9.209111273222540603e+02,-8.850587331452433091e+02,-1.005398761385532680e+03,-6.382258827897504716e+02,-3.607295256130429379e+02,-6.032212235756882137e+02,-7.967836608117709147e+02,-7.873148578753498441e+02,-3.793711044298804040e+02,-5.630511355266912688e+02,-4.760836932292867800e+02,-6.760277008998663177e+02,-4.784032869060680468e+02,-1.681025445151780673e+02,-8.648584743254428986e+01,2.732625144702615216e+01,-2.759094531191635724e+00,-9.158053055068120329e+01,-1.433738578250097930e+02,-2.127311994329623417e+02,-2.056165798214552183e+02,-2.477422477729274419e+02,-3.245514765075020023e+02,-7.110115600032270322e+01,-3.992431839166173972e+02,-5.611342062223583298e+02,-2.920609969067462544e+02,-2.717841611881729023e+02,-2.708382149390497489e+02,-2.711490206664751668e+01,-6.202304200793639666e+01,-2.888633492569005057e+02,-1.712089172496353058e+02,-1.516739177263400506e+02,-8.807256650750017002e+01,-5.020005495555528796e+01,-4.418603172890657902e+02,-3.155833177310648239e+02,-4.307283686442714270e+02,-2.274406171826079515e+02,-2.037852987822034265e+02,-3.630073431961375263e+02,-2.156483776750195602e+02,-3.414661958203512313e+02,-4.383271357351333108e+02,-4.422600049796801045e+02,-2.133240698701293923e+02,-3.419417781956449858e+02,-8.215660026221954126e+01,-4.488237065886087862e+01,-1.885210546792899891e+02,-5.095942936678644060e+02,-3.488690769449542017e+02,-2.532063628861087921e+02,-3.369651749745163443e+02,-3.399041581668888057e+02,-2.474678232423506188e+02,-3.859378800781863674e+02,-4.373334846975395749e+02,-5.851924826437532374e+02,-4.049748435025654771e+02,-3.731094041828360446e+02,-2.563804866912195166e+02,-1.357222059774511536e+02,-2.640874021456427272e+02,-3.195831836712229119e+02,-4.284192902929922866e+02,-3.595523726367655399e+02,-3.212237136855291055e+02,-3.931489955175609339e+02,-2.884611028573571048e+02,-1.226678780547546239e+02,-3.266857106723242623e+02,-4.237408068042399236e+02,-1.711214343768501180e+02,-4.672101468445451360e+02,-8.045875483058337068e+02,-7.315045639567375702e+02,-8.717293669050192193e+02,-3.737489612209124061e+02,-9.527908230745913443e+02,-5.744914975279805276e+02,-7.713531844244903368e+01,-3.615925873272996682e+02,-1.461855234320516388e+02,-4.850671941721498683e+02,-6.671002163016732993e+02,-2.069137252070204056e+02,-2.060790665320487562e+02,-1.338815506762195469e+02,-3.543300538182689934e+02,-1.811024032763383502e+02,-3.738366139178710341e+02,-1.474502182335993439e+02,-3.034585243448248093e+02,-5.859992047730470404e+02,-4.385884967453230274e+02,-6.200122444320470549e+02,-6.052677695264454769e+02,-5.152639346196983752e+02,-2.639851876903647394e+02,-3.983397310508535725e+02,-2.632880513281738786e+02,-4.345078427814179918e+02,-3.654311268820088117e+02,-3.564632961803993112e+02,-8.066898461740347557e+02,-7.205913733722397865e+02,-2.843079494685073314e+02,-4.000138933131402155e+02,-4.441690666465065078e+02,-2.868113401705769547e+02,-6.549887569729979475e+01,-3.723261284725391533e+02,-2.404675766406881507e+02,-2.266280372941456278e+02,-5.189028769282542726e+02,-3.530874808977353041e+02,-9.115750756209655492e+01,2.650310143314550260e+01,-8.967398923573128400e+01,-2.844699185679438642e+02,-1.516421133309000595e+02,-3.622198622327960607e+02,-4.130592963617758073e+01,-3.593405831335033440e+02,-3.270676490358002866e+02,-3.864224516801941718e+02,1.051446592253434460e+02,1.104701326884924129e+02,2.564773815904591743e+02,-2.164493883704047903e+02,3.751870763995302127e+01,-2.794158672621692858e+02,-4.513749536614262183e+02,-2.886011825098921122e+02,-2.280337281492637658e+02,-9.065454983867195438e+01,1.647961274254365378e+02,-1.001419454517869383e+02,-3.155963450683111660e+02,-1.322442016657248587e+00,-2.457293467083044618e+02,-4.340472324093528869e+02,-5.232996312713987663e+02,-2.955220070893612956e+02,-3.932852943678562383e+02,-4.858209707137673377e+02,-1.072413711303395303e+02,6.278046687518383351e+00,9.299000598653697125e+01,-1.974096325243041008e+02,-4.702418318621530489e+02,-3.634800627120951049e+02,-5.025037940254657087e+02,-1.588529653239339723e+01,-1.725568095821008399e+02,-3.207792661883770506e+02,-4.184524932912146369e+02,-5.541586920220913726e+02,-3.849978737092753249e+02,-3.018004604326973777e+02,-5.401693383461274607e+02,-4.858334460442257523e+02,-4.552216214144116293e+02,-4.344647103562199391e+02,-5.418327402736699696e+02,-9.763789809941486055e+02,-4.124055793030760242e+02,-5.653138912150020587e+02,-5.111370307060160485e+02,-4.271381046640800605e+02,-2.530645944889110979e+02,-2.584902785684648165e+02,-3.924423078137674565e+02,-5.144588983620793670e+02,-6.222210487459918795e+02,-3.660968636648291294e+02,-5.528823048281528827e+02,-3.524561451760772570e+02,-3.284457226154876821e+02,-2.324614766245732937e+02,-2.482798142202948952e+02,-2.029131497605958998e+02,-3.645241926303710898e+02,-2.669479185948841291e+02,-3.391147155911887694e+02,-1.286070090560384358e+02,-2.849748038928578353e+01,-2.495212076287626246e+02,-1.649808042213008719e+02,1.357182745794429479e+02,-3.314113083134662361e+02,-3.868232904421474245e+02,-2.683315585898890276e+02,-3.120888900977587355e+02,-1.122955504978632462e+02,-1.849835191586987264e+02,-3.183508111183770666e+02,-2.126744520691773346e+02,-4.456754042282945534e+02,-6.329695602615671532e+02,-6.731355688837338676e+02,-4.681974042061860928e+02,-4.569720581668162822e+02,-4.261849824635449977e+02,-7.852751107212643547e+02,-5.131655019785225704e+02,-4.019241241153864621e+02,-7.927611008365289536e+02,-5.118586336554457148e+02,-5.126794939034493837e+02,-7.796382009738755414e+02,-6.379796674911485752e+02,-7.777059836585563062e+02,-9.602105625078390858e+02,-7.767503602484362091e+02,-5.644826594941685016e+02,-5.080381392105477403e+02,-3.850861270120111044e+02,-3.351279533936880739e+02,-6.109552578712853119e+02,-7.631313457104711233e+02,-4.268371818758271274e+02,-3.812154344881682277e+02,-4.172092976399061399e+02,-3.353613510582019899e+02,-3.715490098020208052e+02,-3.175863665663085271e+02,-4.724052139010826750e+02,-6.974013966999141303e+02,-4.706434329749527592e+02,-8.015695239093536202e+02,-4.836114796081038776e+02,-3.367410525541330344e+02,-1.415894066086336522e+02,-1.277558015396332962e+02,-5.204750943825366676e+02,-4.362150655065115075e+02,-1.643565820467304093e+02,-4.530273544995258135e+02,-5.013007750480537652e+02,-2.673882349325374435e+02,9.260430544648936291e+01,2.786524679304344687e+01,-1.429544272050272866e+02,-1.702459071889899178e+02,3.510024123440593513e+01,-2.217125591554942048e+02,-3.596058949832416829e+02,-1.978435273472925644e+02,-4.529308877586468185e+01,-2.982600469549776108e+02,-7.680312701336865757e+02,-3.297984762112598105e+02,2.671826984955536943e+01,-4.400002715108488474e+02,-1.012775768246018515e+02,-1.334426469024883204e+02,-3.727726988345789323e+02,1.360515361004468957e+02,-3.348802683003825678e+02,-3.078206610476594278e+02,3.263807796135253625e+01,-1.660196089153590719e+02,-2.949928518750063517e+02,-3.786828288695264177e+02,-4.932521152930720518e+02,2.352199770853331984e+01,-1.627567134712417385e+01,1.166636117810377584e+02,-4.272327304729920456e+02,1.176132549509160583e+02,2.547480129099174917e+01,-6.420205622622162878e+01,-3.541569379298786089e+02,-3.281729928290947100e+02,-3.028573876935860199e+02,-8.456493861735792450e+01,-7.364500919486911812e+01,-1.776403482879517810e+02,9.070229035770313430e+01,-5.089869583401227260e+01,9.601140804816168384e+00,5.109838220930083708e+01,1.705189250285592379e+02,-1.960886288491154801e+02,-3.743065504822856155e+02,-1.488683058344172707e+02,-2.869487224772337868e+02,-4.129436307650052527e+02,-2.856223177144773899e+02,-3.079118312983787291e+02,-5.880597998646462656e+02,-5.549700738494719872e+02,-3.433288938908702903e+02,-6.736642712058244342e+02,-3.801932618946941034e+02,-5.024901019365065054e+02,-5.056105337071523991e+02,-4.477365039250080372e+02,-4.431867252417409304e+02,-5.623604546786714309e+02,-5.608163063497506755e+02,-4.313442184224743414e+02,-3.113549367769575156e+02,-3.541995616802157656e+02,-3.331267762712050171e+02,-5.875216665287815658e+02,-6.116574803534363127e+02,-4.450705458580408731e+02,-9.842849638594429962e+00,-3.968500685088505975e+01,-6.550004671713621747e+02,-4.551260669235215346e+02,-4.337974691861689962e+02,-8.653751022970321856e+02,-3.290143768324646203e+02,-3.212912118789612919e+02,-4.982035138352975991e+02,-5.081947249459959153e+02,-4.388025914494178323e+02,-5.201134921856955771e+02,-7.068820540787020263e+02,-4.937370740063145149e+02,-5.086227830638827072e+02,-7.195977929284381389e+02,-3.860050080155397723e+02,-4.390246750135756884e+02,-4.926428400295594088e+02,-4.513884327459176120e+02,-3.147565505341871130e+02,-4.898542038568124326e+02,-2.778104391069679764e+02,-4.431876853960135350e+02,-4.010959245839983964e+02,-5.744120094277068347e+02,-5.255419548404009902e+02,-4.849303390421608242e+02,-4.418506538163379105e+02,-4.535182820754206432e+02,-4.334892893946399681e+02,3.713570086997054176e+01,-4.495123169326604966e+02,-2.198651906994032004e+02,-2.989097278703854954e+02,-3.133150878566269171e+02,-2.321249369874760760e+02,-4.687739340650268218e+02,-5.042233319814744732e+02,-3.648257934231875197e+02,-5.122803871188067433e+02,7.134037005035663981e+01,-5.096928824899846404e+02,-1.264380263790597922e+02,-1.171120723369075165e+02,-3.650879119493769167e+02,-3.690080137045251263e+02,-3.985669212219132191e+02,-1.999147684241137313e+02,-1.936183017866624141e+02,-3.751079680516713779e+02,-3.911685182069093116e+02,-1.450441720527578298e+02,-4.017898802570052794e+02,-1.457089719195538464e+02,-1.981329971389177445e+02,-1.373622048710180366e+02,-9.422040258331392693e+01,-2.177664325607524347e+02,-1.452144772848023990e+02,-1.366589009441918847e+02,-6.379650649314301347e+01,-2.949814883499731764e+02,-8.232326586633844556e+01,-1.679958340576083913e+02,1.043854725696107266e+01,7.836300538538651494e+00,1.511277524938172689e+01,-2.077974214096931860e+02,-2.371590393463551436e+02,-2.009658196799553593e+02,-2.075241369195495338e+02,-4.889493664207140000e+01,-4.169624440904699441e+02,-3.428078732068776162e+02,-9.470693339885065143e+01,-2.640687518872704231e+02,-2.413469556189996013e+02,-2.357173136252305312e+02,-1.285627611879714891e+02,-2.501072004234048052e+02,-2.007800224141438719e+02,-1.549837127634172305e+02,1.499584934350176013e+01,-4.548585806467896191e+02,-4.649181401063020758e+02,-2.015529660560360696e+02,-1.965170606334301624e+02,-3.052516091812951231e+02,-4.717962058185178194e+02,-2.963352177031713381e+02,-3.666375811451243862e+02,-3.933382387137223191e+02,-4.558744728541379914e+02,-4.669664302982018285e+02,-2.987954165383067675e+02,-3.544796560706270157e+02,-3.411331051931945240e+02,-2.529753349489134280e+02,-1.594020731976978595e+02,-6.759054288546428779e+02,-2.992238021518151072e+02,-2.613934181079710584e+02,-3.747336716583929501e+02,-1.811320414664905343e+02,-2.543235615081894139e+02,-2.889979847525781338e+02,-3.428947858557390873e+02,-2.146854433114219773e+02,-3.507091176086102564e+02,-8.060596799288640568e+01,-2.460716772054536818e+02,-1.254425357556601455e+02,-3.468304450049324714e+02,-2.524191809546924787e+02,-1.822192309133592403e+02,-1.124122314746137192e+02,-7.345253270734457374e+01,-1.470559286050424816e+02,-1.203161254631096426e+02,-2.479507589076696377e+02,-2.931353452766887813e+02,-2.250459434087485988e+02,-3.725567521707221772e+02,-4.688913659447119926e+02,-2.743002389858449988e+02,-6.199477054712713198e+02,-5.736744624674590796e+02,-2.781922200885788925e+02,-2.356532311499419734e+02,-2.281113411706894283e+02,-2.156510297061947199e+02,-2.712521704513065970e+02,-2.229161622442666726e+02,-1.604603296827743009e+02,-3.469915685441783353e+02,-4.279936729455428122e+02,-4.104949990172474941e+02,-4.755291114591451560e+02,-1.832678608343908877e+02,-3.647225860455615702e+02,-4.234418982068590367e+02,-2.385353013149190247e+02,-2.493766795993483925e+02,-2.783782891427484856e+02,-3.524733077869652220e+02,-2.520748104515264458e+02,-3.953170643062172758e+02,-3.761405716279622311e+02,-2.439660313252058756e+02,-4.167123794741942788e+01,-1.386494655354329666e+02,-2.446515008297884322e+02,-2.527409227100192197e+02,-4.088265492658292146e+02,-2.156349338125265263e+02,-1.424342293011681306e+02,-3.271008672596605038e+02,-6.468594684061633870e+01,-1.792155148734030377e+02,-1.641708404749740851e+02,-1.123676834664821342e+02,-1.961530463906334489e+02,-2.969544867019788512e+02,-3.505038886138540306e+02,-3.502184480203496975e+01,1.158511566580990859e+02,-1.005406030082945961e+02,-2.195047356764115705e+02,-1.333585588507234547e+02,-2.919517733457841757e+01,-8.139470204018313382e+01,-1.398458458377359079e+02,-2.882999355134855932e+02,-1.314653368078079154e+02,1.832903018388829821e+02,2.053797000172168339e+02,1.375131783564997932e+02,3.859946410709056863e+00,2.677572395231075006e+02,1.272747069675593821e+02,1.649267486429573921e+02,-7.096853322652421525e+01,1.193544803510773988e+01,-8.086870200051387769e+01,-9.704244481879624118e+01,-1.541131539745614987e+01,-1.065498916024555740e+02,-1.818007994115402823e+02,4.857149031556446062e+01,1.492902458679017457e+02,3.034423915450358322e+01,8.809559676789895377e+01,-1.422589926644862715e+02,-4.393316710409840198e+01,-2.306247331148754256e+02,-4.640075382794192365e+02,-1.717654578928545277e+02,-3.688745516521058789e+02,-5.239453382157687429e+02,-3.014079988806277015e+02,-6.019346618416553838e+02,-2.220102217029588019e+02,-3.477219738232284385e+02,-4.653962519568333391e+02,-5.514091498231998685e+02,-4.964942582688497623e+02,-5.011119643223419189e+02,-5.588781825505043344e+02,-7.076539258971876052e+02,-7.062446654572077023e+02,-5.706461097826655759e+02,-4.562352997482261685e+02,-5.644722439077470426e+02,-4.202997764259702649e+02,-5.822145608797457044e+02,-6.467725279142280215e+02,-5.703248232874594805e+02,-6.821980289381866669e+02,-5.470965353914913294e+02,-7.049490943983042825e+02,-6.152489034129770289e+02,-4.054607346436927173e+02,-5.465638394367747424e+02,-3.557671857747522495e+02,-4.520179086035088289e+02,-2.896969449940698382e+02,-3.442420056124457233e+02,-4.701664808024220292e+02,-3.429733888791161007e+02,-3.845504926249431037e+02,-4.452631567502370444e+02,-4.164324846083731018e+02,-3.055789709378556154e+02,-3.727121072569207172e+02,2.722498436024716284e+01,6.612717923879813497e+00,-1.796723828333227289e+02,-2.070055674792048421e+02,-1.892957013108613182e+02,-3.967251160312610523e+02,-4.462943458271107033e+02,-2.824001135966251468e+02,-2.931086480332079418e+02,-4.888979913963792683e+02,-4.888411143501795664e+02,-4.432994853531592980e+02,-4.169391854776632726e+02,-3.763813073489982912e+02,-6.183037544246151356e+02,-4.397088802991494845e+02,-4.455405069921456516e+02,-5.844660554029878767e+02,-5.169316331163028053e+02,-3.715082319760621772e+02,-6.613436090242466889e+02,-9.264205885938143865e+02,-7.666201057541532009e+02,-4.622337615130742847e+02,-6.553693990742240203e+02,-7.237766282114464502e+02,-6.762861380706514183e+02,-4.395365278392546884e+02,-4.684955986475587224e+02,-6.891617243189464261e+02,-6.350105548149789456e+02,-6.085457727245601518e+02,-5.508619988133312972e+02,-7.050176170663482935e+02,-5.876866541034660258e+02,-7.515454527854824391e+02,-5.050762722744858593e+02,-8.107023764798971115e+02,-5.120599348661455679e+02,-4.632766555960567985e+02,-7.215725522543887109e+02,-6.394981275435428643e+02,-2.991269586112260868e+02,-2.677625938720781278e+02,-6.144913858274740051e+02,-6.890426239449029708e+02,-8.807461659826601590e+02,-5.636138927217168657e+02,-4.105213831967510032e+02,-6.702130881491723358e+02,-6.747504738760410419e+02,-6.199922284340013903e+02,-3.663246363840333402e+02,-3.828073899126256947e+02,-3.206568113663522581e+02,-5.437759106396637208e+02,-6.742269674032902458e+02,-4.889550090976174488e+02,-5.118865584803440925e+02,-5.656460333155796434e+02,-6.440934248483063129e+02,-6.996021451175201946e+02,-7.549040174823663847e+02,-7.073381406040720094e+02,-6.823906300714602366e+02,-8.224801894108114766e+02,-8.317310759713407151e+02,-1.082340806559494013e+03,-8.051080451605021153e+02,-9.042898090012021157e+02,-9.146181119134050732e+02,-7.770389348215489917e+02,-8.888723533921229318e+02,-7.832776841841205169e+02,-7.956505937499618994e+02,-7.250878404953664358e+02,-7.804078557130399076e+02,-9.051117553705452110e+02,-8.317616372998777479e+02,-8.110080267439807358e+02,-8.477180970309727854e+02,-8.374064535432144112e+02,-8.432909705712456798e+02,-1.125495034739652965e+03,-8.651297261624464454e+02,-8.368523024606233776e+02,-9.859593582033346593e+02,-9.815701266626327879e+02,-8.377283350063535181e+02,-6.992176610028594723e+02,-7.520716564607598684e+02,-7.091755876350862309e+02,-6.798069248558052777e+02,-7.518889679160571404e+02,-8.511956971848492230e+02,-8.991107572261637415e+02,-1.031057464253747867e+03,-5.931997110422339574e+02,-6.132404188201201123e+02,-6.733555295839664723e+02,-7.028649282281194246e+02,-7.742538792818551201e+02,-4.675940546270730920e+02,-7.729659612140944773e+02,-7.511927206787310070e+02,-6.062522541357759565e+02,-5.931166582875237054e+02,-5.386501480534734583e+02,-3.385214981005192385e+02,-4.447413281345520772e+02,-6.582147552781782451e+02,-6.097447999712865112e+02,-3.925397724614278445e+02,-2.392151506726632419e+02,-2.962406497966591701e+02,-4.425266661430774775e+02,-3.198105657214384223e+02,-4.031264461435217754e+02,-1.101956273494637486e+02,-9.236993704503527169e+01,-3.209809723448453269e+02,-4.241054240760955736e+02,-2.370356599393120405e+02,-3.113493958396013568e+02,-2.051435678548542398e+02,-3.780865078055096262e+01,-1.895236809886657170e+02,-1.669384851702254480e+02,-1.395699612125835358e+02,-1.096578871683932448e+02,-1.254152414993783111e+02,-2.946076655909870396e+02,-1.064039023588496775e+02,-5.999454149801910319e+01,8.419063366750714295e+01,-2.597794836031545174e+02,-4.117687980911330214e+02,-1.130044069793590609e+02,-4.063740988462330961e+01,-6.887774391535695884e+01,-7.455730592649550204e+01,-3.108401900211152906e+02,-3.171924783813707904e+02,-2.253098277873783957e+02,1.148291679039341773e+02,2.101381802682056730e+02,-4.621290516387397247e+02,-2.326062960057535633e+01,-2.108441486603916246e+02,-9.547800243818056742e+01,-4.587611949056957883e+02,-2.774318366264792530e+02,-2.396372565804515204e+02,7.900599750304448321e+01,2.453616150645024163e+01,-2.651998948801395954e+02,-2.963963717238647746e+02,-1.524582168609267967e+02,-3.632698732178317869e+02,-7.328441059440976346e+01,-2.571792431598676103e+02,-2.375527185076201988e+02,-2.885090460563394572e+02,-3.778495247703406221e+02,-1.799425818403725259e+02,-5.393509748731432865e+02,-1.851551376152141017e+02,-1.712800215810438260e+02,-4.256570582561960805e+02,-5.253324391966625626e+02,-1.166672453015667088e+02,-2.028676024023671118e+02,-3.932305016207938024e+02,-5.721843871578755625e+02,-6.559744310667595073e+02,-5.334690082470804100e+02,-8.229905453788931027e+02,-6.649279738784128995e+02,-4.916355772451868233e+02,-6.847766272385847515e+02,-4.193843514349685506e+02,-2.928802059713839299e+02,-3.156137406000065084e+02,-1.268414604875918030e+02,-6.650168205021858512e+02,-4.138673167433837534e+02,-1.701266363041217460e+02,-3.247080938129345782e+02,-4.919521311275764219e+01,-1.202397385317389649e+02,-8.124615253283292304e+01,-1.047486798911776305e+02,-1.040288266204900651e+02,-6.489706526904876682e+01,7.428986766971598854e+01,-5.926454150001779908e+01,-1.493853766031891155e+02,-2.877670196647269449e+02,-1.243420792637984960e+02,-2.591406434728452268e+02,-3.219691452942336696e+02,-3.277516543332629908e+02,-5.154568423420141698e+02,-3.341966539628998021e+02,-5.466830804709079530e+02,-1.774159436698843137e+02,-3.253763522976048534e+02,-3.608563458005058919e+02,-5.766031924958236914e+02,-5.833157224416063400e+02,-6.121447207735049005e+02,-7.485480862206246684e+02,-7.712308955913451882e+02,-4.788534712995055997e+02,-3.981332054547490316e+02,-5.374099286741568449e+02,-6.650093492647243920e+02,-4.837467028326478271e+02,-4.529236965586537735e+02,-3.337467850018499576e+02,-8.401970827485008613e+02,-3.735873313162082923e+02,-4.599132470672342379e+02,-5.941923590083742965e+02,-5.380284045641241164e+02,-3.204868186770758030e+02,-3.496579874354038111e+02,-3.181184053418742224e+02,-2.209452606264733276e+02,-3.634872479462195543e+02,-3.253948934675333362e+02,-4.456603534896772203e+02,-2.315369619486753834e+02,-2.893148463671000172e+02,-4.942254524067148509e+02,-3.086026649173963392e+02,-2.682186899679063004e+02,-4.382179969124321133e+02,-6.066135574029927966e+02,-7.907060125257820573e+02,-4.887310608842522015e+02,-4.260165370011673076e+02,-6.047337412424913055e+02,-6.502764437234361594e+02,-2.146930677065572013e+02,-1.534428049012031749e+02,-1.951370354766320929e+02,-4.744844014210002570e+02,-4.096650073551900277e+02,-4.659581412572468366e+02,-2.263748010535186097e+02,-6.442841162483002790e+02,-7.382744315785719209e+02,-6.291439157178933783e+02,-3.304364644793350863e+02,-2.936550797205131857e+02,-9.441879227954780163e+01,-2.015033345171628127e+02,-1.945793352620756878e+02,-4.680551506947448388e+02,-3.085339478543044152e+02,-4.556952316913723848e+02,-3.078712741237806085e+02,-2.902241467549329172e+02,-2.353193460000217669e+02,-6.473495317413303383e+02,-1.159123341383643492e+03,-1.025960581818444552e+02,-5.383866491729695554e+02,-2.826275069880996966e+02,-3.456205620407437209e+02,-1.220681747896496034e+02,-1.797595308879505183e+02,-2.841732857913178236e+02,-3.557225997525248999e+02,-2.430995153380583815e+02,-2.738334770284275805e+02,-4.956505062289005537e+02,-4.671892674337977382e+02,-4.056019178798411531e+02,-5.047579105537593023e+02,-1.381541628050040629e+02,-1.697151270320163121e+02,-6.725962375860510178e+01,-2.250033178089312855e+02,-3.998437180889687284e+02,-1.954266838597936271e+02,-2.853722260799328296e+02,-1.725080585545744611e+02,-2.790616352820342172e+02,-8.793350969394981576e+01,-2.471227787375956382e+02,3.398069077575888741e+01,4.076696303024537542e+02,-4.871885558519795723e+01,-3.000521935464075796e+02,-2.775362477884913233e+02,-1.963729589540828329e+02,-4.615042429837533859e+02,-6.613368579930745454e+02,-4.820385185314279397e+02,-6.210736855769242766e+02,-5.617392126976160398e+02,-3.477045211255133950e+02,-4.873625559744913289e+02,-6.248942594992747672e+02,-7.873215912745727110e+02,-1.286476185271460963e+03,-7.928548586996257654e+02,-8.452556207687813412e+02,-8.373663897355943391e+02,-8.700543969569644105e+02,-9.419486330901618203e+02,-1.180831091034980318e+03,-1.447363907225980711e+03,-6.998106464467432488e+02,-8.270988779402900946e+02,-8.312004077513147422e+02,-8.224148286524675768e+02,-1.046050817782443119e+03,-9.559134601391922388e+02,-1.156013116301183345e+03,-7.494430069999463058e+02,-9.779065803144053461e+02,-9.605044495031324914e+02,-1.081118551288837580e+03,-8.604414130884005090e+02,-7.477583244591752418e+02,-6.212696368076310591e+02,-8.177443595197128161e+02,-8.684639761084399652e+02,-3.808296682288681723e+02,-3.098038316946308441e+02,-3.642520562720208090e+02,-2.427361343965623064e+02,-3.761417735168685113e+02,-3.099165281649480335e+02,-3.874784941444416404e+02,-6.727985204428240422e+02,-9.947316132341222783e+02,-7.987016344681118198e+02,-5.599892930197613623e+02,-4.109353723956838849e+02,-6.168826504294931965e+02,-4.097125733637798248e+02,-3.913107760088245186e+02,-3.409078126361573595e+02,-4.318206954438762182e+02,-3.097857274765264606e+02,-5.938488323992182814e+02,-7.141561228362789961e+02,-6.896846692516551229e+02,-4.584289545339627239e+02,-4.668309288878830330e+02,-4.427453453316627474e+02,-3.128269239408802491e+02,-2.638865653397005531e+02,-2.546886155120231763e+02,-2.646082798653070540e+02,-2.874677106998832414e+02,-3.926956130105376133e+02,-5.732731043698315716e+02,-4.751310694608566223e+02,-4.948849855279530630e+02,-3.685469375376803782e+02,-2.039727374252403536e+02,-2.264508747189925657e+02,-6.396604286814580291e+02,-5.591684421039910831e+02,-5.555079373681180641e+02,-2.868920289300433524e+02,-2.745110388755321082e+02,-3.087008269259167150e+02,-4.213333012077007993e+02,-2.750980785797300996e+02,-3.119450282165173576e+02,-3.993233181147899131e+02,-3.626505360144716406e+02,-2.214598245867610444e+02,-5.971626969345970792e+01,6.690200700325613070e+01,-1.030655358121427980e+02,-2.241379143789720558e+02,-1.757625784641794553e+02,-4.239825074780836758e+02,-4.520786764447059340e+02,-1.722339754090210988e+02,-1.919913376350522185e+02,-2.228077520711437671e+02,-6.753868828202607233e+01,-1.037758193535840405e+02,-2.087594285218739003e+02,-2.807826159084593201e+02,-4.716449184060830930e+02,-2.544430573196690375e+02,-5.410603107726443568e+02,-6.402647143388949189e+02,-5.136902007889909783e+02,-3.584706945267619176e+02,-4.203371834013460102e+02,-4.862299746087368248e+02,-6.026395760386742495e+02,-3.809630759055550016e+02,-2.927202699166042521e+01,-6.210600532882403968e+01,-1.321463669328379922e+02,3.201474355685559203e+01,8.279412520095405625e+01,-4.104398336015754012e+02,-3.438015107273714648e+02,-5.090168342641015897e+01,-4.619809836087338226e+02,-2.079328881634960169e+02,-1.680137959099428429e+02,-8.528873135874164291e-01,-3.799765213497247487e+02,-1.899562634797949272e+02,1.116242207738262096e+02,-1.398979168322017586e+01,-1.947631026127077973e+02,-5.596434126786441539e+02,-5.612438751860261164e+02,-5.246917524538878297e+02,-4.169427291007446001e+01,-2.434387784172561737e+02,-6.434670768363088200e+01,-2.711157776233257550e+02,-4.322666659383733645e+02,-4.380371578614774535e+02,-3.585414255430624735e+02,-5.067067925505274957e+02,-3.804659889331184104e+02,-4.237504906717210815e+02,-2.631404085416889984e+02,-2.290019071408515003e+02,-1.832603406281640162e+02,-3.187105896230444273e+02,-1.942145142897021515e+01,4.213219376571919383e+01,6.913691373963277442e+01,3.385988283620770858e+02,3.136303238724939320e+02,-2.562985668378024684e+01,2.228384726483639326e+02,6.899177418007616325e+01,-1.956408185420613108e+02,-3.072109494020781995e+01,2.661588922877041909e+02,2.862561566623872409e+02,-1.749760434712852089e+02,-2.627498977353553755e+00,9.608213545130453781e+01,1.848733586466530312e+02,-3.493079173206538712e+01,-1.215770832103850410e+02,-3.506970327555783342e+02,-2.324258991583413660e+02,-5.874758704480020697e+02,-2.601486305615360379e+02,-4.005481024215605430e+02,-7.293385222448014247e+02,-2.289601919342617293e+02,-4.321071392945781326e+02,-1.315193957139310044e+02,-9.053498095476314234e+01,-3.188912455112335920e+02,-6.451233273749310229e+02,-5.685496608013487503e+02,-5.621103191345545156e+02,-7.182279451481291517e+02,-3.619322872190235216e+02,-4.474398472823779116e+02,-5.430210772943918300e+02,-5.767028179139558688e+02,-6.637163724711041368e+02,-6.299685252332810705e+02,-5.883352565357960202e+02,-6.593338949607752966e+02,-2.859203670931934766e+02,-2.869361102858910044e+02,-3.690185968531239382e+02,-7.206790125655682004e+02,-3.668539448615017022e+02,-7.070616583071011974e+02,-6.618040606080148791e+02,-3.697242189615857342e+02,-8.835051407952006457e+02,-5.482688339700742972e+02,-2.701954779359492704e+02,-4.292032481898618812e+02,-2.414045009734688563e+02,-2.127324690707776824e+02,-3.158495630655964419e+02,-1.566680093466101766e+02,-3.302315444418034645e+02,-1.624728032697658762e+02,-3.276127921720138261e+02,-4.156261060454074254e+02,-2.009683243420552117e+02,-4.122666411190151621e+02,-2.265419199148653320e+02,-1.566051132621014403e+02,-3.949106070062964591e+02,-1.365761392555505154e+02,-1.317609793930529918e+02,-2.840858592653881942e+02,-3.554385539520934003e+02,-2.006095350365278591e+02,1.163334517400073764e+02,-1.223849639655128385e+01,-1.772948272322483376e+02,-1.198237784354033124e+02,-1.273659397177822541e+02,-1.850598183163415911e+02,-2.312196548068436641e+02,-2.594962947757753682e+02,-2.536736514092739583e+02,-7.154332764737756634e+01,-4.322076079864975782e+02,-3.952288310157618980e+02,-3.711610818921204782e+02,-4.610249479110710240e+02,-3.277269480359396425e+02,-4.037435433567311520e+02,-3.524235673239359130e+02,-3.919275448738926571e+02,-4.365202844280600516e+02,-5.062758556065604125e+02,-3.842019947690116624e+02,-3.626923146123457968e+02,-3.626723520553462095e+02,-4.880046651758732423e+02,-4.467596058744902052e+02,-4.413525723957900482e+02,-4.728483889179069593e+02,-3.893620728280963021e+02,-5.854032233253394679e+02,-6.172780346241174811e+02,-5.004348739749822244e+02,-6.265940785673544724e+02,-3.613091254972541719e+02,-4.237292861198038736e+02,-5.660764410866077014e+02,-4.128604498224237318e+02,-3.337199769722532778e+02,-5.812656464234285068e+02,-4.892657081804687778e+02,-4.381966327619551862e+02,-3.914082378676069425e+02,-2.104186364024158991e+02,-2.349518645230909328e+02,-3.301219321833464164e+02,-2.273498646162005912e+02,-3.983769886580054163e+02,-2.661097686667800417e+02,-4.853648916530040083e+02,-3.843939437274569855e+02,-1.855360253247474134e+02,-2.367291538678722134e+02,-2.020965045478125717e+02,-1.575262316822575599e+02,-2.867265743557325095e+02,-1.524542444296694157e+02,-4.422025418195243560e+02,-4.341221343364558152e+02,-3.280548551808221305e+02,-2.469447322567573622e+02,2.927044591535458835e+02,2.983874020794229409e+02,1.073735575630361723e+02,-1.313577066233751793e+02,-5.475768557678873805e+01,-5.952524742869675123e+01,-1.856857920449744483e+02,-2.015538134674026765e+02,-4.897863688456105535e+01,-9.348286368977093730e+01,-5.645929262685294816e+02,-1.239637705828666014e+02,-5.643249164490393355e+01,8.627109684446739379e+01,-1.609859816373671038e-01,-2.686785632611509413e+02,-1.272444700701006326e+02,-3.440214424832220175e+01,-4.092927498075555945e+02,-2.969122152738957539e+02,-3.065439211289294121e+02,-3.940768885375302375e+02,-3.242315800616679553e+02,-3.965488887343875035e+02,-4.900118925823902600e+02,-4.400173390689657538e+01,1.926468321956593002e+02,4.552749915910540039e+02,-1.138413981486856130e+02,-2.713916049947499118e+02,-3.054780724985067764e+02,-3.798881812061280812e+02,-7.570668266767208934e+02,-5.444318870926524596e+02,-3.251697355936940994e+02,-2.620676986495672054e+02,-2.834635302064633038e+02,-3.192293645136921896e+02,-1.127380774923490634e+02,-1.746632045369947832e+02,8.700117813773077557e+01,-4.590996176738201484e+02,8.753776768682094200e+01,-4.854743704536305131e+02,-5.981050963598099770e+02,-6.202953321304087240e+02,-5.785867657556955237e+02,-6.043939589598480779e+02,-2.993816820310784692e+02,-1.152085117982538804e+02,-5.203060358150974025e+02,-4.330348910541687815e+02,-4.568848861808972970e+02,-4.618346572253214504e+02,-3.564960665757103015e+02,-2.553154290985348780e+02,-4.077917282486201884e+02,-3.745346165468345703e+02,-5.088850716823219500e+02,-6.735578219029532647e+02,-3.676206006819317054e+02,-1.993508626581139822e+02,-3.263949662066304995e+02,-2.770984994171458311e+02,-4.625843932116894166e+02,-2.278854521533156117e+02,-6.423691578468819898e+02,-3.524840665638504333e+02,-4.275440631582101787e+02,-1.084089494278545658e+02,-2.770158650103994660e+02,-3.088905872336779339e+02,-9.554071070251222864e+01,-5.082793277260822151e+02,-1.380704243030264706e+02,-3.008436514190201478e+02,-2.024283988238157121e+02,-2.594148132352347602e+02,-3.840717625774992712e+02,-3.325299606381617536e+02,-5.289515507413548221e+02,-3.556761209803555630e+02,-5.516391059390984992e+02,-4.103440886445688420e+02,-1.791129105453519514e+02,-4.300291851754469121e+02,-1.828866140462223484e+02,-4.145449236294081174e+02,-2.569881602889219607e+02,-4.022324729049983603e+02,-3.605761077717610306e+02,-5.008694103774453765e+02,-4.499372856196729344e+02,-3.619971929010072245e+02,-3.492189470006669580e+02,-6.503805853550088614e+02,-6.804048314771043806e+02,-4.215861049283257103e+02,-4.528313119851258080e+02,-2.531712724781141901e+02,-6.300397991752805638e+02,-4.299674617557136003e+02,-3.111312024243940186e+02,-4.809507441718304790e+02,-6.050342180197009156e+02,-7.691737508474357128e+02,-6.735866085585457768e+02,-5.239387708704070974e+02,-4.519615937746123677e+02,-3.049617896662515477e+02,-1.940650339245198666e+02,-2.841517079433418758e+02,-4.304356478978461382e+02,-3.019127315907634852e+02,-5.465907966610867561e+02,-2.530523150466054290e+02,-2.994094865009735713e+02,-2.022790648078297977e+02,-3.725776733056355852e+02,-4.695423350646008203e+02,-1.856072981639042325e+02,-2.657275245812866160e+02,-1.967194877149703416e+02,-2.012164923182501468e+02,-1.824753514047125975e+02,-3.948618876856380666e+02,-3.812891357243242965e+02,-4.522305397344863422e+02,-1.607910142194541550e+02,-4.482959819135633097e+02,-3.627320610881422454e+02,-1.971504958688677220e+02,-3.578319526597995832e+02,-6.703224535816698335e+02,-1.925866789444120286e+01,-4.435995259066305607e+02,-2.855539798744107429e+02,-3.311566608226778499e+02,-1.326638399170204536e+02,-4.513055862519656216e+02,-3.276997708195582391e+02,-6.004659013907548797e+02,-2.593986263339123184e+02,-2.806573749273238150e+02,-3.762048141807532602e+02,-4.588530745649838991e+02,-4.472542260115752697e+02,-4.614327588359054744e+02,-2.356404713182903947e+02,3.669852940964204890e+01,-9.867144404255313361e+01,-4.612046917965031412e+01,-1.901037470905353644e+02,-4.927216478969205582e+02,-7.117411107998457283e+02,-8.009768793008267949e+02,-3.696859706659860194e+02,-4.189625497973297570e+02,-3.907609422973700362e+02,-4.844141442623579223e+02,-4.846257970733661864e+02,-4.113913810451319364e+02,-5.891827993677496806e+02,-4.212656471109569907e+02,-4.971582601088102251e+02,-3.208746681641051737e+02,-5.068431990729337713e+02,-4.098895785886953149e+02,-7.544695302225070463e+02,-6.786293218231423907e+02,-5.473746458493831142e+02,-3.854015875317060136e+02,-3.607852787248531286e+02,-3.146125231901492612e+02,-5.701589752082074938e+02,-4.598316078013136803e+02,-4.148983058776410076e+02,-2.245830489100677028e+02,-4.466107590798678189e+02,-4.716558597366611139e+02,-4.547568430583665418e+02,-4.234762309485146261e+02,-4.177406198369713479e+02,-4.529642179944056579e+02,-2.935873223668208993e+02,-1.863653716393363311e+02,-3.401140590525061498e+02,-2.908209652565484475e+02,-2.570600996238022731e+02,-1.922351020860453730e+02,-2.980119755806229023e+02,-2.261531505911231363e+02,-4.396552425522945668e+02,-1.569433836876776809e+02,-4.445012782641708782e+02,-1.630093625772955477e+02,-1.345113304463596933e+02,-2.834047868695487296e+02,-2.403740389503227561e+02,7.477020374906966538e+01,-1.972530599826699813e+02,-1.623094004052957757e+02,5.159035502449423660e+01,4.819387326462474164e+01,-1.320003728622188532e+02,-2.936722609323365987e+02,-1.855807548141751795e+02,-1.791090660401686421e+02,-3.123150355541940826e+01,-2.569816335469287196e+02,-5.822301562312922130e+01,-9.759097457771693485e+01,-2.611993032706353688e+02,-7.404705590647751023e+01,-2.014405536514918822e+02,-3.825201257513197106e+02,-5.419500960322232004e+02,-3.977319756447764121e+02,2.349342766513739633e+01,-1.679790757282425488e+02,-2.667909592228633073e+02,-4.719502719786309513e+02,-1.464910446651904579e+02,-3.873886549037761142e+02,-1.633962678054322168e+02,-5.715513020624779017e+01,-4.191674031694201403e+02,-3.089135679893901170e+02,-3.501999103574083847e+02,-2.376110226589337060e+01,-1.806706462368983352e+02,-2.245544932763795032e+02,-2.201756803732560002e+02,6.221340360886358667e+01,7.023567962146529453e+01,-2.688203141445129063e+00,-3.307303307851647673e+02,-9.157039357975696703e+01,-9.888177801390193622e+01,-9.394528538038630927e+01,-7.609532235990207027e+01,-3.181384260466738851e+02,-7.451709779269407363e+00,1.865074333430029867e+02,1.126283495342081977e+02,-1.410563995290087576e+02,1.748021580355194828e+02,1.501042907995181679e+02,-3.754718592615739681e+01,-2.095465911620203769e+01,-1.201693125005735538e+02,-8.837043920820265441e+01,1.626839785763434918e+02,-8.189666085063583978e+01,1.218097755105384294e+01,1.174869537498168057e+02,-9.061063829193875563e+01,-5.652696497277750609e+01,9.319358155543467603e+01,2.557169781194365044e+02,-1.966118667617465405e+02,-2.121284730236365590e+02,-1.699985023357468776e+02,-9.128185071064081058e-01,-2.331599253040245685e+02,4.842355242825334471e+00,-4.618042818602836519e+01,-7.807632869601374637e+01,-2.667415639669189886e+02,-6.856958071400259769e+01,-2.231022000071119749e+02,-8.373357837692044825e+01,-8.671725351134062976e+01,-3.062773769609437977e+02,-2.729740812352618491e+02,-4.080547325828878229e+02,-3.834690116672559270e+02,-4.111696263576760657e+02,-4.477594232133009200e+02,-2.349273571201389359e+02,-3.499638491594279230e+02,-2.123325527414941121e+02,-9.859141720524701213e+01,-2.977346401548896893e+02,-2.753369888340796479e+02,-4.414063693153406689e+02,-4.061737338610008692e+02,-5.836681122008626517e+02,-2.867953564450921249e+02,-3.384780926203994227e+02,-3.235947886380889713e+02,-4.099948503493845351e+02,-3.837299692035934413e+02,-1.641775586607860760e+02,-2.311013045769201142e+02,-2.665737302515781266e+02,-3.479922213968160918e+02,-3.011157359442768779e+02,-5.065103713234008751e+02,-3.712570435763998375e+02,-1.991572560046055855e+02,-1.265392708728600724e+02,1.363767670744721272e+02,1.786360450661065897e+02,2.051967391517376882e+01,-3.841548948922678619e+01,-5.960798696234206773e+01,-7.864220507315752684e+01,-3.858189330937336763e+02,-2.626872670681799491e+02,-2.674135384873796966e+02,-1.538396950482102454e+02,-4.100179001638840646e+02,-4.103392264110901806e+02,-1.359404317430687001e+02,-3.677951528807242312e+02,-2.462016954166345499e+02,-4.850812657487426804e+02,-6.310264507171868900e+02,-5.796326746679080770e+02,-5.094270503320952912e+02,-5.515793016697309668e+02,-3.618108540305836982e+02,-2.531648063548119580e+02,-5.583746613628475188e+02,-5.364709055590290063e+02,-4.896636932989168827e+02,-7.797310209806685180e+02,-5.569378150339764488e+02,-3.195076943934420797e+02,-4.186636073747815203e+02,-5.239647325272578655e+02,-7.038255015869299314e+02,-5.466682141247006257e+02,-6.637456548817061730e+02,-3.633446700959617033e+02,-5.447926209280285548e+02,-5.348751088857545710e+02,-5.608108021303337409e+02,-5.806356265136314505e+02,-6.215282156207579192e+02,-4.570945134242040240e+02,-3.332622103272339587e+02,-2.240729619369389525e+02,-5.349512920879994908e+02,-3.513623756727963041e+02,-3.953108872503774478e+02,-5.355971833525233023e+02,-8.938186533623506875e+02,-8.498438081021470225e+02,-5.394943464214263713e+02,-5.750765586007294132e+02,-8.906242706015184467e+02,-3.304793322118159722e+02,-5.765723291452231933e+02,-5.004974012578165912e+02,-7.510078478824736976e+02,-4.113784388413702686e+02,-1.532801523448224259e+02,-7.116570448064593393e+02,-7.032183197823708269e+02,-6.244713780524762115e+02,-7.054223408031209601e+02,-7.047555732464124958e+02,-6.478789008795558857e+02,-6.243704331549670314e+02,-6.832979193360649788e+02,-7.670098957532055692e+02,-8.125910319115321272e+02,-6.614337775984515702e+02,-7.468887055405671163e+02,-7.921339302003107150e+02,-9.713572923729844888e+02,-1.329207905975142012e+03,-8.875154276870052854e+02,-7.931617175495205174e+02,-7.209057390608118112e+02,-7.885998386046732094e+02,-9.292634114597273083e+02,-8.487791186278143414e+02,-8.753429760817341503e+02,-8.957788311395294159e+02,-8.317872205490475608e+02,-7.410123798672445901e+02,-9.416875784867343100e+02,-9.877896632446650074e+02,-7.475673130485456568e+02,-1.339031296645709062e+03,-1.044555007307430060e+03,-8.545293726907459586e+02,-9.642619629792387741e+02,-9.186352806842673999e+02,-9.780900169862975417e+02,-9.574037321268167489e+02,-9.348771389127873590e+02,-1.035354870197598757e+03,-9.729139647418907089e+02,-8.595046286645876989e+02,-9.909875167856696407e+02,-1.092149943446305770e+03,-1.263285925735352521e+03,-1.156656523914560012e+03,-9.288688752264006325e+02,-8.958031263046727872e+02,-1.009264781233398367e+03,-1.009072440822431872e+03,-1.061677433196683523e+03,-9.964193267871814896e+02,-1.075766188389552326e+03,-9.118999470616173539e+02,-8.862530540130269401e+02,-9.719214637156491108e+02,-1.157757363453212747e+03,-1.040593420606694053e+03,-1.033721452514603925e+03,-1.202387349881795217e+03,-1.055003363367594602e+03,-6.556773483290724016e+02,-3.501651594989701834e+02,-3.628726568353599191e+02,-5.478646186610352515e+02,-6.004644348979525148e+02,-6.476729665299264980e+02,-7.422748573208914422e+02,-1.014032340401540864e+03,-6.065789075947520814e+02,-6.053702750888546689e+02,-6.391374170213854313e+02,-6.845453305248820470e+02,-6.759286231060350474e+02,-7.636710782534480586e+02,-8.822815650991076382e+02,-8.556268777289064928e+02,-6.679617206601672024e+02,-9.810272989261236489e+02,-1.200501373582843826e+03,-9.890558827195580989e+02,-9.592098928049596225e+02,-8.951484122110236967e+02,-1.049453178416024002e+03,-1.162367185925572358e+03,-8.000783982060211201e+02,-7.034688802719981595e+02,-7.778039588088097389e+02,-9.911069316502430411e+02,-9.290580485463442528e+02,-6.896695261004654185e+02,-7.268997482349195707e+02,-6.858059726116555339e+02,-6.030410682931153588e+02,-8.809249908240564082e+02,-6.412815764066820066e+02,-6.355156414497560036e+02,-6.413251090854914764e+02,-6.623351010698650043e+02,-4.952390624019915322e+02,-5.601290517693634001e+02,-1.158272097696907622e+03,-1.080209214719348438e+03,-7.257087110230731923e+02,-4.561328416123391207e+02,-4.385981693485289270e+02,-7.448177780760021278e+02,-4.456361572177082735e+02,-2.872264123706218015e+02,2.952321687972494146e+01,-1.932610320214405419e+01,-2.150699282224350668e+02,-9.587751749606854901e+01,-2.535566382952341087e+02,-3.453548831736155194e+02,-2.546766945373395288e+02,-2.642718493192733149e+02,-3.570998187687484915e+02,-3.802261449672509457e+02,-5.550396905650782173e+02,-6.887519332975746238e+02,-6.714358317598605481e+02,-7.831423298425767143e+02,-9.834891970723043642e+02,-1.366201202518634545e+03,-1.352328497150051817e+03,-1.234762167740750783e+03,-1.253431227819442029e+03,-1.305781545505721169e+03,-1.284312862774018413e+03,-9.042312676082387952e+02,-8.449285612639489500e+02,-1.061782664277625372e+03,-9.449071018450933934e+02,-7.427771851669997432e+02,-6.517302659809279248e+02,-5.760694137741239729e+02,-8.511993424828506249e+02,-1.198805010290354858e+03,-7.961956884620163919e+02,-8.991356148768239791e+02,-9.460355862329313368e+02,-9.657981778621310696e+02,-1.058050926859603351e+03,-1.192939960913114646e+03,-1.019429608867360230e+03,-1.303300528548131751e+03,-1.495004007152462236e+03,-1.166161743154154919e+03,-1.512847864114414278e+03,-1.192178244653742013e+03,-1.425229369671514860e+03,-1.305269189256520121e+03,-1.288713577960868633e+03,-1.250392140531350833e+03,-1.298154236211592206e+03,-1.847731453380107041e+03,-1.760878950499993152e+03,-1.353215645030900305e+03,-1.168928379464279260e+03,-1.111734846626759690e+03,-1.560430710871371502e+03,-9.985062574538425224e+02,-9.610917960104463873e+02,-9.664657810894436807e+02,-8.627063775505007470e+02,-8.044021995674504524e+02,-6.010034122120439406e+02,-7.860850088953984596e+02,-6.358706610495012228e+02,-5.615784228109708920e+02,-3.690439890812536987e+02,-3.304477644786522319e+02,-5.341777589121156780e+02,-3.278126290354725256e+02,-4.230294268150706785e+02,-4.215774905644799446e+02,-5.399351810173709509e+02,-5.465882682526937515e+02,-2.396747564173750789e+02,-4.378913861737464686e+02,-2.923670012236821094e+02,-3.132203624521981737e+02,-5.439399317059553596e+02,-5.050886248353311885e+02,-5.359966707916817086e+02,-3.322739015975329266e+02,-4.726084119764210527e+02,-5.136455863127156363e+02,-2.862475120799149408e+02,-2.199986590235800179e+02,-1.871149269532731125e+02,-1.389554385359967910e+02,-2.764748486386069430e+02,-3.849277163814577989e+02,-6.989510779556046600e+02,-1.075985703172519379e+03,-6.633022681250205324e+02,-2.748495998389702777e+02,-3.924647876474038526e+02,-4.902044180693123394e+02,-4.846096368046544285e+02,-3.654993436029238865e+02,-6.229093233178332412e+01,-4.784573976464361067e+02,-5.549709434502101431e+02,-8.008476616588732213e+02,-6.850688662036512824e+02,-9.940936625983039221e+02,-7.047608423644080631e+02,-6.991207878680065733e+02,-9.700914053533708739e+02,-8.592070909251756348e+02,-1.078615364560185753e+03,-5.769139468594456730e+02,-7.881288582334721013e+02,-5.955932835709327264e+02,-7.550428930942912302e+02,-5.430183544114861434e+02,-7.349238027201115528e+02,-6.807912266764815286e+02,-7.171326919344273847e+02,-6.430857930439710799e+02,-4.629025932336930964e+02,-6.957078534462117432e+02,-6.662726876676349548e+02,-6.009839604561461783e+02,-4.274582422205391481e+02,-4.070826019711482218e+02,-5.516893927689736756e+02,-5.527335543294645959e+02,-4.172935025382870435e+02,-4.835854820549722035e+02,-1.748417875926573117e+02,-1.538920227320797380e+02,-4.361364753019987575e+02,-6.256500320474099226e+02,-6.902085466532803366e+02,-6.105107547694717596e+02,-4.706750463340181341e+02,-2.266455597623506435e+02,-4.220692934167016688e+02,-5.096180764542334032e+02,-7.020519054941573813e+02,-1.053713575201658387e+03,-6.061509012776690497e+02,-5.670330421612716236e+02,-1.124058954097871720e+03,-7.651196897825113865e+02,-1.134327796687321552e+03,-1.184532997233324068e+03,-1.137284326983204437e+03,-1.189139775381726167e+03,-1.394526104176583885e+03,-1.533724582636841205e+03,-1.537987292058188814e+03,-1.857400433280682137e+03,-1.577847883336640507e+03,-1.159203190838770297e+03,-1.279809329683195301e+03,-1.358589328321531866e+03,-1.331418054980311808e+03,-1.377273905473130071e+03,-1.671732559306712574e+03,-1.389598851680334974e+03,-1.451082236300441764e+03,-1.459471750051685831e+03,-1.266952464263220008e+03,-1.481998305594033809e+03,-1.312122230850945698e+03,-1.353066196961961396e+03,-1.517854756939870185e+03,-1.389279252139178652e+03,-1.155696792651740452e+03,-8.632867001259819517e+02,-8.019087312312896074e+02,-8.720442174561220554e+02,-9.527004414804912358e+02,-6.844376787909984614e+02,-4.224615435097486511e+02,-6.204520868598542620e+02,-5.525995139074404960e+02,-5.670312271098256360e+02,-4.455192432161932743e+02,-2.247414428867701588e+02,-1.991970230361495453e+02,-2.834656325041115679e+02,-2.431278425798261651e+02,-4.766713683127442209e+02,-3.445948245177909257e+02,-2.873821987641423448e+02,-6.503890775580173340e+02,-9.630604740361444556e+02,-3.377416006671895730e+02,-3.676397523074260789e+02,-6.461943085427541291e+02,-7.023471051276553681e+02,-4.875189639185217629e+02,-4.860533093032407805e+02,-6.996143244643233174e+02,-5.990348214131363420e+02,-4.536871368246357861e+02,-4.825707531293357420e+02,-2.889705612557694394e+02,-3.425696321056622082e+02,-3.028373313324171932e+02,4.630971256970121885e+01,-3.714968177745319053e+02,-4.516625887003105504e+02,-3.608179194938294359e+02,-4.440046340373088469e+02,-4.318288610875432596e+02,-4.962701873191267623e+02,-2.446220593833225223e+02,-3.148282408817343025e+02,-4.560356829185853940e+02,-4.538317269114501755e+02,-3.643448293197120620e+02,-3.861739147172061166e+02,-4.202977468455375742e+02,-2.413690355062211950e+02,9.055079599833845805e+00,-7.024072018317042421e+01,-2.174584455858725107e+02,-8.336758525889445082e+01,-8.499445733144733595e+01,-4.925545075337391836e+02,-8.272106542284473107e+01,-2.892360639709916654e+02,-5.966977865788968529e+02,-3.193565743505587307e+02,-4.348425186583174877e+02,-3.287550928867771063e+02,-4.155009028738773509e+02,-5.990196456080639109e+01,-1.860473419537026984e+01,-1.006308084769468110e+02,-2.509166797078286493e+02,-4.136123425075880959e+02,-2.529452909599040709e+02,-1.705988110990452071e+02,-4.238105321395614169e+02,-2.886756410258380470e+02,-5.242470742407863327e+02,-5.373982578687283649e+02,-6.595007913056883808e+02,-7.071234072122346106e+02,-7.114550839675914631e+02,-8.295228907890751771e+02,-1.262468891852257912e+03,-1.160266177373823439e+03,-7.364124889907726583e+02,-7.454087416135598687e+01,-4.867487261723993015e+02,-5.717357759701907298e+02,-3.957944366217802212e+02,-8.299584268055834855e+02,-9.074889155866585497e+02,-9.808553549896403183e+02,-9.473850988713790002e+02,-4.516796769716678455e+02,-3.702578408059721369e+02,-4.396378725603993303e+02,-5.133546042848527122e+02,-3.795024960078475260e+02,-4.814795906547609547e+02,-5.425178925258991285e+02,-6.372907845453257778e+02,-8.961481801278741841e+02,-7.104028590196559207e+02,-8.726640767121825775e+02,-1.049760844575774627e+03,-8.149355200798715941e+02,-3.680174367668116133e+02,-4.843146417491728926e+02,-4.317096872565875856e+02,-6.240755453154141605e+02,-5.130863690030365660e+02,-6.207111079420740225e+02,-1.089588407368341450e+03,-7.109142359917582326e+02,-7.523944462714689507e+02,-6.065145972035526256e+02,-4.848782192015642636e+02,-2.908866875365093847e+02,-3.897105466165622829e+02,-5.827672414858714092e+02,-1.912320401965139069e+02,-2.668190320804290536e+02,-2.657514978893090074e+01,6.035046426474991677e+01,1.733908436033828480e+02,-1.602258098599088498e+02,-3.420373681667460914e+02,-1.199788332259982440e+02,-1.390628665065242444e+02,2.930876419985759185e+01,-1.839061951733207252e+02,-2.952205640061540635e+02,-4.310034595709475411e+02,-3.091632064989903483e+02,4.866786553516249114e-01,-3.345455988823101734e+02,-2.122463986858117835e+02,-4.159433421154640200e+02,-4.772344962545239468e+02,-5.845356633951007552e+02,-7.815925658398698488e+02,-7.538860858309155901e+02,-6.707917009457353288e+02,-5.241418654041325453e+02,-4.298239287833426374e+02,-8.092065415311766401e+02,-2.046522309235832608e+02,-3.783069775529474441e+02,-2.392926112872340241e+02,-2.971940163300681093e+02,-4.799301250269448360e+01,-1.716507122814332718e+02,-5.391761133740479863e+02,-8.120036492407817832e+02,-6.079012202591877667e+02,-1.312209874534352991e+02,-4.777605234655259210e+02,-5.443901421268733429e+02,-3.044159131369771671e+02,-6.722940472947427679e+02,-5.711257241453773759e+02,-4.965304485996688300e+02,-4.196833716276026962e+02,-3.451277170108697305e+02,-5.089704459854444849e+02,-8.150111998579907322e+02,-5.989926233195369605e+02,-5.577113427937308643e+02,-7.248794222955270925e+02,-4.098734914826906675e+02,-8.290479969641326079e+02,-9.706070006192644541e+02,-6.065033686593180846e+02,-5.860289462990734819e+02,-7.748229444062480979e+02,-8.331751637074264636e+02,-7.816851141039848017e+02,-7.473014136563606371e+02,-7.208374005995121934e+02,-7.001014896177391620e+02,-3.749637434512667937e+02,-5.365989657524255563e+02,-6.400200648529605587e+02,-5.262328774482241442e+02,-7.398332741243654027e+02,-4.544796727027882071e+02,-5.771413893794640444e+02,-1.002050213464887747e+03,-1.056269307538644398e+03,-4.543596790018383444e+02,-6.924083333009100443e+02,-6.247164375570741868e+02,-4.516981544551212551e+02,-2.232772276435648564e+02,-3.900917638125578151e+02,-2.963029178380909912e+02,-2.694129470309077306e+02,-4.636526212075567628e+02,-1.892639793934438046e+02,-3.577946592077549894e+02,-4.551797441702171909e+02,-5.916936048094544276e+02,-4.232126963247962976e+02,-2.669814271421819285e+02,-1.742303245550115491e+02,-2.764444102903905787e+02,-3.148665070528483056e+02,-3.430093110786519901e+02,-3.682623865126215605e+02,-1.971228827812053623e+02,-4.396050602685677404e+02,-3.512204414081165851e+02,-2.317870590501399306e+02,-3.883453115381107636e+02,-1.675427620284418708e+02,-3.452396171057497440e+02,-3.499453654729843493e+02,-4.443850660309453815e+02,-5.096454940155264808e+02,-3.947942876955690963e+02,-2.470062356482068253e+02,-5.827526619188545283e+02,-2.444275247524586234e+02,-6.076383502806645538e+02,-5.529312449057338199e+02,-4.153048122569769589e+02,-5.848900791191894086e+02,-1.873725357187214513e+02,-3.772074822981364264e+02,-2.843523349407105343e+02,-6.882797685623735333e+02,-2.660658463527910840e+02,-1.570047473220357404e+02,-1.111332178972187990e+02,-2.906389933656802782e+01,-9.979040175155165571e+01,2.521325303481778946e+01,-7.027492157795781225e+01,-3.166316048877832259e+02,-3.546880192444823479e+02,-1.261333509896490739e+02,-4.344201082595853904e+02,6.822421920829251007e+01,-2.382173866363747265e+02,-5.514860030934850244e+01,-1.529719117893981775e+02,-2.737055682337469875e+02,-4.147411197255145225e+02,-2.954302477636433082e+02,-5.262843441309787806e+01,-1.931651094901882857e+02,-3.095587412789727750e+02,-9.038740355983762242e+01,9.858025090244072430e+01,1.219750988818867086e+02,-1.463431792859235543e+02,1.746796542072875980e+01,-2.875254737293461176e+02,-2.879003089083300893e+02,-1.660329936255178040e+02,-1.055229456172257727e+02,-1.095314012800570822e+02,-4.676131972310876108e+02,-2.588644915281998919e+02,-2.517286293593585356e+02,-3.935541574094240787e+02,-3.779139671396699214e+02,-2.267956059090799386e+02,-4.053995993908526998e+02,-7.662548175394321959e+01,-4.121916896910963715e+02,-4.472044339128095771e+02,-3.571968505197016839e+02,-3.473267943236966175e+02,-5.976697134582987303e+01,-3.160651063126207418e+02,-3.715450912723727015e+02,-2.242928887640729272e+02,-2.451843964002137000e+02,-3.708492633491047172e+02,-4.198547636551606956e+02,-1.490584185034673510e+02,2.366837344699312098e+02,1.402517341161711215e+02,-5.385651269739578311e+02,-3.685969858929818770e+02,-3.536662791188588244e+02,-1.185550112496828206e+02,-2.152869393596920986e+02,-4.754941256587150065e+02,-1.667985331280622745e+02,1.036175308041734411e+01,-5.620968828884572588e+01,-2.590545725458564448e+02,-2.311477048669254941e+02,-1.438284435622053650e+02,-5.611921662315104697e+01,-2.042498845700367269e+02,-2.708773067473269407e+02,-3.885377325140976836e+02,-2.025621871693190883e+02,-2.118154040531395594e+02,-3.381711947587136251e+02,-1.598435430126855863e+02,-1.053622892014682861e+02,-3.166650953531378718e+02,-6.553254892841445667e+01,-1.658140725594691389e+02,-2.690966301931300677e+02,-1.715059110529524844e+02,-1.294943761142072560e+02,-6.148358505844159083e+01,-5.322175326789646732e+01,-4.140924557100875347e+01,-6.301906454632148780e+01,-1.875276093143820049e+02,-2.741379330526559102e+02,-2.837672835387847385e+02,-2.010492445318072896e+02,-2.269892371614311912e+02,-1.424399355177685607e+02,-1.982667028055179799e+02,-3.066865574994409371e+02,-2.399403196581119602e+01,-8.208886529661937459e+01,-1.383872285603688397e+02,-1.442546748345061189e+02,-1.636656304946985756e+02,-2.853025176226049098e+02,-4.092307055127793660e+02,-3.476817280065715750e+02,-9.413701957452711611e+01,-4.287721596542099292e+02,-3.609103723169455407e+02,-4.875136830411804567e+02,-3.064999995042925889e+02,-3.541393559248122074e+02,-5.098805963186976555e+02,-4.224326204195983792e+02,-4.667604286070584863e+02,-2.525063805864246262e+02,-3.377979100096911225e+02,-3.926890131766007812e+02,-3.619263508766744053e+02,-2.654125519150098853e+02,-4.147581343252021497e+02,-2.320961042309770903e+02,-6.488406472243423195e+02,-6.286535436735862277e+02,-7.242904120214087698e+02,-4.362937666571662021e+02,-4.587773669151951594e+02,-4.758762239557832459e+02,-2.988190872543838168e+02,-4.750230311865345811e+02,-4.155917789023765181e+02,-4.890520198698039280e+02,-5.806227358522367012e+02,-4.656139344106481417e+02,-3.461821646039088023e+02,-3.006444940708011018e+02,-1.174613251855115266e+02,-3.512539593115526486e+02,-1.210562988943460425e+02,-4.358466152675514422e+02,-3.302192601736320512e+02,-2.875886182928883272e+02,-4.788658495728041657e+02,-1.205570607156127636e+02,-3.135932326135653057e+02,-1.752391244965195369e+02,-2.688793282354342296e+02,-2.139091587720716916e+02,-2.254644545501732296e+02,-1.100698383693904390e+02,-3.275411715475352707e+02,-2.328881067925642014e+02,-5.301986157754996043e+01,-1.972051839517159522e+02,-1.394026779806590071e+02,7.981580474802186131e+01,-1.075769378837117358e+02,-2.638809702344133257e+02,4.390071368979745614e+01,-1.401239444887359014e+02,1.821072738158777611e+02,-1.712946496971126180e+02,-2.327764239663436570e+02,-8.406515775227549625e+01,-7.435313535088712911e+01,-8.321231786858257351e+01,5.807055140983408137e+00,-1.535269874197942386e+01,-3.698013960720116984e+02,-2.613206501843085334e+02,-2.496480144221963542e+02,-2.297027295963675897e+02,-3.540208750236981814e+02,-3.126062343222512823e+02,-2.742782501192777431e+02,-1.359034063181114220e+02,-7.996704936191292745e+00,-5.337740076814237966e+01,7.349287257624098402e+01,-1.917294830548595144e+02,-3.015986941003373545e+02,-3.172172388290655363e+02,-2.292288003127498541e+02,-4.650241193189627325e+02,-4.410206354790972796e+02,-3.863154143093119046e+02,-3.853476355233799495e+02,-3.253083066780181412e+02,-4.577362053480658801e+02,-3.647602246706434244e+02,-4.818383806178389364e+02,-4.577163662800404609e+02,-2.554785645677089576e+02,-2.903322751768960188e+02,-1.257149567306347535e+02,-4.903200927199983425e+02,-3.995512343719505566e+02,-3.560229008558887926e+02,-3.786202450632732734e+02,-3.013748357364924004e+02,-2.303475798283565155e+02,-2.218748545795774874e+02,-4.251285993158508063e+02,-1.949016745445914580e+02,-2.832709028462278980e+02,-1.956731650073209039e+02,-3.460875710652153998e+02,-2.199760138637785190e+02,-2.696058708638711323e+02,-2.776793815982288152e+02,-1.465807674136564742e+02,-9.797778023288867644e+01,-4.188551696399463964e+01,-1.126221301615954360e+02,-2.030154373008364814e+02,-2.602061380665197703e+02,-2.199908111420197656e+02,-1.548706037792134680e+02,-2.013931069344313300e+02,-6.704901270269756708e+01,-1.641834554417915228e+02,-2.520050302922114156e+02,-2.924269435033773448e+02,-2.870280138710974143e+02,-3.077482213153111275e+02,-2.003271492962700506e+02,-4.118608235140468992e+02,-2.975825203736882258e+02,-2.172136089368866578e+02,-1.896168735269524745e+02,-1.810065401180050344e+02,-3.606865620811597637e+02,-3.223825253291402078e+02,-3.328866986525965785e+02,-1.851652323802434807e+02,-2.676337401763791490e+02,-4.118295250757856820e+02,-8.369568599913903029e+01,-1.955854470368744842e+02,-2.131438594632218155e+02,-1.697091602723768347e+02,-1.840408951575197420e+02,-2.356212000965905418e+02,-2.244050819197053102e+02,-1.277137084543115435e+02,-1.385751714714742775e+02,-1.003861289481521055e+02,-2.770658166865682688e+02,-4.116486707571413035e+02,-2.028089148341577186e+02,-3.622614151820374673e+02,-1.338017247274011652e+02,-1.695994714472477654e+02,-1.805721016742839424e+02,-1.483599421185025733e+02,-8.577106938134767233e+01,-9.253571572574429638e+01,-3.571650079264297801e+02,-2.304672983651370259e+02,-1.588776691550661440e+02,1.544871848081075996e+02,-1.678670093089070292e+01,-2.031034836361381792e+02,-9.299605275438800334e+01,-5.001669132264112250e+00,9.277627238780313235e+01,2.492661220179809334e+01,1.938614763149573434e+02,9.366395567993978943e+01,1.724374812949732814e+02,-2.240884069077465028e+02,-5.244206719537098138e+01,3.687009959597521203e+01,-1.035111986619791935e+02,1.560128614310481794e+02,2.095147884721451419e+02,-1.861261630764203687e+02,-2.029868347426525759e+02,8.974583354973847804e+01,2.301939118154363939e+01,-1.738053624920473794e+01,-9.316073161097099842e+01,-1.088015590870955691e+02,-2.213450530697459442e+02,-1.239991472928401350e+02,-1.320518986650830868e+02,-2.254874344332653209e+02,-1.500887242417478546e+02,-8.009643046782178999e+01,-1.937754510589595611e+02,-4.310905067359888108e+02,-3.736666118605353404e+02,-1.210113616933444831e+02,-2.957767192812625012e+02,-4.414371574527456801e+02,-2.747932580909309763e+02,-4.400511546948798696e+02,-3.470884280019594712e+02,-4.908266370929434856e+02,-3.075574991186185798e+02,-3.455680851944016467e+02,-2.983364312744989775e+02,-4.168462804741146783e+02,-4.118819496538003477e+02,-5.252614914478499486e+02,-7.202088605339356491e+02,-3.256860637393558022e+02,-3.694442469903126494e+02,-2.951399720569360738e+02,-3.316868463439665788e+02,-4.266176933003098384e+02,-4.746664302051425466e+02,-4.028362058205827907e+02,-5.631992983652442035e+02,-4.174138834794409831e+02,-3.865575307529301767e+02,-3.522672838339185546e+02,-2.904208993479412584e+02,-2.884704503752510618e+02,-3.469399753658295822e+02,-1.608228075743149361e+02,-3.636513425386755216e+02,-5.232464178249970246e+02,-5.742312000699186001e+02,-3.446800618598739447e+02,-6.162055191870606450e+02,-4.731638100060045531e+02,-4.865030661406141235e+02,-4.875829794595059070e+02,-3.662837328657734588e+02,-1.654254747465608375e+02,-1.450213829978653735e+02,-4.307353413469168117e+02,-5.197384737493482589e+02,-2.593488674935488234e+02,-4.818392845651584366e+02,-6.716868626027218170e+02,-6.992042141327210629e+02,-4.843097459256848651e+02,-5.372949954681962481e+02,-5.779481028133429845e+02,-6.418326948593037287e+02,-6.953153654355153321e+02,-6.156651641563711337e+02,-7.637742499805081025e+02,-6.015114808399498543e+02,-5.944027696461331516e+02,-5.216655573616358197e+02,-8.202467698010334516e+02,-6.932334623328688394e+02,-7.634842559943905371e+02,-8.662005947656605258e+02,-7.961253479547784764e+02,-6.407585290024323967e+02,-6.181593944706219190e+02,-7.750906179542839709e+02,-6.551016722977940390e+02,-5.133390225982085440e+02,-4.262870652919827990e+02,-5.376542266727876722e+02,-3.904851351381593645e+02,-6.942685516308401930e+02,-5.287769772714464125e+02,-6.271437599544317436e+02,-7.005124488291229454e+02,-1.017286310888325829e+03,-6.163702516710300188e+02,-4.808209562151990895e+02,-5.487180853388586002e+02,-6.213120138874243139e+02,-5.441764605173575546e+02,-3.067009634332819701e+02,-2.833956390523250093e+02,-1.385432853841483620e+02,-5.596272099192051428e+02,-9.237616933149628267e+02,-1.091649306126122156e+03,-5.702819940969910704e+02,-1.993720918496750301e+02,-4.485068299068888678e+02,-2.388772072689008610e+02,-2.761677579189912421e+02,-3.947146138162780744e+02,-2.938714926237354916e+02,-7.902631578527268630e+01,-2.005100806002436116e+02,-1.636774195319220837e+02,-3.074662276281341633e+01,-2.772738121835132006e+02,-2.583758015142342970e+02,-2.765394202441497100e+02,-3.256920877651032811e+02,-2.600868563756563390e+02,-3.699921395336973546e+02,-2.956051069476307589e+02,-2.064334407205604691e+02,8.046570059852075474e+01,-1.564425804113453751e+02,-1.499318847794617113e+02,6.116703306264525963e+01,-2.760858287650582952e+02,-1.697890442265078832e+02,-4.739651146038177387e+01,-3.282215673694056477e+02,-4.049892275231781014e+02,-1.558787668282951984e+02,-1.696875813819757752e+02,-1.691903616344197587e+02,8.844641900570704252e+01,-1.871828979252144052e+02,-6.854768146669422890e+01,5.154826751867502566e+01,2.066194888699811827e+00,-6.495899944477096710e+01,-1.165791332015638773e+02,1.216985362254278726e+02,-7.470191213079417025e+00,-2.555128340747065465e+02,-2.522439822087915502e+02,-1.270540717367757395e+02,-1.009478844459611935e+02,-3.361590461431325139e+01,2.369952336696281066e+02,5.303491198882752542e+02,2.319531785074523782e+02,-9.553029516221639028e+01,3.534672496782185931e+02,-1.689541485138195753e+02,3.357463186262882004e+01,-8.080571241202814292e+01,-2.349855176787008020e+02,-5.511005420449268399e+01,-5.083398806710725637e+01,-1.887116893564439124e+02,-1.849703320743736867e+02,-1.928850547951999488e+02,-1.881783725185779872e+02,-6.258109227497143934e+00,-2.096961178075312944e+02,-2.214126711587472869e+02,-1.416138501454402956e+02,-1.873260199537727999e+02,-2.840900975792408190e+02,-1.717884646149496746e+02,-3.098432606919761270e+02,-3.373133702850858526e+02,-5.640225567109697522e+02,-2.739978372871769352e+02,-4.525524974857576694e+02,-4.522092212688930317e+02,-4.159496783907723625e+02,-5.561627407025634966e+02,-7.136719769384308165e+02,-6.387175121301233958e+02,-6.031894664314977490e+02,-7.964024591985712505e+02,-8.199160207714651278e+02,-1.153677871449855729e+03,-1.218350593861959169e+03,-1.257976308952132968e+03,-1.094849524904065447e+03,-1.291204560426331682e+03,-1.378261111802919686e+03,-1.321528272692764858e+03,-1.421241687461654692e+03,-1.223908450128574259e+03,-1.364599712227209693e+03,-1.364187003496265788e+03,-1.599089618352221805e+03,-1.468743102327370707e+03,-1.463261185165008101e+03,-1.706037122791652337e+03,-1.717274428032259266e+03,-1.588665354567087206e+03,-1.521407436986250332e+03,-1.487289959972583347e+03,-1.817516562688355862e+03,-1.838692543887907505e+03,-1.896138606185463004e+03,-1.794876074573508276e+03,-1.947948160606190413e+03,-2.006842586069203207e+03,-1.917150728621286362e+03,-2.017023630574979961e+03,-2.063798402284005078e+03,-2.214068173198602381e+03,-2.133663131203709327e+03,-1.931185859830585741e+03,-2.386720749662932121e+03,-2.398110672023923144e+03,-2.327558898266825054e+03,-2.309737168638564981e+03,-2.343076979456861409e+03,-2.299463488099866481e+03,-2.374071371940401150e+03,-2.497697038568600419e+03,-2.510447618873879492e+03,-2.629197963015462847e+03,-2.529560678429830659e+03,-2.399042563334545775e+03,-2.638101894321790951e+03,-2.593265362602718596e+03,-2.513994266799441903e+03,-2.426162479440211882e+03,-2.518431728735410616e+03,-2.588143133481047698e+03,-2.507958449909086994e+03,-2.417170133293542676e+03,-2.323586079290309499e+03,-2.342285995850823383e+03,-2.740544410975686333e+03,-2.559597676768701149e+03,-2.504637279816750379e+03,-2.625241491177656371e+03,-3.057495318846398732e+03,-2.898088131238280312e+03,-2.621416467828260465e+03,-2.961995157032972202e+03,-2.951179198448641728e+03,-3.060945358629359816e+03,-3.109913336054149113e+03,-3.233647097198296251e+03,-3.166558492047527125e+03,-3.485896753004104539e+03,-3.257549520370995197e+03,-3.230302636510255070e+03,-3.020536213805346051e+03,-3.216508469418534332e+03,-3.231808655625934080e+03,-3.593188695443394863e+03,-3.821792197884682082e+03,-4.236022014739444785e+03,-4.405874418463454276e+03,-4.825477378966005745e+03,-5.034332138697958726e+03,-5.393069402411842020e+03,-5.592492747007521757e+03,-5.858987718043104906e+03,-5.974176686715267351e+03,-6.013463635638800042e+03,-5.994447056894930029e+03,-6.093697972358024344e+03,-6.341998258158000681e+03,-6.339283649516364676e+03,-6.259187564340281824e+03,-6.267218446700910135e+03,-6.362138103578771734e+03,-6.572288873573332239e+03,-6.500823269753555905e+03,-6.599710736714319864e+03,-6.527307685323434271e+03,-6.525687401577626588e+03,-6.616553230202400300e+03,-6.719312692537120711e+03,-6.480094460237784006e+03,-6.779201743009220081e+03,-6.566165969844361825e+03,-6.695089805843773320e+03,-6.752967105588603772e+03,-6.780115238437064363e+03,-6.622584342638057933e+03,-6.746231494971809298e+03,-6.804438027182355654e+03,-6.826074102412748289e+03,-6.693373330180321318e+03,-6.608083886954305854e+03,-6.703188948981758585e+03,-6.866944026613622555e+03,-6.701170988457657586e+03,-6.931024013241592911e+03,-6.869285024197304665e+03,-6.718951596217693805e+03,-6.772302768979239772e+03,-6.881169433615128582e+03,-6.753353044663059336e+03,-7.013431763346850857e+03,-6.965739340951291524e+03,-6.826055268659676585e+03,-7.067367198711783203e+03,-6.930178252284717018e+03,-6.865883757393636188e+03,-6.986469775167680382e+03,-7.101918687188551303e+03,-6.960408913195739842e+03,-7.196917706347966487e+03,-7.018083425014412569e+03
-1.998605239280384467e+03,1.428103245378432291e+02,8.366885979468254675e+01,6.848513132384871938e+01,-1.863793071399628332e+02,-2.029324181295125129e+02,-8.413502254491345411e+01,-1.891642129753588506e+02,-1.682224377309330521e+02,-2.371387771720932847e+01,-2.747634966037342110e+02,-3.728689306653717495e+01,-1.622761498373502320e+02,-2.742903123276505539e+02,-2.561142389609947259e+02,-3.169493280935354278e+02,-2.636741670591588331e+02,-3.276927150258670736e+02,-3.115524444962877055e+02,-4.535727239434835383e+02,-2.965230017436614389e+02,-4.302288710202604420e+02,-3.140123751991513927e+02,-2.983158140334459176e+02,-3.878705214680449558e+02,-4.853135138774722463e+02,-5.850062237543420451e+02,-5.031965421806645509e+02,-5.506987007047426914e+02,-4.672415463752606115e+02,-4.942018483935725044e+02,-5.329914300745942910e+02,-4.872769735929568924e+02,-5.515651166234048333e+02,-5.310735529350503157e+02,-4.670672232965856665e+02,-4.831339695421588658e+02,-3.371859964360125446e+02,-3.851229467576965817e+02,-7.592284349248126318e+02,-6.320695449868262585e+02,-5.888799642789755353e+02,-4.243243211747415558e+02,-3.341856955200086077e+02,-2.928131958501838881e+02,-2.601869557474516910e+02,-1.500266046933581379e+02,-1.377765175131922888e+02,-2.361657200120279754e+02,-8.733341416843458660e+01,-1.417644528424029886e+02,-1.058817291396851488e+02,-1.326871609812365591e+02,-4.513469528324914677e+02,-4.864035179478815962e+02,-5.137397000132441462e+02,-3.123722968505305744e+02,-1.360882829975398067e+02,-2.069029394308117276e+02,-4.060613348408521688e+02,-4.326582441993735415e+02,-4.085019727295167513e+02,-2.865290633219008782e+02,-3.705358955347768983e+02,-4.031118531794785440e+02,-2.422527457245633684e+02,-3.381496005815571948e+01,-1.205690669835286002e+02,-2.575412885180161879e+02,-2.801755699396109094e+02,-2.989999268240782726e+02,-1.852859513455736646e+02,-2.073939860984643531e+02,-2.642859175725957357e+02,-2.507141723001536491e+02,-3.428655189453081675e+02,-3.697985770701536694e+02,-3.096734886249961392e+02,-3.146553340920748951e+02,-5.477633677093654114e+02,-4.771634151140522135e+02,-2.672600519707500553e+02,-4.950045702608725264e+02,-3.731878492623276884e+02,-7.156730084256550981e+02,-5.910396803720527714e+02,-1.487546013711764772e+02,-3.196259304969491382e+02,-4.469326489864170071e+02,-2.873258098470658979e+02,-2.272391666401597945e+02,-4.717261482820267702e+02,-3.915587053928195473e+02,-4.905972278471006689e+02,-6.617601698728310566e+02,-4.634762490748710206e+02,-6.613527384148591182e+02,-6.661514427667743803e+02,-1.803036478305110109e+02,-2.269487460533358671e+02,-6.484122100910317386e+02,-4.567384398436273614e+02,-3.521326356528879842e+02,-2.509645801793200235e+02,-1.381703172634483394e+02,-1.295319351382293291e+02,-3.254825967113017668e+02,-5.822420090997513853e+02,-6.010878694067748711e+02,-3.833125224207806241e+02,-4.914531026913196001e+02,-5.610155040930810628e+02,-5.937923920233367880e+02,-3.327330385784183591e+02,-8.044589789323025570e+02,-7.630854829632557994e+02,-5.386654492109574903e+02,-8.142208759938970388e+02,-6.427950465581784556e+02,-5.570916884007648378e+02,-2.967603596730529034e+02,-4.182687874623414928e+02,-2.988835623465247409e+02,-3.172307412171323904e+02,-2.723678826413206480e+02,-3.337259501640207304e+02,-3.528224247272611365e+02,-3.504143485487217049e+02,-5.155509031853395072e+02,-4.929763505167686048e+02,-7.669549225732051809e+02,-4.567339019422151409e+02,-5.772615081114348641e+02,-2.920109819798130388e+02,-6.310646405613495062e+02,-6.382572710284803179e+02,-5.179550711006537540e+02,-9.518923027307610027e+02,-7.832032669927858706e+02,-7.276915742503367710e+02,-4.953254363938967231e+02,-6.571485078852304014e+02,-7.625085224746785570e+02,-7.248156992069134503e+02,-7.197209434958467682e+02,-8.956888726440913615e+02,-9.124256785819491142e+02,-1.015739780563403087e+03,-1.034417718367864154e+03,-9.837647088779224305e+02,-1.353578655043329036e+03,-8.947197280391148979e+02,-8.298332161950893351e+02,-8.757646467114498137e+02,-9.805979262084356378e+02,-8.214069811603435483e+02,-8.101084716687752234e+02,-7.576331481026865049e+02,-5.430119679491903071e+02,-6.358421254357791668e+02,-4.549777924368257231e+02,-6.460983455374996538e+02,-1.091787969366239167e+03,-1.100741683703609169e+03,-2.821651279116928777e+02,-6.142919191495116138e+02,-4.780529201172718103e+02,-6.097509885341797826e+02,-5.341015207943784162e+02,-4.278949035656561364e+02,-6.388521234096626245e+01,8.391753633284548641e+01,-9.072210856082904229e+00,6.960931012339818835e+01,-1.401276743337069206e+02,-8.651333675919016741e+01,-2.940010048508546561e+02,-2.504985919206104086e+02,-1.071819772497651115e+02,-2.475476832901267699e+01,-1.742735324485543060e+02,-2.781983795283234144e+02,-1.921183185914782428e+02,-2.924200366021381114e+02,-3.323782751703621443e+02,-4.207659891805158736e+02,-4.845886474121136871e+02,-5.456936913746563960e+02,-8.150258181633803360e+02,-5.448365699645820541e+02,-6.106065025246871301e+02,-5.557620544377128908e+02,-6.096070790327930808e+02,-6.765986902145275508e+02,-7.988900131637045661e+02,-8.552583778121693285e+02,-9.482838122885801795e+02,-9.104915830771064975e+02,-9.659742622887076777e+02,-1.073897452066534242e+03,-1.105056910031794359e+03,-9.378063523517375870e+02,-9.232504421993104415e+02,-8.146656493826918677e+02,-8.949959942696041253e+02,-5.635291485741090582e+02,-6.116432924296218516e+02,-6.515302481539399651e+02,-7.571418209687557237e+02,-7.559873693153638214e+02,-8.466664995911785354e+02,-7.891633809523872287e+02,-9.984626586969274058e+02,-6.637955588138099756e+02,-6.137875352688599833e+02,-6.486911919549316963e+02,-3.965271673471520444e+02,-4.424929940672569160e+02,-5.605282075902632641e+02,-6.360571648882526006e+02,-3.473885652418782684e+02,-3.118116221640040067e+02,-5.950260949544065170e+02,-3.875341066387972546e+02,-4.894738754611053082e+02,-3.737290333667879167e+02,-5.538630720344759766e+02,-3.494917987127286096e+02,-1.223041379371530013e+02,6.351951935615454659e+01,2.739679821875315611e+02,7.612695587551644394e+01,2.145376331037779778e+02,2.285281977097847630e+02,2.313383830444295484e+02,5.184708036888491733e+01,-1.030161590276468928e+02,-8.965284868758104153e+01,-4.983811123730436066e+01,-1.440792761140184552e+02,-1.631925944487161644e+02,-1.816719345424778567e+02,-2.943602586204557952e+02,-3.343597513005028645e+02,-4.906108802189899620e+02,-2.085454440974735064e+02,-1.673913670576292247e+02,-4.049983427267292768e+01,-1.542870686868763528e+02,-3.469501824086116244e+02,-4.799306172943910269e+02,-3.433753473608576314e+02,-6.277617137294839722e+01,-1.974687555669625567e+02,-2.744665537231774124e+02,-4.377784248236491749e+02,-4.519694611384725249e+02,-1.702321675023242449e+02,9.750651990388820423e+01,1.880379231698954072e+02,-1.278506906180583655e+02,-4.610921217435113704e+02,-7.671132832131636405e+02,-4.144224366071663326e+02,-1.320380716717430971e+02,-3.002424157828663169e+02,-3.282802818506482936e+02,-2.259308558794699024e+02,-5.933470720088272401e+02,-7.460806285779868858e+02,-1.041120386885922017e+03,-7.573931655209277096e+02,-7.269575193977668732e+02,-3.217966987626326727e+02,-2.755692689505584667e+02,-2.542979898003563335e+02,-5.277821162892266784e+02,-4.496141454329365388e+02,-5.906284095909920779e+02,-3.602162359052200600e+02,-4.357742294555511648e+02,-2.459084947932552723e+02,-4.170500449539947567e+02,-1.809183189635427027e+02,-2.300828189822059926e+02,-2.472402784312366180e+02,-1.207467410111805179e+02,-2.879677595451751131e+02,-4.953899133396483307e+02,-5.785455974898211480e+02,-7.946793521152671929e+02,-8.332803914638861897e+02,-7.019180854921173704e+02,-6.734075408179789974e+02,-7.188187140064618461e+02,-5.694777256720774403e+02,-7.065110033633325202e+02,-5.120954335511656836e+02,-5.292662802658701366e+02,-7.514008259212571375e+02,-4.469946321432839795e+02,-2.771486312024506447e+02,-2.293495765100714152e+02,-1.419583886830417327e+02,-1.046278694818582267e+02,-8.622999999219064193e+01,1.988754280551461306e+00,-4.869399473945032923e+02,-2.030426244269375502e+02,-2.563260512239590412e+02,-1.989666284764890634e+02,-5.352236158949488072e+02,-4.894205172955438456e+02,-5.014276125095753400e+02,-6.468040463995582741e+02,-7.635419591521156235e+02,-6.692321943094224252e+02,-6.674082557975924601e+02,-4.590848338810872633e+02,-3.900888432590317052e+02,-7.924127386417192156e+02,-7.324330349160701417e+02,-5.049379524417080916e+02,-5.873493829499898311e+02,-6.909157907218744867e+02,-6.082420708528429714e+02,-7.199870298934521315e+02,-5.860751087335009970e+02,-2.884518287370372605e+02,-2.137747472082207310e+02,-5.829725759888815446e+02,-3.558554933797506692e+02,-4.892475063843438647e+02,-1.207167610441889565e+02,-2.525442933592188410e+02,-1.466229455491750286e+02,-7.828562057250184125e+01,-4.102500467714247634e+02,-1.778894321104064034e+02,-2.960799427873887453e+02,-7.238289514027007954e+01,1.057707176830209050e+02,3.940637039951521956e+02,9.415667008162887441e+01,1.891964695045286646e+02,8.149331088826528458e+01,-6.448398619424040135e+00,-1.012569263159141997e+02,-2.744341787030760429e+02,-2.105666272505364702e+02,-2.773890980084048579e+02,-2.795962192021156625e+02,-3.697285347961998241e+02,-1.783406246344981128e+02,-2.921854933272142034e+02,-1.304554369785331573e+02,-1.331423908708320880e+02,5.083395487074528774e+01,-2.722080806517088263e+02,-1.761927216068269786e+02,-2.685129845572889735e+02,-2.238250474183852532e+02,5.941426132773955260e+00,-1.579438544083017746e+02,-3.075023004155986541e+02,4.255085728369931530e+01,1.023852736540033561e+02,1.161265050823373599e+02,2.290633513352402133e+02,2.127588737982829912e+02,3.268725298816431177e+02,3.654859236822061348e+02,-2.500630260742497057e+01,3.582587828155033094e+01,7.866141709508784174e+01,-2.791701633944882133e+02,-1.854110862873733652e+02,-4.982235722170421468e+02,-6.443944277015176567e+02,-4.604780218029267189e+02,-4.366746769256678817e+02,-5.264566877827317057e+02,-3.874586699050012157e+02,-1.299617683068217104e+02,-2.072687177976801252e+02,-1.053617060085942398e+02,-2.838875942885017594e+02,-6.757479957121055349e+02,-2.411814892712340566e+02,-4.809050503422349720e+02,-4.396244080769847073e+02,-2.930502642466778980e+02,-5.500208942538349675e+02,-4.645343506093262249e+02,-2.332657495059493726e+02,-2.919150968154474413e+02,-5.553735884640746008e+02,-4.122928235569713706e+02,-4.073720202378750628e+02,-3.091948279337413510e+02,-5.662137702116144737e+02,-4.180456684219979024e+02,-3.652719060603343451e+02,-4.180021647443588790e+02,-3.505157505055772731e+02,-6.210972121700193611e+02,-6.734949138421263797e+02,-7.352921897538099074e+02,-7.558554528385996036e+02,-5.084907230053041758e+02,-4.390425774509304233e+02,-2.305909628110886729e+02,-2.606268741051115398e+02,-4.972971640566972269e+02,-6.362726997438006720e+02,-5.397315845929603029e+02,-7.219130203187953612e+02,-6.788698616687904632e+02,-7.557480999659362624e+02,-9.792242706741920983e+02,-9.748095650578120512e+02,-1.382054949277901642e+03,-8.746979449662641173e+02,-8.175041356505603289e+02,-5.655771067073042104e+02,-8.621699084703602693e+02,-8.509516654791520978e+02,-9.500143507049347136e+02,-1.363760297017924586e+03,-7.991493915176555447e+02,-9.902675369578040545e+02,-8.283936869669274756e+02,-1.000990118118331338e+03,-9.327698466579536216e+02,-7.986140366844177834e+02,-1.068900557243789990e+03,-9.207168507346498245e+02,-7.603802258185266965e+02,-7.494065621151153209e+02,-6.810172008830124923e+02,-9.307733953157228370e+02,-8.201546540798574370e+02,-6.723996096639874622e+02,-8.664153730892940075e+02,-9.631925555942600568e+02,-6.833957620647253179e+02,-5.818815274834312277e+02,-4.624778816627854212e+02,-4.101911580216398079e+02,-5.258108731908835125e+02,-4.980889327188485254e+02,-3.259296560641065525e+02,-4.991288030500791706e+02,-5.997785407488563578e+02,-5.152730422748770707e+02,-4.081296849182783717e+02,-4.834085196412165146e+02,-4.669409252266994486e+02,-5.981567078395909220e+01,-9.398846020657688882e+01,-4.266132434747047455e+02,-5.729871459903920368e+02,-5.558228413767367329e+02,-3.002165334653652735e+02,-4.308163171372244165e+02,-1.360604188158830539e+02,-6.738280613816129971e+02,-3.374166298890791609e+02,-1.240046220929557990e+02,-2.532549953875509630e+02,-2.968995982902235937e+02,-1.422215369732676322e+02,-1.572585214866560932e+02,-4.115672688654173044e+02,-4.095851130863078424e+02,-1.169043447978315839e+02,-8.051491893449849613e+01,-1.963742444551377559e+02,-6.854735074860809618e+01,-3.667112857149459160e+02,-3.541754395915901910e+02,-2.670813007728127104e+02,-2.024955477615843051e+02,5.667331179629638882e+01,-2.298962431597141745e+02,-2.277217615286558612e+02,-3.758000622597841698e+02,-4.906571106387656300e+02,-4.160598614866818252e+02,-5.221525658635061973e+02,-1.518530094289554313e+02,-1.763302356512544975e+02,-2.193383079293738547e+01,-5.167328808414587229e+02,-7.696092159893614735e+02,-6.025109665289954819e+02,-6.564310232620194938e+02,-5.335938258173536042e+02,-5.118877188953363202e+02,-3.081596217016002583e+02,-4.123419537257699972e+02,-5.161079400579749290e+02,-6.126734755436932574e+02,-5.741496628566052323e+02,-5.462813901066514291e+02,-1.754908041756658577e+02,-2.778945331445717102e+02,-2.848025223262585541e+02,-4.716742183495829863e+02,-4.921918409070647158e+02,-4.152986666086205219e+02,-3.197380111764547337e+02,-5.229098529691316344e+02,-6.770705114681092027e+02,-6.998240696171912987e+02,-9.005907638078286936e+02,-6.727710660322023841e+02,-6.678018102030866885e+02,-6.580297670037325588e+02,-2.901877904798626560e+02,-5.584283748770940292e+01,-2.284293797671604693e+02,-4.955494025829779048e+01,-6.595565317160304630e+01,2.939480504823910678e+01,-1.634649931036870214e+02,2.783406566246912348e+02,9.172127159482408842e+01,-1.927977596479817066e+02,-2.614196724496868569e+02,-1.593683546393484676e+02,-2.745251604377922376e+02,-3.613994614042009061e+02,-4.716842820158790914e+02,-7.093092746983870711e+02,-6.399020346410603679e+02,-4.149016593251050153e+02,-3.492808232460287172e+02,-8.454860131265902510e+02,-7.000871568947703736e+02,-6.202910254958067071e+02,-6.939672391545209393e+02,-9.019928548070798797e+02,-7.278581977447040572e+02,-8.816531734956636228e+02,-5.752300869048647201e+02,-5.782938326530604627e+02,-4.836769307803506877e+02,-2.681152482471426310e+02,-5.189471830675922774e+02,-5.540687442622034951e+02,-2.800267240430063111e+02,-4.172506398957956435e+02,-2.015676154103100544e+02,-2.469705260563787874e+02,-4.462330975536445408e+02,-5.065397058679569113e+02,-4.926496590363714176e+02,-4.372637137128186282e+02,-1.188066845118867150e+02,-5.299775681348091894e+01,-7.690271507641512017e+01,1.139683942123974703e+01,-1.532554098844252621e+01,9.085213641121015371e+01,-2.796146071666739203e+02,-2.133344320885646539e+01,1.942256414529936137e+01,-4.562778957593451992e+02,-6.220211088004724616e+02,-2.435933061090134686e+02,-3.555889890453159410e+02,-2.891328073726413663e+02,8.733865846692037849e+01,1.656742200398174987e+02,1.200809597189439160e+01,-2.639346378498257195e+02,-3.963708950475625556e+02,-2.800370890504925683e+02,-2.658258382139827631e+02,-1.396226573136846696e+02,2.839587538828857305e+01,-1.039726506834207953e+02,-4.639369665964957790e+02,9.746518507313510327e+00,-2.391529410425090418e+01,-2.449607527261936184e+02,-1.769397209972316602e+02,-3.982408993680730305e+02,-4.035607777324363497e+02,-3.331764174053143961e+02,-2.705569543486212183e+02,-4.296408432524891055e+02,-3.516683746818220015e+02,-4.390007453786118390e+02,-6.461195271303578238e+02,-5.268236002225647781e+02,-5.013101626998584948e+02,-5.764697371440910274e+02,-3.578162760977722883e+02,-3.921014465788786652e+02,-3.568405372924230505e+02,-3.560927297412938515e+02,-5.125659928835683559e+02,-9.308559080241466290e+02,-4.236659485507287854e+02,-7.795650364100853267e+02,-3.509177127905377347e+02,-2.494609598751694932e+02,-4.185761899687419714e+02,-4.836135261840006478e+02,-2.259874917782365173e+02,-2.576469221866253179e+02,-5.397379134125496876e+02,-2.256392543211669590e+02,-4.863989038582559488e+02,-6.078696513414530500e+02,-4.647245915007545136e+02,-2.373409396300570222e+02,-4.326818417608751588e+02,-2.185936559251888696e+02,-3.831467740049245094e+02,-3.110183691815965403e+02,-3.012419305637172329e+02,-2.573736606732069845e+02,-2.314304040470608470e+02,-1.054153823892441437e+02,-5.557390258318622500e+01,-1.917526334661396845e+02,-2.483877679003963124e+02,-1.740581075880986646e+02,-2.750756133876046761e+01,-4.475133760654754838e+02,-2.794346157589372979e+02,-1.800469321080022382e+02,-4.896091438324995693e+02,-4.198226610015816505e+02,-5.229279935577147853e+02,-3.065872876854044762e+02,-4.554690850731815317e+02,-3.962057124882564381e+02,-4.181433134322741125e+02,-5.752159786567652873e+02,-6.055074568611407813e+02,-1.684906914030927112e+02,-2.691850635899734243e+02,-5.754796063230826348e+02,-4.880597655307890363e+02,-4.502062708801425401e+02,-4.730743458491585898e+02,-3.330346215625842774e+02,-5.163394760813786206e+02,-5.090723013720392487e+02,-2.314456136879583426e+02,-3.162563808682301669e+02,-4.345914928393859782e+02,-5.196745458695736488e+02,-3.082764374147532749e+02,-4.519389286236198018e+02,-4.145486313606543263e+02,-1.136132949792890088e+02,-1.071762316467127505e+02,-2.871378634062788819e+02,-3.408610761572616070e+02,-3.509778981243644012e+02,-1.395046148127666186e+02,-2.993428792124419715e+02,-4.203598945555394266e+02,-2.458337611038019475e+02,-2.212389455251420713e+02,-5.492447164602519649e+01,-3.019632952230642786e+02,-1.604357682494649566e+02,-2.759701646235842531e+01,2.041478583951715109e+00,-2.403202501317930455e+02,-3.152982551652492589e+02,-1.311414458232798950e+02,-2.518243599964349642e+02,-1.187780614481046797e+02,-3.688805783833169585e+02,-6.126606949272169800e+01,-6.193422873806923690e+01,-3.093772136737754153e+01,-1.406535639343452999e+02,-1.662035780107688083e+02,3.274559697958416393e+00,1.134368534965142459e+02,1.264426178768260201e+02,-3.438076391443753721e+01,-1.303173156255652998e+02,-1.513577900995155119e+02,-2.866356714709058906e+01,1.377653167957681433e+02,4.324517350925640358e+02,5.219127211910025608e+02,2.571302972448841047e+02,-6.865928006844413289e+01,-2.229254222363081794e+02,-8.245518156362192030e+01,6.547692167484019876e+01,2.325548362763854016e+01,4.051650776079759453e+01,-1.685656187361027492e+02,-2.488391344087864923e+02,-2.093449076554330190e+02,1.226128714417499879e+02,7.947295916786751491e+01,2.509398244793233346e+02,-1.437614133788010520e+02,-3.869661072916585454e+02,4.191431486404998452e+01,-3.869661549395210614e+02,-1.489605947842587454e+02,5.298636881606634574e+01,3.988136744178778059e+01,-9.240432583959837132e+01,-1.571583797977556571e+02,-1.407541582375868074e+02,1.024976225557955161e+02,2.180068931309797904e+02,2.094427634063904975e+02,2.132859779224335455e+02,-1.743899915749772731e+02,-1.950096021283371215e+02,-7.402811259903900520e+01,-2.917632595619024869e+02,-1.317443459439488151e+02,-2.538178155511799332e+02,-1.181984073318570978e+02,-1.527363250466672184e+02,-8.644549560698612822e+01,-7.493949301377782035e+01,-5.081107277244534970e+01,-2.646285634198737853e+02,-1.371951305566645942e+02,1.848354286912376665e+01,-1.013671594523414257e+02,-3.630625869326569273e+02,-2.610044549549129442e+02,-1.473827670897118765e+02,-9.258099549900305192e+01,-3.149320541090822871e+02,-1.206315093097540370e+02,-2.335332489675097349e+02,-2.058221498184967686e+02,-3.994901855180092412e+02,-1.296821026815867128e+02,4.370909565666920571e+00,1.832292923841889660e+02,-9.549551116727884903e+01,-1.332557210745510474e+02,-1.195848628228860377e+02,-5.470901486556592772e+02,-1.985641997377749703e+02,-2.400933527829501202e+02,-2.830220840462600336e+02,-4.620350098618263246e+02,-4.175192164630083198e+02,-6.178635695883609742e+02,-3.807456448373604871e+02,-5.186523003096068578e+02,-4.131324051162421256e+02,-2.611347485024090247e+02,-3.107480281987025705e+02,-4.314841617588768372e+02,-3.494217024334034249e+02,-7.076111281366125922e+02,-4.581386344828680421e+02,-3.803476243080461927e+02,-4.639215875524607213e+02,-3.813420980564503679e+02,-3.536459991349267966e+02,-4.382747088811831304e+02,-5.835710531471015656e+02,-5.355686659325182291e+02,-3.280950605804620182e+02,-3.753325301535111294e+02,-4.128023664387523581e+02,-3.843216734510772881e+02,-4.779805673909441452e+02,-3.804077795979280268e+02,-4.359856606172856459e+02,-2.900965742972507542e+02,-4.178742778256214478e+02,-5.104702621441512065e+02,-2.175288327868444185e+02,-2.006835733189822406e+02,-2.315200022457041769e+02,-1.246965174368208125e+02,-3.580936023806660842e+02,-3.656298906015455827e+02,-4.481353016104476978e+02,-3.245194042418656295e+02,-3.177081521637257424e+02,-1.928574279280946371e+02,-1.521406148608112971e+02,-4.352510034423906404e+02,-2.834596281564323590e+02,-5.847587312083048801e+02,-3.868072637111607150e+02,-2.041609932241693741e+02,-4.250265439184258298e+01,1.477510591594813434e+02,6.797236171639821123e+01,-4.804117671181718947e+02,-4.892029712472273104e+02,-4.139937748838689231e+02,-3.112060115153645938e+02,-3.378628272629562161e+02,-2.405082591381045631e+02,-3.437660385477938689e+02,-5.252326380032543511e+02,-5.180346533991886417e+02,-1.465351295938445162e+02,-3.972184393070558031e+02,-2.356783660924820367e+01,-7.806360866093794471e+01,-2.536084654093435802e+02,-1.912681433096674368e+02,-1.134716661177907326e+02,-3.301919432774962502e+02,-3.172575392631914610e+02,-1.219640145999933907e+02,-4.476540658940157300e+02,-1.068633342087545515e+02,-4.318250644995461585e+02,-5.741286655094037883e+01,-6.824185230795933421e+00,2.190295917151448748e+02,1.635973226795046287e+02,-1.057343665735189688e+02,-4.706295157274748249e+02,-3.472600320214482963e+02,-3.008494608380065074e+02,-4.155340220867908556e+02,-1.567606041304666178e+02,-2.722523826960969586e+02,-2.632518828257447012e+02,-4.524751720691690480e+02,-3.843093987292282918e+02,-3.310107851490085977e+02,-3.077645275691183429e+02,-4.003119573102412687e+02,-4.141847183682064042e+02,-6.554111526314951561e+02,-3.584667808012229671e+02,-3.996850252336052449e+02,-7.031560472322992155e+02,-3.587121239106969597e+02,-2.753375009192862422e+02,-3.288109466485520329e+02,-3.008017514897557589e+02,-3.811015519653656156e+02,-2.622374898755817867e+02,-3.166118675984262154e+02,-1.824665333740221342e+02,-2.582009795014603242e+02,-8.135460532150183610e+01,-2.329316830475037534e+02,-1.440049353503531506e+02,-3.352635930935454667e+02,-3.137086154484431404e+02,-6.689488136992653722e+01,-1.929978383911948185e+02,-1.376667700778223491e+02,-1.825607187851805975e+02,-1.061471811344300988e+02,-1.823716461941799594e+02,-1.487027300963043785e+02,-1.264979291960690375e+02,-1.574082747509619367e+02,-4.306405762963711368e+02,-2.585521093366600667e+02,-8.142526750820823622e+01,-3.595797235480164886e+02,-4.757375908669635010e+02,-1.181683275101366348e+02,-2.268348164372172278e+02,-1.682395359845291694e+02,-3.209521324744921458e+02,-6.051288504444019622e+01,-3.785794865073083884e+02,-2.005248078853423976e+02,-3.899372357030140961e+02,-2.744231749858795979e+02,-3.542001517412581393e+02,-3.302558028736685856e+02,-1.355303236649986047e+02,-3.032109158266335953e+02,-1.798744808143026148e+02,-2.434775934834090378e+02,-2.207970501902654803e+02,-1.970136165003535496e+02,-1.536285673182097469e+02,8.269921150335230209e+01,-2.236057323126428287e+02,-4.513126207632774936e+02,-4.509395988994256754e+02,-7.541133344311452902e+01,-6.128693780520561063e+01,-1.993257582803370553e+02,-2.492860601949183206e+02,-2.004755157470445681e+02,-3.940364581170172187e+01,3.937533322916272027e+01,5.377711917179595957e+01,-5.630051883480521724e+01,-1.620079727216505887e+02,-2.406762024685881443e+02,-5.158129063866340402e+00,5.491544231550571453e+01,1.247656049365417630e+01,3.933642170555037865e+01,-1.898585471758869403e+02,-2.740885299022526738e+02,-1.651938021447841720e+02,-3.579481992761381548e+01,-6.891260800230557493e+01,-1.833945324173473637e+02,-2.756198065181271772e+01,-2.991975354334302892e+02,-2.982055044176426009e+02,-1.297728198702133966e+02,-8.986915150446483835e+01,5.017890477227123824e+01,1.696751766198767086e+02,-1.366891029603630159e+01,-1.819501476206292523e+02,-3.055402774997938309e+01,-2.240572370625740177e+02,-6.563097215050896693e+01,-1.677276693047166134e+02,1.813027144756381404e+01,-1.118742658186400831e+02,-2.609994382944547056e+02,-1.544847721851884330e+02,-8.576170943192533969e+01,-2.712696802681044801e+02,8.229867338970359469e+01,-3.559289204207370858e+02,-6.094098961894419517e+02,-4.209142216189217152e+02,-5.146921781762540604e+02,-5.414578884502523124e+02,-4.414745724277623822e+02,-2.935914125259271259e+02,-5.159566014667447007e+02,-7.631523533071322163e+02,-5.469173930348463273e+02,-4.270730474270181389e+02,-5.713602296168442081e+02,-4.559676713520045723e+02,-5.807973204616587282e+02,-5.609410564022634844e+02,-6.020573482831480305e+02,-4.841763380899859612e+02,-6.612582880185115073e+02,-8.784764973629834230e+02,-4.465201808622022099e+02,-4.008747681386240629e+02,-5.190570720879596820e+02,-5.290045884808097298e+02,-6.008262475512846095e+02,-6.457439848054093545e+02,-6.108772415435582843e+02,-6.084739801250650544e+02,-3.808742512849237301e+02,-3.976279522449412980e+02,-4.301358500620763152e+02,-4.534548317279278535e+02,-7.071025468140903740e+02,-3.942254586526485127e+02,-3.704413514292295417e+02,-3.562746882595786815e+02,-4.231568946878593920e+02,-5.580133770678892233e+02,-4.314878493636726944e+02,-3.864980718074963875e+02,-2.543765785539351612e+02,-2.531413448390056828e+02,-2.235799474267395510e+02,-1.649477859658213958e+02,-2.249007590918662629e+02,1.706051005113194208e+02,1.885614396020219772e+02,1.092101581645197825e+02,1.565795274191972908e+02,2.007683383608402607e+02,1.708887245978660303e+02,2.066383174624471053e+02,2.849793529089233743e+02,1.556154792221145158e+02,3.358057674839445212e+02,2.480266967702435750e+02,1.564920770439279067e+02,1.478188394986906360e+02,3.018908970227410578e+02,4.485034366731849786e+01,5.577045113419671907e-01,3.140107098429592725e+01,-1.402145467885138146e+02,-3.669164540077620700e+02,-3.732421998568180470e+02,-4.588822612967787791e+02,-3.456705404591170350e+02,-5.377417898585664489e+02,-5.958087321557640053e+02,-6.667547160585863821e+02,-5.945948786792870351e+02,-6.535112148186876766e+02,-4.137529625200135115e+02,-3.722694580206914452e+02,-2.588625071413028991e+02,-3.666082478643255058e+02,-4.032135832418758810e+02,-5.663883566038937261e+02,-4.854441320914302196e+02,-6.314680096801238278e+02,-5.354393674599798487e+02,-5.343665934513775255e+02,-5.190263011667088904e+02,-5.568578851003968566e+02,-5.197962478277507898e+02,-4.131824272142373502e+02,-4.891108976090361580e+02,-5.673675195903698523e+02,-3.909647048514777339e+02,-8.121313871730768597e+02,-8.166345049099345488e+02,-7.166857302623209307e+02,-1.457357221462829386e+02,-2.854298377541335867e+02,-1.439262575996490341e+02,-1.953019681167461385e+00,-2.782576033994839690e+02,-4.005388630313476028e+02,-4.772641091568455067e+02,-3.131505602722820640e+02,-4.052854546087260701e+02,-1.859236090354409612e+02,-2.541799598429148830e+02,-2.213004550842351250e+02,-2.441866932707703199e+02,-2.321562967944697959e+02,-2.474664416831519134e+02,-2.606329495366503579e+02,-3.990385139916194817e+02,-4.710392414273297277e+02,-3.773140567849556533e+02,-3.619775968516694888e+02,-3.918647409981226701e+02,-4.423000463780202836e+02,-5.071857317013690363e+02,-4.376308859443723804e+02,-4.010801538904520385e+02,-4.744803828491355944e+02,-4.959020591295215468e+02,-6.058625273509408089e+02,-5.820630678264672042e+02,-6.732933010101839955e+02,-3.281451830020492935e+02,-4.495135377878522149e+02,-4.081243684740933304e+02,-3.094915145041359779e+02,-4.845778058829679367e+02,-6.879860304001812210e+02,-5.724781993857371845e+02,-3.899946544069871948e+02,-3.917332300781886261e+02,-5.322296084243021141e+02,-6.331486877608078885e+02,-4.527760023712718862e+02,-4.256992276362043981e+02,-3.992598756419968140e+02,-5.057136345601040830e+02,-4.320184483891010814e+02,-5.267314205521336135e+02,-4.337515815508323840e+02,-4.054362575871004992e+02,-4.186720458172208055e+02,-4.092145405130150948e+02,-4.869296796743120694e+02,-5.027919550674678248e+02,-4.292226474157314442e+02,-4.717333023223474129e+02,-5.172366263895783050e+02,-4.516652571817646731e+02,-3.969163575252150622e+02,-3.728185445628960792e+02,-3.557239539835296682e+02,-2.874848638146780218e+02,-2.523706689436951365e+02,-4.520726648082535348e+02,-5.309806385538433915e+02,-1.881477869629059683e+02,-1.664980012643324017e+02,-2.023462262197851373e+02,-1.350916765585788255e+02,-1.701185975264628780e+02,1.234719654472072534e+02,1.628465379676249540e+02,3.511873745317916473e+01,-1.239262106745036647e+02,-1.647177709222156921e+02,-3.022567627798036938e+02,-1.913476774979743595e+02,-2.424383465588317677e+02,-1.124260516717722567e+02,-1.234552666183122653e+02,7.959636626710539531e+01,-8.334452481910253141e+01,-2.516112146056563574e+02,-1.589127049923177992e+02,3.340928628626392083e+01,-3.411917245244779906e+00,-1.131928945799269002e+02,-1.829963135450758500e+02,-3.915019508240402502e+02,-4.161232664196978703e+02,-2.421831396797319371e+02,-2.168033352208161375e+02,-4.141286914535070878e+02,-3.611559626307262647e+02,-4.590693577047456984e+02,-1.922312381029241237e+02,-3.961965289225275910e+00,-9.415749497234227761e+01,-2.812689338003210651e+02,-1.549187710913572289e+02,-2.460722775608268762e+02,-2.206788649447818784e+02,-2.955283973502467347e+02,-3.251888410181520612e+02,-2.408846180955354725e+02,3.508529065977712946e+01,-2.535788730241473559e+02,-1.424941353601065259e+02,-5.076624616904433651e+01,3.144013494390691221e+01,1.154210472722013492e+00,-5.234289685091050615e+01,4.921659022876133349e+01,-8.820816470586578362e+00,-6.499795921365426921e+01,-2.250812970661033887e+02,-3.515836684355755892e+02,-3.458679611662531102e+02,-1.363983439803508020e+02,8.908554572650993464e+01,1.606608520218571812e+01,1.152565122140570111e+02,4.834466733395004212e+00,-6.058169884761807680e+02,-2.787236019193190373e+02,-7.696198166890530956e+01,-1.391626699174959185e+02,-1.234634937598881947e+02,-2.933103220976162788e+02,-4.735495453119352760e+02,-4.609800927180814369e+02,-3.529009621558760728e+02,-2.818586275882958034e+02,-2.144411412522839555e+02,-3.208123957809693820e+02,-4.685058945046873191e+02,-5.737941375967045587e+02,-4.418712613208539892e+02,-1.982605343240955733e+02,-4.703700129736452595e+01,1.201914840922514713e+02,-1.792475855563872358e+02,-2.003879516171182900e+02,2.624759693730783283e+02,3.360790213452391413e+02,-5.859732319811428169e+01,-1.427141012135485880e+02,6.361477418267173789e+01,1.506227049367424797e+02,9.266371811716129514e+01,-1.875894950822462306e+02,-3.359692224494176571e+02,-3.816200272816182633e+02,-2.039376524074878887e+02,-2.194549395094369970e+02,-3.613779670282070242e+02,-4.354461737401944674e+02,-3.059328420061772249e+02,-1.831668548786906854e+02,-6.207876198781121957e+02,-2.411098000644835224e+02,-2.527680938621881523e+02,-2.371827459155714166e+02,-4.421334897341293981e+02,-6.221618585432087229e+02,-5.849749333925726660e+02,-3.410181110408661880e+02,-3.412020216095082787e+02,-2.560640496902681775e+02,-3.235902982891236661e+02,-5.001635494843150127e+02,-5.078593361553491832e+02,-2.404104678315125341e+02,-5.795954615948976425e+02,-4.986996116025812853e+02,-3.475348383258210561e+02,6.419501218971561229e+01,-1.514881430890379761e+02,6.154296158511499470e+00,-1.634128232989952494e+02,8.693962207266474707e+01,2.387269062959490498e+02,-3.946946509826148031e+01,-2.285365151243958906e+02,3.217790376549282882e+01,-2.514665563662998977e+02,-1.470894326166874748e+02,-1.250545845671932170e+02,2.148840363800113948e+02,-2.812276930124733099e+01,-1.537623279735920789e+02,-3.422111800437536999e+02,-2.719822236631679289e+02,3.909108525735874196e+01,2.577967639235347406e+02,3.968921714870737105e+02,2.744049401909179551e+02,1.629337512821450673e+00,-3.243994381101893509e+02,-3.468298933859093722e+02,-1.942639483301074392e+02,1.432743096118519475e+02,9.027417935402596072e+01,-2.426742803334731775e+02,-3.168888315803316686e+02,-3.242834635198627780e+02,-3.854281797612680975e+02,-4.063780015331107620e+02,2.217533383915114769e+02,2.600342766946465645e+02,7.944703132669133083e-01,-6.021018564290807262e+01,-1.914764064901920051e+02,-1.360744179377409182e+02,-2.534214325708922502e+02,1.014088099034829327e+02,-6.524781732537331891e+01,-3.415243918282784534e+02,-7.242054636439355590e+02,-1.013960241048585885e+03,-3.008919751748331350e+02,-1.266171022300143534e+02,-1.737914317233007750e+02,-2.600426415020682498e+02,-2.054910071478375926e+02,-1.197003668397751142e+02,-1.941227535991078810e+02,-2.076833588883479536e+02,-2.541552584934437675e+02,-5.216681143502352143e+02,-5.360323571131813196e+02,-5.077400228654202579e+02,-5.425363702090571678e+02,-6.363539187110939110e+02,-3.263835621901170043e+02,-5.270305664070702960e+02,-1.629261356473713533e+02,-2.634109315469299872e+01,-1.435155001506505812e+02,-3.795539118335410080e+02,-2.715770625590263307e+02,-1.212248702055334206e+02,-1.881945302663181963e+02,-1.569323180836664164e+02,-3.794007437842764148e+02,-5.989089520785032619e+02,-5.610920613672755053e+02,-4.679044023598190734e+02,-2.975334819068129377e+02,1.023761101462057184e+02,-2.789645681189513766e+02,-4.306498779892704647e+02,-5.023720952023814448e+02,-6.561190087304175904e+02,-4.904756854390553826e+02,-6.881231027640461662e+02,-4.557849988744315510e+02,-6.183715197661263119e+02,-7.383964283238035478e+02,-6.428025245872371443e+02,-9.034234861753880068e+02,-6.070841796308025096e+02,-5.732384472739008743e+02,-4.517840637411245552e+02,-5.693391643435891183e+02,-7.185528721985494940e+02,-7.396313581736480955e+02,-1.242546855652012709e+03,-8.922315569370815638e+02,-9.365721262927820590e+02,-8.121120149311694831e+02,-7.061744084864703837e+02,-8.618777085677550076e+02,-9.437966523112938830e+02,-1.100826563764469938e+03,-7.178025563908519189e+02,-9.048700192364316308e+02,-7.828208905346261872e+02,-8.853349631308838070e+02,-9.339379118534037616e+02,-9.144203468387953535e+02,-8.059426586669578683e+02,-1.057280644934711745e+03,-8.367689704772426467e+02,-8.973646541435248309e+02,-5.759285826982219305e+02,-6.721304979374606319e+02,-5.823002399262213657e+02,-5.280425085466222299e+02,-3.672603025044638798e+02,-2.130550513183154635e+02,-6.513720426889046848e+02,-9.077535393518642195e+02,-8.274493244195969055e+02,-5.578932105066534177e+02,-5.312156938496485736e+02,-7.760190099094942298e+02,-5.919846646908428056e+02,-4.897162426807820452e+02,-4.543640167604323779e+02,-6.470955787419673015e+02,-7.110568259798726558e+02,-4.500006390027940029e+02,-3.296146245657222380e+02,-9.534100325670652865e+01,-1.095200843377531328e+02,-6.088600701618383937e+01,-3.061559039781860747e+02,-4.026215972558051135e+02,-2.779343908020813956e+02,-2.860407112422680029e+02,-3.217844097976284274e+02,-6.692254924404709300e+02,-3.514133189788614118e+02,-9.251569960381323199e+01,-1.093220194930988782e+02,8.684399861608437732e+01,-1.090872953435774662e+02,-2.788221010435142944e+02,-1.961716137337452324e+02,-3.472456258021364306e+02,-3.504510886054449657e+02,-2.683731156394612754e+02,-3.109990147901232262e+02,-3.145804231304131235e+02,-3.178362419330092052e+02,-5.683441668178659256e+02,-5.813773880569160610e+02,-5.705830132268717989e+02,-2.237295221069449553e+02,-3.364664719482639157e+02,-2.207327720870168264e+02,-2.965216729515065026e+02,-3.032595858059368652e+02,-4.346929543460788636e+02,-5.408773693755983913e+02,-4.201509142733352746e+02,-4.539443772282268128e+02,-1.285897013759710603e+02,-3.489250663552087417e+02,-2.934545767490572530e+02,-2.474389531491356706e+02,-4.266501633079201383e+02,-2.032396831055642679e+02,-1.952422887638243481e+02,-4.098328533640121805e+02,-5.081585645091621473e+02,-5.590078993035882604e+02,-6.723373077349216373e+02,-7.067742079190182949e+02,-6.831087450812367479e+02,-4.465009533829013435e+02,-3.071286710748743189e+02,-6.961254558988279086e+02,-7.259951298991339854e+02,-7.754259423013304513e+02,-6.638076244279366165e+02,-5.869308151434831871e+02,-4.548681961182229543e+02,-2.764700827633687936e+02,-5.728531953700446593e+02,-2.466830252521648390e+02,-2.032861880141121560e+02,2.768753021935157221e+01,-1.292222290219921774e+02,2.224510541094556402e+02,-1.560352496792665420e+02,-1.595833834650468930e+02,-1.782845602018727789e+02,1.885139328003612036e+01,-2.172431760709376647e+02,-4.176737604306243838e+02,-5.326917087510707915e+02,-4.763621682663563774e+02,-4.431187958202802974e+02,-4.070579687423390851e+02,-3.776180011661573985e+02,-6.209936401452339396e+02,-4.517298327188435110e+02,-2.742925483089641716e+02,-5.073553487834573161e+02,-5.331888323167870567e+02,-4.877932111337939318e+02,-4.775929397536055490e+02,-4.886847194412325734e+02,-4.207162986337169741e+02,-3.879218354633170520e+02,-4.811168841702761938e+02,-5.268760935997274828e+02,-4.578864855616907903e+02,-4.297283770795422129e+02,-5.350418554281621937e+02,-1.980260600483243536e+02,-2.736615911250494833e+02,-4.497002096224481420e+02,-4.449164242927957957e+02,-2.944487799180438969e+02,-9.237660913061836254e+01,1.839814479928428455e+02,1.992725068633870933e+01,-2.593470698529848733e+02,-3.658838846416797423e+02,4.833257466992378681e+01,3.052504307582611887e+01,-9.470149492686630310e+01,-4.248252623843330866e+01,1.011174941917201693e+02,-2.292531960687222465e+02,-2.054903247592746709e+02,-3.159562677405621685e+02,-1.699615094934318336e+02,-1.397624164579628712e+02,8.164158880345610214e+01,2.417161128379514707e+02,-4.293814911400235701e+01,-3.893476850175484856e+02,-4.976218967106509581e+02,-3.302088936783346753e+02,-1.682013765655279940e+02,-8.696663151739016939e+00,8.972923195215014402e+01,2.755900820919950434e+01,3.574918400620498460e+02,-1.541820895464746854e+02,-2.544624857967439766e+02,-2.077687225152748738e+02,-4.609924364884274723e+02,-6.282823486302477249e+02,-4.490152601264848045e+02,-3.869878846837042943e+02,-5.456726728469604950e+02,-3.165136336937097212e+02,-3.238668102425262987e+02,-2.795560889676684155e+02,-5.637661669451667876e+02,-5.437325041058719535e+02,-4.284791378484205779e+02,-7.132603350676374703e+02,-3.517149024964516570e+02,-4.535437638024254170e+02,-3.036837608943363875e+02,-3.324751538788488006e+02,-2.195813446712761561e+02,-3.049469314042897850e+02,-1.202210261818780168e+02,-3.824210749339762287e+02,-3.656679406018019449e+02,-4.051860160095570791e+02,-5.150489375515342090e+02,-3.601658070499635187e+02,-1.037591333013590429e+02,-2.530561072067434338e+02,-1.452758939062952663e+02,3.229878762088787880e+00,-2.213089959232102615e+02,-3.940574739725256563e+02,-4.698612523062647597e+02,-4.582607662440213971e+02,-5.420512598204983306e+02,-5.196904139185733129e+02,-5.540079707462168699e+02,-5.640387386402708216e+02,-3.217346349790459499e+02,-2.606774466194281104e+02,-2.866008383665097199e+02,-1.409272404107850605e+02,3.872092508585512860e+01,-1.025145843629640865e+02,-2.666160954572967512e+01,-1.797212296674929348e+02,-1.309064202273082174e+02,-3.070217599119624765e+02,-1.220449244915812415e+01,-2.792814894540018713e+02,-2.704298726082940334e+02,-2.872678113535923785e+02,-5.954444885142650037e+02,-4.091782561505402782e+02,-4.701190075421527581e+02,-2.184354908011800944e+02,-4.384609320240081729e+02,-2.039604884405956113e+02,-4.509996398923673837e+02,-4.891659759436149670e+02,-4.237744506113515399e+02,-4.738084807869154247e+02,-5.036594465013203603e+02,-3.903418448992492813e+02,-4.870969543522903678e+02,-3.969683609001363038e+02,-5.076048162022863721e+02,-3.676444828936076306e+02,-2.537775024470772109e+02,-3.565708315366160264e+02,-3.170952100192653234e+02,-4.685420673444971271e+02,-4.589537420109868435e+02,-4.030543129993190519e+02,-6.701016427257422947e+02,-2.977007493239727296e+02,-1.622756220920880992e+02,-2.201118769423169965e+02,-4.670095632007767676e+02,-4.030408683815377913e+02,-2.612783911553106009e+02,-3.743319207958834340e+02,-2.825066141382728802e+02,-2.212777897830428913e+02,-2.146244605527594445e+02,-3.309087509631391981e+02,-9.202362910956466635e+01,-3.278357771576562527e+02,-1.730226258736982174e+02,-2.727587082783664414e+02,-2.870737029944100414e+02,-2.810867197470107044e+02,-1.920227533347882058e+02,-7.866812509483249016e+01,-1.237623871886998757e+02,-1.961748304834133023e+02,-1.832892594047193597e+02,-2.421797973408667417e+02,-2.097238367723190891e+02,-1.486610342719013431e+02,-1.020545359104445566e+02,-2.538369879630360799e+02,-1.250385095802581219e+02,2.168518641810899794e+01,-9.489241581460206021e+00,-2.864834804005785145e+02,-4.282364413678392339e+02,-5.887596129072316842e+01,-1.572545266245943480e+02,3.724827106398923888e+02,1.674438783228095815e+02,1.104876750765204747e+02,-3.728950142985365801e+01,-3.350207198549549048e+02,-3.321013491764221044e+02,-2.081990510273793689e+02,-1.385141084995153733e+02,-1.613167159436934526e+02,-1.778102484398040701e+02,-2.843338282216937500e+02,-3.448813539086755782e+02,-8.745106162525996751e+01,-5.457660224281966066e+00,-2.439346941917226843e+02,1.722001742733749552e+02,-2.274355754001936134e+02,-1.864644067557217113e+02,-7.556215672791401516e+01,-2.928022858487111080e+02,-3.140113627505035083e+02,1.331603982758431641e+02,-1.946528732930314050e+02,-9.056991660354690055e+01,6.876618651094810275e+01,-9.788143522783286699e+01,-1.049406481200770713e+01,1.395625193051529322e+01,7.717602956918815948e+01,2.183830709429665262e+01,-1.869051656526500267e+02,-2.335276033799516995e+02,-5.168856813154473002e+02,-5.106584838420613437e+02,-1.053973387706630547e+02,-2.156712349460230485e+02,-1.934594488030488719e+02,-4.156979660618573007e+02,-2.067667703994790429e+02,-2.039681036556900722e+02,-1.502616288573189536e+02,-2.442780147377202979e+02,-3.726747175948269160e+02,-3.208209966936646538e+02,-2.477942315056580185e+02,-2.765493480019071626e+02,-5.041409034817233987e+02,-2.065978995743378164e+02,-1.108521094321600060e+02,-5.746765867650032078e+01,-1.173781607980732247e+02,-1.823313536567123379e+02,-2.298519726585398359e+02,-2.559097327982794923e+02,-2.217112349092811314e+02,1.434436449390711061e+02,5.090882842824481713e+01,-2.251416226730569292e+02,-3.424384255880298156e+02,-2.401275084824137025e+02,-5.219702118579851913e+02,-1.802302018925007587e+02,-8.853557202455431252e+01,-3.731754070496464806e+02,-2.368066857712601347e+02,-4.260125891062978098e+02,-3.701207563286007485e+02,-3.873782247083543098e+02,-3.448049971711404851e+02,-4.652778838599418236e+02,-4.882957158395078636e+02,-3.084825744478629304e+02,-3.764302295039350383e+02,-4.079450716912400026e+02,-5.646983718723515722e+02,-3.975622052616730571e+02,-4.548300094194499934e+02,-3.920439514639318190e+02,-3.908055960638430975e+02,-4.968869545800914693e+02,-3.658509061997395975e+02,-4.345690693030741159e+02,-5.984121965664326126e+02,-4.270297738227461650e+02,-4.302260365218562583e+02,-4.481154055155278684e+02,-4.543579731713236356e+02,-6.081021790465267713e+02,-3.847365355621686263e+02,-3.304606414162408896e+02,-2.958493088141651697e+02,-2.766885688992031191e+02,-4.418001293996995855e+02,-3.255878420497617753e+02,-3.698254966393605514e+02,-2.165091627671197898e+02,-2.945985001313114822e+02,-2.798654493347206653e+02,-2.459404809561105765e+02,-4.099369689061762188e+02,-2.764977950136249092e+02,-5.065519342633336350e+02,-3.758914759689997709e+02,-2.254059475060972204e+02,-1.962619008920303258e+02,-4.705519652196518336e+02,-5.235681876488124544e+02,-2.846354717576198823e+02,-9.964438449088962102e+01,2.361668472884844050e+01,2.197526477388847184e+02,2.433579445412984228e+02,-3.592116170706841558e+02,-1.801503832640154883e+02,-2.915319496642106287e+02,-3.948999824771490239e+02,-1.662794546687824777e+02,-2.592681594773160327e+02,-5.057013491377672381e+02,-2.960949110555274615e+02,-5.570279859903930628e+02,-2.574377886274746743e+02,-5.608066071983435563e+01,-1.857168823181582695e+02,-9.755964284371785311e+01,-4.405856623337043629e+02,-3.511710732706398517e+02,8.358122096950694413e+01,-2.826246871303507646e+02,-3.391255107453440019e+02,-9.340457232533157139e+01,1.555352401204487478e+00,-1.644106037290748077e+02,-3.782989542192609633e+02,1.157310123375988269e+02,-2.239989148314583645e+01,-3.098970351758636070e+02,-4.220438916168797050e+01,1.045238742006688426e+01,-4.451505148131501528e+02,-4.158300871953856586e+02,-3.442097867373949498e+02,-5.555656315142741732e+02,-2.277892988520385984e+02,-1.698381991355609557e+02,-4.337176403113916763e+02,-3.502539535521084417e+02,-5.360079331071447086e+02,-5.284593521797738731e+02,-4.445317869219106228e+02,-5.294662504345352545e+02,-4.956860455779674908e+02,-5.051825032030555462e+02,-3.554565927713697420e+02,-5.933830145540026706e+02,-7.114581249000543721e+02,-5.989277693030302316e+02,-4.648185965230834427e+02,-3.844317261107576087e+02,-4.185646336052978995e+02,-4.440523963339232978e+02,-3.852491509791246926e+02,-5.026485268788665621e+02,-4.329778027727784888e+02,-2.637115047613721117e+02,-4.083895692752545301e+02,-1.878169829590330835e+02,-2.136987643613441037e+02,-2.949645858700721419e+02,-4.762585267880666606e+02,-3.322199693695799851e+02,-4.052311966984888159e+02,-2.998869349186031741e+02,-3.299404656893298693e+02,-3.072378223283565148e+02,-3.822467361080914543e+02,-3.148086545715606803e+02,-3.055960365373747436e+02,-5.853346110251042091e+02,-2.350143791908607227e+02,-4.892596360453817397e+02,-2.590896863310302933e+02,-3.901673699270911015e+02,-4.005550869579268465e+02,-3.983906198445698692e+02,-4.026447316517067065e+02,-3.537439166556038685e+02,-4.194151527056778832e+02,-5.044830549843987342e+02,-3.393318790077998415e+02,-4.552860088329245514e+02,-4.506528276440343461e+02,-3.785189647162478650e+02,-4.417739485386317142e+02,-4.615149888407933076e+02,-4.965094810882653178e+02,-4.124559915908488392e+02,-5.045135403492316186e+02,-2.784785121149569704e+02,-2.658910376574485213e+02,-2.741440878843371252e+02,-5.790584706079898751e+02,-7.199459229121305270e+02,-4.484870483919480080e+02,-2.890160814148694044e+02,-5.489995451012273406e+02,-2.760169232034075435e+02,-4.139043489097974202e+02,-3.235650200953225522e+02,-8.872053271292730869e+01,-2.995077975383891840e+02,-4.014559673203483499e+02,-1.443333868753438480e+02,-2.596417735065870147e+01,-2.308891376170993226e+01,-2.008633362543546923e+02,-1.613126671856550161e+02,-3.908678491291379942e+01,-2.148822344082322502e+02,-1.202457794071101489e+02,-1.549731845320267212e+02,-1.119976244732116015e+02,-1.663407111669364440e+02,-5.615334618846412695e+01,-9.607679258433591940e+01,-8.476053303891310975e+01,-1.333738144380231176e+02,-3.590780058421179888e+01,-2.782811058352895088e+02,-2.094956075125646748e+02,-1.456991078312890409e+02,-1.069433341571223082e+02,8.999491380116202777e+01,-2.417968710175216529e+01,-5.188422407562507033e+01,-1.813680715179136769e+02,1.100239058159470460e+02,-2.469071652767638625e+01,-2.427088987280241383e+01,-6.255508846092295983e+01,-1.086604746494009817e+02,-5.114584704831949580e+01,9.839753886664145455e+01,6.780320011288677051e+01,-1.501935331722255000e+02,-2.546726481054309374e+02,-1.874050905555998270e+02,5.620601513861024046e+01,-5.028221170017391728e+01,-3.467030552503072158e+02,-2.769663313654461376e+02,-4.238965565861457776e+02,-3.599846125893454882e+02,-4.728548395774748769e+02,-5.988134981022074044e+02,-6.343928714838993983e+02,-5.908969361613629871e+02,-4.863585953507197246e+02,-4.873367058480537253e+02,-5.267681406186570712e+02,-4.985771203808623113e+02,-3.501037957663992302e+02,-4.618268881053168116e+02,-6.130404319301694613e+02,-6.120568637138402437e+02,-6.832284451035687880e+02,-5.393781077803529342e+02,-4.289151498136721443e+02,-6.488165577239897175e+02,-5.923496045529168441e+02,-4.548367916296255657e+02,-4.949906843778178427e+02,-4.370879403123195743e+02,-4.269254802988983784e+02,-6.048496033262499623e+02,-3.926006409373237602e+02,-4.221556342348247881e+02,-3.400140893834975486e+02,-2.976508416340194003e+02,-2.690005719153539303e+02,-2.315043738606885029e+02,-2.462360135005827715e+02,-2.518204167773570248e+02,-2.972043608470512481e+02,-4.678284871643909355e+02,-3.195628609916947198e+02,3.240895784231983612e+01,7.717980317093099529e+01,-2.030109644516947753e+01,-1.236657929514889815e+02,-4.245028262475810266e+01,1.417342527259127110e+02,1.555453817400531875e+02,9.350766141793951647e+01,1.683922786787274219e+02,2.613350244287956912e+02,2.796049550187088357e+02,2.597274570297371383e+02,2.602727125122451071e+02,2.150578840873469915e+02,2.103219007767719404e+02,2.769602970944218328e+02,9.005122562035592182e+01,2.915701884506847819e+02,1.801346933602741274e+02,2.095764796740543829e+02,1.021396008486283336e+02,2.947141117442720315e+01,-2.631518303258573042e+02,-8.999665983946476899e+01,-3.102399074422168042e+02,-3.536457198027387676e+02,-2.739918368098629458e+02,-2.410511306579782911e+02,-3.265763004113074430e+02,-1.257907888181201486e+02,-1.450170415893993834e+02,-1.652479567769713640e+02,-8.763016169623494989e+01,-1.646092628387190189e+02,-1.687213270020890548e+02,6.206184678900399376e+00,-8.992923078061693332e+01,-1.792955620152237088e+02,-2.568940237419373602e+02,-3.156611283726019792e+02,-3.680756887455035553e+02,-3.269406191297759392e+02,-1.214616170336609002e+02,-1.939758439236113645e+02,-6.394461359707108272e+01,-3.119793191969851023e+02,-4.733942830576705205e+02,-4.559575847947422744e+02,-3.042390687162838958e+02,-6.320502578762960866e+02,-4.330226924315904853e+02,-4.585643382025045867e+02,-3.298580479023485168e+02,-2.430775891050575410e+02,-2.706145394279490120e+02,-4.280176692443302500e+02,-3.053824103099298668e+02,-3.341493129702665783e+02,-4.457148068875009130e+02,-5.698386233640358114e+02,-5.830174011970657375e+02,-3.401620837986300216e+02,-2.314444620337025356e+02,-2.720181882376474505e+02,-3.213809713730723843e+02,-2.611654008322715299e+02,-2.436947434184351948e+02,-3.612146955665797918e+02,-3.738612750546196253e+02,-5.030228164065686656e+02,-5.326154170656790257e+02,-3.770859178214145118e+02,-4.244455173538879649e+02,-4.784151117821180605e+02,-6.167213755303740754e+02,-4.766713523831095358e+02,-5.686486397410802738e+02,-5.069854330672770857e+02,-5.633225917175515178e+02,-4.721221569628450538e+02,-5.503387283700336639e+02,-5.874483806806730399e+02,-4.480336559331916533e+02,-4.881096439018259048e+02,-4.810766451168626645e+02,-4.702489386281733914e+02,-4.564101156562127812e+02,-4.994450503902865535e+02,-8.140570360717338190e+02,-6.574817840832091633e+02,-6.431378072878969760e+02,-6.285770658691915287e+02,-5.866552129018688220e+02,-5.838780582460899495e+02,-5.746382402498957163e+02,-6.309045942073462356e+02,-6.215800572993415472e+02,-6.614208199697767441e+02,-6.424974278297755745e+02,-6.207012660504550468e+02,-4.274795801624274532e+02,-6.623089284372842940e+02,-6.624161306643327407e+02,-5.110060336315758605e+02,-6.240189021142538195e+02,-5.886658279653577210e+02,-4.963945045837201633e+02,-5.212821509824516397e+02,-4.847955483127552156e+02,-5.261158273781256867e+02,-5.830016369660697819e+02,-6.568309737295619470e+02,-4.995560560029911130e+02,-5.397514175975309172e+02,-4.565171021958988149e+02,-6.295700994208424390e+02,-4.997234986029084212e+02,-8.904587014724443179e+02,-5.380165710739424867e+02,-3.140612932358757234e+02,-2.717086523821255355e+02,-3.310756895259571593e+02,-2.276762614401765177e+02,-1.376770811639751173e+02,-1.200401784901444557e+02,-1.864375181675585225e+02,-4.698926013799526231e+02,-3.730640637523923715e+02,-3.553779071972229531e+02,-5.284456541699209993e+02,-4.578325746293798488e+02,-6.604247864789748519e+02,-6.710027515865136820e+02,-6.463831246033460047e+02,-7.318473234168360477e+02,-2.563534777388201746e+02,-6.579092326851442749e+02,-5.445829699237617660e+02,-4.539812292781065253e+02,-6.950934140738265796e+02,-7.828108431897948094e+02,-7.168472932806865856e+02,-6.857617478096312880e+02,-5.644376770799085534e+02,-7.478430096868813735e+02,-8.642085396364263943e+02,-8.882052952524890088e+02,-7.817298130864667201e+02,-4.290203500241071310e+02,-8.369223372531828318e+02,-5.228717853250434473e+02,-4.553077580867334291e+02,-7.159553243832349381e+02,-7.209163008616126262e+02,-3.468667589589057343e+02,-4.070142801100598149e+02,-4.645818675911925766e+02,-5.224551262466610524e+02,-7.240072671646425988e+02,-1.071156418937323679e+03,-8.743782001383119677e+02,-4.769533843916966589e+02,-7.175277634254523491e+02,-8.761204928399054097e+02,-5.160464850689151035e+02,-3.102653756999137045e+02,-2.977032229659358791e+02,-2.290230604252807325e+02,-2.785640215558291857e+02,-2.164811052731517407e+02,-1.181899288821931862e+02,-6.632995631372813250e+01,-2.628021945248966631e+02,-3.765439628237918441e+02,-1.527839268551905434e+02,-2.135556712034299949e+02,-1.456824556236529702e+02,-7.307138664983131093e+01,-2.793932622658352329e+02,-4.246919880028412990e+02,-6.203444119271999853e+02,-7.376201020166794251e+02,-8.361403612524331947e+02,-6.906929700668821397e+02,-8.494295119470380087e+02,-8.400241020252087765e+02,-8.625833635681703981e+02,-7.438872441017724668e+02,-7.468586407895646744e+02,-7.476646484534982164e+02,-8.176855975707148900e+02,-8.766191721230516123e+02,-5.730313401202890873e+02,-9.217146337023507385e+02,-7.786997989527152413e+02,-3.966475569109286425e+02,-6.644331199314601690e+02,-6.135551500381789083e+02,-4.655788093944775596e+02,-5.396201747524551138e+02,-5.612586334276313664e+02,-9.091203787992672005e+02,-1.183324573361068587e+03,-9.983014291643276010e+02,-9.662049268277984311e+02,-9.754085763441112249e+02,-1.247269144020646536e+03,-1.028903253806903649e+03,-8.724216372202412231e+02,-8.942127966011410081e+02,-9.638352865186309373e+02,-7.217269010543473087e+02,-1.176659957443418762e+03,-1.523302002236518092e+03,-1.732642797012581923e+03,-1.313662837165907149e+03,-5.241072982671398677e+02,-6.936796367425595236e+02,-1.008834892328022875e+03,-6.938559067866412988e+02,-5.502901326097919537e+02,-3.985581275840073090e+02,-5.417382519718853473e+02,-6.311644794659716808e+02,-4.162696464743252136e+02,-2.749557257086725031e+02,-1.740788340195592809e+02,-4.705751861733033365e+02,-3.613925562808308882e+02,-3.587555317100697039e+02,-3.685911917422227475e+02,-2.635236318655681771e+02,1.693116399265943528e+02,9.992274579988958294e+01,-3.994195130658619632e+02,-1.839568816531593711e+02,-2.611204469846618395e+02,-3.944151848243999439e+02,-5.344626824625137260e+02,-5.613289396793069272e+02,-5.223372257126382010e+02,-6.021817311268714548e+02,-4.032299953374636061e+02,-3.418327818301683010e+02,-4.664749474439209393e+02,-4.657163849678791507e+02,-2.126024014976102592e+02,-4.543847315664993403e+01,-4.011627314560682862e+02,-5.462235673093776995e+02,-6.403496548075786450e+02,-4.583836859877965821e+02,-4.427980491436421744e+02,-6.045833919607308644e+02,-3.753285761098156854e+02,-1.802003084368379859e+02,-4.889567573616477603e+01,1.566188786159014796e+02,1.297022933537575682e+02,-1.433285586183296800e+01,-8.794146282318652652e+01,-1.095024395967651003e+02,-9.071859735247704748e+01,-7.743981960492811822e+01,-1.026073749667694415e+02,-4.542332353053747624e+02,-2.879933579178530181e+02,-5.748753597701254421e+02,-1.015230380333904122e+03,-7.824862827351089436e+02,-5.721544858446083026e+02,-2.708503279334875629e+02,-4.189937504071286298e+02,-2.809562677495136995e+00,-1.214816737592199729e+02,1.664895723258775320e+02,-1.809882122558413187e+02,-2.927204369888056021e+02,-3.905579104015795338e+02,-1.366916925691585902e+02,-2.920024538315355471e+02,-1.802549175195127305e+02,-4.033963459949687831e+02,-2.220289061487872573e+02,-1.730651959535194635e+02,-1.772428632513577611e+02,-1.991725695997827188e+02,-2.844143850829422036e+02,-2.902034701868217326e+02,-1.998809191416236786e+02,-1.918847498260784334e+02,-2.992212127443570466e+02,-2.595351436016658795e+02,-3.317467194105119006e+02,-3.380871966620221087e+02,-5.476751586601926647e+02,-5.228107803643621310e+02,-4.458374742160191317e+02,-4.028513129179664247e+02,-2.655125320731940519e+02,-3.011085219227452399e+02,-6.820045343841525209e+01,-4.064466223724206770e+02,-3.935934077834390905e+02,-6.825266493056936952e+02,-4.680554009180445405e+02,-5.013970887581741067e+02,-6.021593299373005266e+02,-5.399642834338330886e+02,-6.482550168354608786e+02,-8.086706577855492242e+02,-8.849630055236897306e+02,-8.721870356466006342e+02,-1.037146614618430249e+03,-7.728053236567116073e+02,-6.220769047039827910e+02,-7.670962063397453221e+02,-7.269934342831408003e+02,-8.453278742993984451e+02,-1.016875373195403427e+03,-7.782011717411334075e+02,-8.171856572376510712e+02,-9.236597378472412174e+02,-1.030154763713632292e+03,-1.006175889313609559e+03,-1.067187238359521416e+03,-7.192195620566452590e+02,-1.073953768430278842e+03,-1.171163648724421819e+03,-1.092235928391930884e+03,-1.306743060756865589e+03,-7.835547494613961135e+02,-1.017668698628634161e+03,-8.301391741226999557e+02,-1.072349999084235378e+03,-7.315096966615210476e+02,-7.943017478344760320e+02,-8.953714028283744710e+02,-9.161486675538416193e+02,-8.293170232231288992e+02,-9.717543683726537438e+02,-7.464038514311889685e+02,-3.573309120467849311e+02,-3.002137601465302623e+02,-4.773793177388249092e+02,-4.482852002855282763e+02,-2.456186808799740220e+02,-3.958613888091772992e+02,-4.992415023232436511e+02,-2.891542176447588872e+02,-2.639586892688764692e+02,-5.581876447837804562e+02,-6.819821069805569778e+02,-6.840934562775901213e+02,-3.849725621938349036e+02,-5.015845887867978377e+02,-1.280395554485696721e+02,-2.828977126551940273e+02,2.520952000833824513e+01,-2.493443802606285260e+02,-3.085607383404853294e+02,-3.257245350428757433e+02,-2.316603476575020579e+02,-3.377306756086680366e+02,-7.663020739382308193e+02,-5.291566220742950009e+02,-2.190330891936268074e+02,-1.091927553657001795e+02,-3.517964133916433411e+02,-3.308734397173119532e+02,-3.999169302773045729e+02,-5.807255528590153517e+02,-2.567618267087401023e+02,-1.315565587354581680e+02,-2.025613359136713711e+02,-3.272667263062841130e+02,-4.475344160173715977e+02,-3.464668924575265123e+02,-6.820369869795370050e+02,-6.394555281350642417e+02,-6.634221660975604209e+02,-6.061697508975933033e+02,-5.193090428168579820e+02,-2.983784509911138230e+02,-1.400638528859684016e+02,-3.554815650281724402e+02,-7.661705830266340627e+02,-5.809541983912031355e+02,-6.623357755385909513e+02,-4.792678222591540020e+02,-3.370674625398725652e+02,-3.223972739749374341e+02,-5.760649133305948908e+02,-4.541898868582203477e+02,-6.565794578702159470e+02,-9.062909648791803647e+02,-6.090571555182619932e+02,-3.911407899077736374e+02,-5.890427341033349649e+02,-5.386179867052626378e+02,-4.547793761982480873e+02,-4.266075424918946055e+02,-5.017958090597016394e+02,-6.810456411576165010e+02,-7.406319743488139693e+02,-1.022634514626708778e+03,-1.029561685804371109e+03,-1.151087319373213404e+03,-1.436823871421487183e+03,-8.816546795890103567e+02,-6.058786517461425092e+02,-6.564733680522377881e+02,-4.818008060381847599e+02,-2.943981542663038908e+02,-5.548021897888432932e+02,-4.969166233593031166e+02,-6.005810469464299786e+02,-2.302458383340293153e+02,-5.520408794211000441e+02,-3.095264099919290857e+00,-1.539327113667869753e+02,-5.663779114692690655e+02,-4.152230599346983695e+02,-6.212499656455399872e+02,-8.029609351357871674e+02,-5.231495412009617212e+02,-5.574449337690657558e+02,-6.215034072722567089e+02,-8.656550599524525751e+02,-6.602482261927685840e+02,-6.084408567264615613e+02,-6.064328926860582669e+02,-3.506668381947817466e+02,-3.743945800578680974e+02,-6.615185344707327886e+02,-8.788495005963039830e+02,-1.144946586250612654e+03,-6.339238717306523085e+02,-9.082600419778440255e+02,-8.901226438283499647e+02,-4.404623462772026414e+02,-5.258395851665005694e+02,-5.228169641724954317e+02,-4.988280797608750845e+02,-3.973834979433972308e+02,-5.057428590078972661e+02,-1.344372986424549481e+02,-7.508549847265294375e+01,-3.607450277893055386e+02,-2.849938942423713684e+02,-2.893261805645401523e+02,-3.252603446846504198e+02,-1.964163554336696791e+02,-1.828781733142313612e+02,-6.383443587072378023e+01,2.520006504460654924e+02,9.217455003776376543e+01,-6.833582871523105950e+00,-1.517043564961789173e+02,-3.936960042424520338e+02,-3.064875739421707408e+02,-4.301935709862196404e+02,-6.355047567445651566e+02,-3.827595502253774384e+02,-7.104964207048788012e+02,-6.594246782030901386e+02,-1.947973896938279097e+02,9.495606787215763234e+01,3.003914870746689871e+02,2.412636691355132825e+02,-1.773279660841692476e+02,-4.439809031868417151e+02,-4.070847579742948597e+02,-5.519228752263088609e+02,-3.564789870831800727e+02,-3.853670467223228115e+02,-2.123914500860093426e+02,-8.335852695163828230e+01,1.354000202305089715e+02,6.281517666156031510e+01,6.262900696793280986e-01,-1.414855194050592218e+02,-4.532760535008719671e-01,-4.761760221445786101e+01,-6.418452972675288493e+01,-3.505396486072843913e+02,-2.574040370563091642e+02,-3.057955824841988033e+02,-3.959450665266320470e+02,-7.189938310658020555e+02,-7.124581877461357635e+02,-4.034754099486139012e+02,-5.299284611999928529e+02,-3.045194059319270536e+02,-7.066825206164021438e+02,-4.591990254955709361e+02,-3.546858857455026168e+02,-3.856145850194112654e+02,-5.287080529848950619e+02,-4.143833421589075670e+02,-5.279990934818661117e+02,-5.801503930951253096e+02,-4.040760970373161740e+02,-4.799520925799921542e+02,-6.820335724096594276e+02,-7.519683199398810984e+02,-6.578626145267971879e+02,-7.759620602292856120e+02,-5.104573064266068059e+02,-4.492647525828164135e+02,-8.444785025572318773e+02,-1.161810839237722121e+03,-1.351165938765073861e+03,-7.520671184943533945e+02,-7.639869815674870779e+02,-6.512885261911191037e+02,-5.675795309321667901e+02,-7.165441848083154355e+02,-2.461393699524559793e+02,-2.368319608764012401e+02,-3.024147997930834890e+02,-2.716035301669352862e+02,-2.057462486268350972e+02,-8.490390479224925002e+01,-1.452319120338148650e+02,-3.716942142767619544e+02,-9.764292477002106807e+01,-1.634174350556504578e+02,-1.275975191869384275e+02,-4.535044869076557461e+01,-2.129790913151687164e+02,-3.703780893013505988e+02,-3.132969206316265627e+02,-2.362162671157168745e+02,-4.042902935757399518e+02,-2.389920040163308386e+02,-3.609604844009828639e+02,-3.563982513272145525e+02,-3.433680471212912835e+02,-3.768154316775307962e+02,-1.914784994934094868e+02,-2.268567489827556187e+02,-5.762816483728267940e+02,-3.257646303484109467e+02,-2.494118587335086659e+02,-3.838609877602144138e+02,-2.395565850977650371e+02,-5.543068285704291611e+02,-3.331753350204858748e+02,-3.134085826844762437e+02,-3.335504727785195200e+02,-4.024589268979711960e+02,-2.318473471470016989e+02,-2.694692732344542492e+02,-3.697537171113500563e+02,-1.501913554169511826e+02,-2.363721954139998331e+02,-2.708225231436754257e+02,-3.192611926403086500e+02,-4.217890863971357476e+02,-1.446185810298883894e+02,-1.789823888686477744e+02,-2.170298255127098628e+02,-2.510721107560095220e+02,1.834431265634606234e-01,-1.939576725451811114e+02,-2.938175462141787193e+02,-4.286005044914172686e+02,-1.641461055177793753e+02,6.111014469747221511e+00,-2.255361387477907158e+02,-4.061098867620206647e+02,-2.326186523364409595e+02,-2.661724058010191811e+02,-2.696383886947935480e+02,-1.361177941012576298e+02,-1.347455446560022096e+02,-3.234244164416247713e+02,-2.108284502785109282e+02,-2.509877111436541099e+02,1.026570401313880723e+02,-2.525390005319435716e+02,-1.053398770135700317e+02,-6.437500025416564142e+01,6.958711428026295209e+01,-1.372381476034585717e+02,-4.203061538192687294e+02,-2.802085912595891273e+02,-2.272812521238461443e+02,-1.820207115416761496e+02,8.246805043568210181e+01,1.686828746796483642e+02,9.216741312103053474e+00,-1.081212365777698921e+02,-3.447913524976634676e+02,-2.035652498956005729e+02,-3.068358292586982827e+01,-8.574420791931434849e+01,-1.951042726462807195e+02,-1.476600459029262709e+02,-1.732071986072265588e+02,-1.333913079633482823e+02,1.135440760752789231e+02,2.165388587450981390e+02,-7.686157504243169569e-01,-3.638105509229082486e+02,-3.911271496578980873e+02,-3.666561971538824878e+02,-2.610445780294830342e+02,-1.143067365149686054e+02,-3.593028104775953580e+00,-2.618388057277650205e+02,-2.005770994230886402e+02,-5.433209990396230182e+01,-2.856158862351580865e+02,-2.771294465345464459e+02,1.093808736907172090e+02,5.524529276954694978e+01,4.991513988112023981e+01,-1.225944592073111039e+01,-3.116107357150489747e+02,-3.218510431767829800e+02,-3.794191273055616307e+02,-2.866090707426557742e+02,-1.480661470904412056e+02,-2.496116279032305556e+02,-4.208645929049338292e+02,-2.913006227112646229e+02,-2.267479316898942727e+02,-5.000183996886059958e+02,-9.914556267730957018e+01,-2.608582842439760725e+02,-1.983362367797956267e+02,-1.829791072558633687e+02,8.606170726830129070e-01,-1.889764810905243735e+02,-6.752826303131317331e+01,1.487973788522140239e+00,-2.088438657572307307e+02,-6.642940556953777786e+01,-1.294519546572808508e+02,-4.443740559567085597e+02,-3.823577274760633600e+02,-8.039165233007634015e+01,2.017370946908522455e+01,-1.142540683893956839e+02,-2.088336655079896502e+02,-3.549453162541757933e+02,-2.366965013185157432e+02,-5.358149975211979381e+02,-1.510366857467268460e+02,-2.413773907765009881e+02,-2.255301349288215533e+02,-2.541337538709942123e+02,-4.535092964235095110e+02,-3.325018899024900065e+02,-5.222525836008279612e+02,-3.630684882850054009e+02,-4.094576313658575373e+02,-4.131131458962966008e+02,-5.345909618051656480e+02,-3.284879343452525973e+02,-4.302604405124303639e+02,-3.889197268782743322e+02,-2.123535124430036376e+02,-2.482734903142558949e+02,-2.848359364148114992e+02,-3.687560334403915476e+02,-2.714293176229490996e+02,-3.609720051652593611e+02,-2.959979246874909791e+02,-4.731062402255642496e+02,-1.602881018271636435e+02,-4.301069675236022363e+02,-4.998467368107639572e+02,-3.185841772085419166e+02,-2.917643823736482886e+02,-2.029181881862819523e+02,-9.736285047248796332e+01,-6.566842100182927311e+01,-4.233505736829282569e+02,-2.877435511627438700e+02,-3.699124854023405646e+02,-8.287570272324134635e+01,-1.348799500153383519e+02,-4.076963907825160618e+02,-3.472332693399397954e+02,-3.217409932262751227e+02,-5.125124604570576139e+02,-5.555504296858514408e+02,-4.078797682317357953e+02,-3.468494699908834491e+02,-2.172207018778590282e+02,-3.133846675709661440e+02,-3.778689735952733599e+02,-4.749865799954353633e+02,-3.913542048096644521e+02,-4.644881308299466127e+02,-2.662509394381169159e+02,-2.858753550755538981e+02,7.638614790220799478e+00,-3.604331347551548106e+02,-1.924498323812903209e+02,-2.575159043552163780e+02,-2.959260747008333965e+02,-4.395043192972174211e+02,-3.619251877733233869e+02,-3.970028027121847458e+02,-3.436535900697141983e+02,-3.095250456536481352e+02,-2.507130794600053036e+01,-2.825954403303267100e+02,-8.557890212993524415e+01,1.091197652449371276e+02,3.623120954189573695e+01,-2.811257374280123145e+02,2.783158852169448494e+01,-1.842747808128463589e+02,-3.485991088040303225e+02,-1.053560494574954873e+02,-2.514281911951880488e+02,-1.827545670969893195e+02,-3.097299392866872267e+02,1.429029543271631155e+02,8.948501381048859571e+01,2.352679135593358808e+02,5.657529658329471545e+01,5.117447600727373924e+00,-3.174669534588966826e+02,-4.525246453997067420e+02,-3.250044693993999090e+02,-2.597471931602919994e+02,-2.100567138857534246e+02,-2.070237882362608559e+02,-2.840366821113357219e+02,-2.673946466932268891e+02,-2.515064507853528539e+02,-3.760615480573375748e+02,-2.896413899602505353e+02,-3.669204129474412639e+02,-2.757535155461254135e+02,-3.816041348576052314e+02,-3.230566901231333077e+02,-2.245714472322756023e+02,-2.360842922015036152e+02,-3.477521741474126884e+02,-2.060920893339585405e+02,-1.996299534791618271e+02,-2.217076469831335999e+02,-4.700768378418747488e+02,-2.519133060191901450e+02,-2.116062108574849105e+02,-1.136109213625995267e+02,-1.737591162964070577e+02,-5.130657019062758195e+01,-1.377833621238135606e+02,-1.125346959059594809e+02,-3.938262816561365867e+02,-2.775639428119499712e+02,-6.936007491068130548e+01,-6.272137247082979172e+01,-2.281929558126767574e+02,-4.682002332499614283e+01,-5.152236484587041332e+01,-1.070755908297323060e+02,-9.142668601112026749e+01,-1.730704851334695604e+02,1.663563179119628899e+01,-9.998316655417383458e+01,-2.610930973445762220e+02,-1.203170822986679838e+02,-1.900856179691716648e+02,-2.586052018950754245e+02,-7.472840494532843536e+01,-1.277019750918717449e+02,-1.379583439873616157e+02,-1.677176537174049713e+02,-2.515756501388071698e+01,-2.233010997627893630e+02,-6.538235079071199607e+01,-9.321961079620211876e+01,-1.685073592164857814e+02,-9.586085289517809827e+01,-1.564709013255070431e+02,-2.341092896706688293e+02,-1.737884923101051413e+02,-1.121147912841066301e+02,-6.889845245054337397e+01,-1.494872143254477805e+02,-2.532681995776257793e+02,-2.915456173135612516e+02,-1.178789090466793539e+02,-8.473037150280367769e+01,-3.682282249033142989e+02,-5.107183557965409477e+02,-3.192933460579941993e+02,-2.542575180420450636e+02,-4.069690369327695407e+02,-3.296276612561298407e+02,-2.741187189160632443e+02,-1.780526185295344703e+02,6.058322320505357084e+01,-5.945983761118307598e+01,-1.351532295325420137e+02,-2.820168354706908076e+02,-2.409254944918607180e+02,-2.393451138214098819e+02,8.491025107885513989e+01,-3.391961782207079068e+01,-2.693571498422929267e+01,-2.474659974576769059e+02,-2.914799593515916740e+02,-1.776722355736785630e+02,-8.564097308144616250e+01,-2.320495976686809740e+02,-1.577970112074229405e+02,-8.579220213472144962e+01,-3.340765612279951711e+02,-1.280290774198071517e+02,1.050651013308504389e+02,-3.913589125881695736e+02,-1.547138768952956980e+02,8.924829994694772495e+01,-3.641656224203351258e+02,-1.365163500394978655e+02,7.263773027347957623e+01,-5.456462584560077289e+01,-1.585710891798271405e+02,-8.770557406301635694e+01,-5.216662219740666728e+01,-3.243270110657310283e+02,-1.229865718855939747e+02,-1.582063394105578880e+02,-1.033809827846150284e+02,-2.024999558813034071e+02,-8.623153178991935874e+01,1.764071799208829816e+01,-1.732012316608421543e+02,-4.040667012302379817e+02,-4.485911828716597256e+02,-4.211306667246532243e+02,-3.942020349746437660e+02,-5.510965970327085870e+02,-3.722945307979047129e+02,-5.629175160947572749e+02,-5.458249315279697385e+02,-4.966882184377033695e+02,-3.735255266759988899e+02,-3.560944289972924821e+02,-5.813330843365732790e+02,-4.017669065727379234e+02,-5.733405979144592948e+02,-3.719023036426743829e+02,-6.874090301977471427e+02,-7.220410958059412678e+02,-6.602547314829421339e+02,-4.160187463259597962e+02,-4.286465200559686082e+02,-4.144753177507486726e+02,-5.519231281742124793e+02,-4.742884367560727696e+02,-5.536069311865376221e+02,-4.517430379176047381e+02,-4.586716221388020358e+02,-3.047003319371244174e+02,-3.383019090747244491e+02,-3.509576466605730047e+02,-3.684636623633722934e+02,-3.542830394283679993e+02,-3.445913789887422922e+02,-3.345762783480211056e+02,-3.196008597123786785e+02,-3.285500538487908671e+02,-1.280579622568103844e+02,-3.967179605225185668e+01,4.732407383325018202e+01,-1.471056101979428092e+02,2.196346322752214064e+01,-2.490838541436195896e+02,1.513015707654819266e+02,2.253788787046910329e+02,3.171259600174719253e+02,4.313838723218563018e+02,3.872392513469958999e+02,2.762480391118039620e+02,2.957921163014851800e+02,2.973649004971305772e+02,3.794819798970187321e+02,2.977163905286665795e+02,3.585994002191661139e+02,2.880904367520693086e+02,4.009115869452460856e+02,3.878077627064524222e+02,4.116686772607372973e+02,3.383947067819266294e+02,2.241500857305067029e+02,2.235869586315260733e+02,1.933334385176785020e+02,-1.067142263179988504e+02,-3.952278055731389372e+02,-6.767487337376368259e+02,-1.872845539755073219e+02,-3.304626653411085044e+02,-3.966943153347278326e+02,-4.105186888191642538e+02,-4.641338546622837953e+02,-3.089213552140921024e+02,-4.997914952164078386e+02,-4.754998753216707428e+02,-4.944890883160052226e+02,-2.504046338263760276e+02,-3.897182676323281498e+02,-3.739607673494580240e+02,-3.759783031560180007e+02,-5.670290776545597282e+02,-4.912558522099935203e+02,-5.184594543191236653e+02,-3.445256922283311951e+02,-4.649411198848059712e+02,-3.012250033139127368e+02,-3.831675795702257119e+02,-5.156434319910679278e+02,-5.101832319383577783e+02,-2.539455565036781479e+02,-7.295494692320729655e+02,-8.136152196213438401e+02,-6.618117555021442513e+02,-3.964841919053828860e+02,-2.649373092374075327e+02,-3.032016510767003865e+02,-8.688276306309776942e+01,-1.729854261395303752e+02,-1.247871947055485862e+02,-8.915518024803958497e+00,-1.007071783044969493e+02,6.015246037250491895e+01,-1.619903526836989727e+02,1.168074026694444285e+02,1.772565214817836932e+01,1.307214301324194139e+00,-5.819151802820709918e+01,-4.999351650378943646e+01,5.735087443977747057e+01,7.599127369475991145e+01,2.834585802990380898e+01,-7.799322767938920720e+01,6.790845867359342947e+01,2.305762348445782095e+02,-7.774685517842138438e+01,9.382087872910562965e+01,4.290951012302616618e+02,3.808100873360286869e+02,-2.770560169111780624e+02,-2.603965003900942747e+02,-1.041157269604468780e+02,-8.265187043459074800e+01,2.102213132065297430e+01,-9.118017122083796266e+01,2.889631390887642510e+02,1.400769611551075400e+02,1.084420131311686504e+02,2.442458619485909423e+02,6.434510335716467466e+01,-7.501245846869073830e+01,1.741834985830078892e+02,1.663295163580739313e+02,-1.213364003865860639e+02,-9.987060697361528128e+00,4.085144061479255129e+01,-2.456752903348449024e+01,-4.284964711276199978e+01,3.364249819222405335e+01,7.665884511425848302e+01,4.004423695894708999e+02,2.407387391255732609e+02,3.082582718301088676e+01,2.527487232638509340e+01,1.723594958150204093e+02,-1.692351895605298751e+01,-5.820566679851958725e+01,-3.063554808007452834e+02,-1.154466307187863379e+02,-1.101188531837848643e+02,-1.369370532060046344e+02,8.311355275216743621e+01,1.276192600191143072e+02,-2.511805030413531199e+02,-4.667992284401591974e+01,3.426492509529106201e+01,5.900351932023914969e+01,-1.715256498725423171e+02,1.045718949133976707e+02,-1.295143281433053062e+02,-2.843612423780776908e+02,-4.491965640831907081e+02,-1.231469405664789463e+02,-2.266523990249637848e+02,-3.210589802915918085e+02,-4.149144124493082018e+02,-5.288773508679387305e+02,-5.320055200035288863e+02,-4.860896763143313706e+02,-5.758540157968436688e+02,-7.256641824911004051e+02,-6.545011675047323934e+02,-8.373315043846112076e+02,-1.193408014231412835e+03,-9.686910657343510138e+02,-1.041313776955630601e+03,-1.177424059930118347e+03,-1.185719111886728570e+03,-1.181592636247207338e+03,-1.276645586706139738e+03,-1.322466493784879276e+03,-1.392461487665834284e+03,-1.255858886881763738e+03,-1.328810059481910912e+03,-1.100406971544344970e+03,-1.279534673952046660e+03,-1.247894509340138256e+03,-1.180344354714521160e+03,-1.303717442512082926e+03,-1.370548904229536447e+03,-1.415948332955702881e+03,-1.397736708712074687e+03,-1.291845495747071936e+03,-1.405853086351442244e+03,-1.509710627340909696e+03,-1.551221053306885779e+03,-1.597519150471744751e+03,-1.478154369136882679e+03,-1.519939805375203832e+03,-1.521494509005501186e+03,-1.651464227048554221e+03,-1.604455416435369216e+03,-1.531795181988260993e+03,-1.686612367867609464e+03,-1.661785594880223016e+03,-1.683614693418717479e+03,-1.937406068060269490e+03,-1.913195018447425809e+03,-1.849974017264290296e+03,-1.887772163341350279e+03,-2.003763511316271888e+03,-1.996479536103123110e+03,-1.882129526288946181e+03,-2.034340692016076446e+03,-1.860676241833314180e+03,-1.959345161482815456e+03,-1.822003377257039574e+03,-1.929967500906495161e+03,-1.912447891076112683e+03,-1.943540806587913721e+03,-1.916632911196632676e+03,-1.768317130310334051e+03,-1.856205885930997283e+03,-1.916055276647711025e+03,-1.911405275910324917e+03,-1.882555739109548540e+03,-1.684859546127237991e+03,-1.837206739024701392e+03,-1.958876754506906991e+03,-2.050004769351137384e+03,-1.734808740971360521e+03,-1.735860788871010755e+03,-2.097655754195865939e+03,-2.086963031377410516e+03,-1.813692575976076796e+03,-1.824232242325929519e+03,-2.041573684258037247e+03,-2.019378615752034420e+03,-2.028988362193163994e+03,-2.154330118381853481e+03,-1.946493612439855042e+03,-2.073762108584743146e+03,-2.135284307248018195e+03,-2.400072090335416760e+03,-2.315468909024810273e+03,-2.424596377773931181e+03,-2.607824481366446435e+03,-2.767951895762626009e+03,-2.895209419188854554e+03,-3.087742523678942689e+03,-3.886062365449474783e+03,-4.471408442900177761e+03,-4.769612624714440244e+03,-4.813410068641795988e+03,-5.019935761235154132e+03,-5.298511390436873626e+03,-5.428019838514504954e+03,-5.561214984940145769e+03,-5.583413427220904850e+03,-5.699064542027202151e+03,-5.752895835462180912e+03,-5.843311575336294482e+03,-5.811962439803213783e+03,-5.807838928141969518e+03,-5.972652826068817376e+03,-5.883063422644851016e+03,-6.028056320601634070e+03,-5.968833038565950119e+03,-5.993181354293329605e+03,-5.982983473859707374e+03,-6.107760818183616720e+03,-5.882193319109560434e+03,-6.166751627514663596e+03,-6.060328299572618562e+03,-6.066168638093965455e+03,-6.057209337475429493e+03,-6.077926333588227862e+03,-6.027667130598540098e+03,-6.206550981292337383e+03,-6.156872156427580194e+03,-6.185861103509034365e+03,-6.032923033623035735e+03,-6.126265641404705093e+03,-6.108000692633468134e+03,-6.194771424221018606e+03,-6.181036290919504609e+03,-6.125144774570535446e+03,-6.241468567850766703e+03,-6.117897322977089971e+03,-6.291055370443997163e+03,-6.246367531927238815e+03,-6.166613583518796077e+03,-6.197166770790118790e+03,-6.192740352657926451e+03,-6.191271372392879130e+03,-6.191004792776291652e+03,-6.328261882575371601e+03,-6.145204949733524700e+03,-6.218561383683610984e+03,-6.369268230801547361e+03,-6.184780496394334477e+03,-6.316868894372864816e+03
-2.344089854373531125e+03,-2.113352561122264888e+02,-2.994357611341326901e+02,-9.079647298007404288e+01,-1.551534068075205255e+02,-3.752119977712804939e+02,-1.351732125760839835e+02,-1.309270790546347030e+02,3.340190999009661255e+01,-1.280552429401615768e+02,-6.528105203838089210e+01,-3.551236412002077714e+02,-3.919807850624846424e+02,-3.424374767869246625e+02,-4.329455411284192223e+02,-3.310103084739511701e+02,-3.751731007683821986e+02,-4.552070532246329435e+02,-5.835987165312037632e+02,-6.072869672313991032e+02,-6.059794649151643853e+02,-4.801566883357374422e+02,-5.011466080933675471e+02,-6.648515928948440887e+02,-6.476313280882342269e+02,-6.047873251474751441e+02,-9.297718244067904152e+02,-8.635403722947366987e+02,-6.890217580732710303e+02,-6.980161697836554140e+02,-9.272810135352101497e+02,-8.858352880071876143e+02,-8.634589293044764418e+02,-8.893952121312854615e+02,-7.465707397603516711e+02,-6.953685580614122728e+02,-1.039048928623740949e+03,-7.025316362055281161e+02,-6.323011298965357128e+02,-7.984667940748349793e+02,-6.124464716955317272e+02,-5.567300195164710885e+02,-2.904479954798605377e+02,-4.332150003432303720e+02,-4.868964582227188203e+02,-5.486425580004199674e+02,-5.513224503483889976e+02,-4.038728531858897668e+02,-4.955335154367342057e+02,-3.501096189362115183e+02,-8.122697964014804484e+01,9.554987643289416610e+01,2.396665951209394052e+01,-3.243514174894090729e+01,5.972861276157289012e+01,2.054472163289511855e+01,-2.930530684712725815e+02,-3.559837799126225946e+02,-1.851020973847913069e+02,-3.336159219466925379e+02,-2.129567460408684383e+02,1.096510509045978665e+02,7.753076075839373971e+01,5.691593702627545781e+01,4.414746947751162338e+02,2.694231750340794633e+02,1.305416868394175651e+02,1.522112933499413998e+02,1.120722927855759963e+02,2.352034022436342298e+02,-2.897608499445308894e+01,2.471400587299856966e+01,-2.247745411174042829e+01,-1.046708287494297451e+02,2.023099406824097741e+02,-3.111142272279570875e+01,-1.629631709628499721e+02,-2.770523693550333064e+02,-2.779311480718704388e+02,-2.129149054250710833e+02,9.269718746953100208e+01,1.567885046347760181e+01,-1.902273652406582869e+02,-6.966638508203988067e+01,-4.457614488944025197e+02,-4.190580444984946666e+02,-2.769518025700569410e+02,-4.576070321731023682e+02,-2.357360327994060754e+02,-8.093336219791063968e+01,-1.784872188505713666e+02,-2.603712613174949411e+02,-3.770811098018466510e+02,-3.691900161006631151e+02,1.558799491910394863e+01,-1.413107695773010164e+01,-9.267563298453228526e+01,-4.049533249118162530e+02,-4.187449745929520759e+02,-4.053045707834221503e+02,-3.666466577087190331e+02,-3.458885051146535261e+02,-1.559229034312200497e+02,-2.000607391218516398e+02,7.946015244858182314e+01,-2.059431081465157831e+01,-2.644012980551096348e+02,-4.246992117483363245e+02,-3.054050721969886126e+02,-1.287666530682635653e+02,-4.282764989728232194e+02,-2.450517790336909343e+02,-4.619793512198764347e+02,-3.706739381318855067e+02,-4.116154356382360220e+02,-3.831815375657805021e+02,-6.875067284283106801e+02,-3.391556047884746476e+02,-3.898097631791879962e+02,-2.314812080017665608e+02,-1.355801957559709479e+02,-5.334895834286945160e+01,-1.569068734268921048e+02,-1.630752558906048364e+02,-1.229945971826543882e+02,-2.692654454892334570e+01,-8.312888850604150548e+01,-2.738076525716903689e+02,-3.087010750999810966e+02,-1.647946636126852411e+02,-1.112804091391938073e+02,5.257535702876742789e+01,1.477113544932493596e+02,-1.187768919587061873e+02,-4.241020220362363489e+02,-4.640846948679081265e+02,-3.033768336372730801e+02,-2.954464105155586253e+02,-4.590374053982937994e+02,-4.695980864230374436e+02,-5.076265379908932118e+02,-4.142818878536456282e+02,-6.208586664602416931e+02,-5.086510880073021781e+02,-3.393436561242872926e+02,-5.128612121831547483e+02,-1.805883609535408709e+02,-7.576727788360960858e+01,-2.395246005939427505e+02,-5.739578392881577429e+01,4.091589803420276894e+01,-5.534418024137669363e+02,-4.452142511711726343e+02,-4.349713952739513729e+02,-5.844210303140291671e+02,-3.694309846208952308e+02,-2.232187452191185457e+02,-2.299897510610919085e+02,-3.159329318011433543e+02,-4.403577864718107548e+01,-9.234036567520092831e+01,-8.391930537882282124e+02,-7.576614502487115033e+02,-9.302999133155446998e+02,-2.191764113367820528e+02,-4.433628408800917100e+02,-3.630068300869466498e+02,-4.766926852087441375e+02,-5.503130589259983481e+02,-4.957900795327918217e+02,-5.376565285356055028e+02,-3.229467660961580577e+02,-5.307062568050369009e+02,-2.579513616525179600e+02,-3.902798580079959834e+02,-3.993311795970610092e+02,-3.293603016069894238e+02,-4.509239850368230691e+02,-2.759801083723523334e+02,-4.295713694774647138e+02,-5.714873150679939044e+02,-5.626480229457292808e+02,-5.731799516979847340e+02,-5.953292840424553560e+02,-5.967862106154816502e+02,-4.268901843862749956e+02,-4.119950978513265341e+02,-6.552998139297302487e+02,-6.060147880868764787e+02,-7.938991860290135492e+02,-8.623052160253212151e+02,-7.695853753206419015e+02,-7.165115558778680906e+02,-8.011915552612233569e+02,-8.764180857539313365e+02,-8.808107807139779197e+02,-1.003520668889962167e+03,-8.540600347062866149e+02,-8.254586714246390784e+02,-1.103932714153949746e+03,-7.691787662969047688e+02,-9.108656218044653770e+02,-1.088463756734311573e+03,-1.072790986248320678e+03,-9.368089842981258926e+02,-9.584691746516436979e+02,-1.134071786751179843e+03,-1.248519900597533706e+03,-9.802251011048397231e+02,-1.055999280564215951e+03,-1.022527017198613748e+03,-9.472979655926660598e+02,-8.506795897495226200e+02,-7.398391585474531666e+02,-7.555074187896274225e+02,-7.852409836911725733e+02,-7.048856606060345484e+02,-6.678648854680105842e+02,-8.663162592877348516e+02,-1.101429281130015170e+03,-8.870891667355176651e+02,-7.486169121622413059e+02,-5.872887549586037039e+02,-3.827273116545541711e+02,-4.654940330731241716e+02,-6.603889638604400716e+02,-4.603606101602189256e+02,-5.435511481207801125e+02,-5.192616428964367969e+02,-5.335823299156405710e+02,-6.035009284222729775e+02,-7.262545062018801900e+02,-5.731737285479398452e+02,-6.036057928764770395e+02,-8.668271737701405755e+02,-8.756866005653694174e+02,-6.956156769485447739e+02,-7.896082504557466564e+02,-4.727454323638108349e+02,-5.229897859356392473e+02,-5.550146235243524870e+02,-5.194943852742167110e+02,-7.163150222705353372e+02,-7.327112055808509012e+02,-8.078000218154369350e+02,-7.969647512889773679e+02,-5.855780068447213580e+02,-6.368885882482640000e+02,-8.057433459132796543e+02,-8.951723523634193498e+02,-7.007746544676882650e+02,-7.665326986660570583e+02,-8.101561568609290589e+02,-7.715160596827315658e+02,-5.285338241030258359e+02,-6.821066185439183300e+02,-5.311035750948295799e+02,-4.530239681680873787e+02,-6.306607750555532448e+02,-6.091851705757226227e+02,-3.556308652895197042e+02,-4.900554493731123102e+02,-5.727887745204650400e+02,-3.602238029198657046e+02,-2.308064400708028927e+02,-3.799017565700476666e+02,-5.362068629972375220e+02,-4.337446719028483813e+02,-6.036316643787044995e+02,-1.061849696392475607e+03,-9.510598690467958249e+02,-8.427507850507429339e+02,-7.919736305017063387e+02,-6.734213695381972684e+02,-6.936753633947884055e+02,-7.357117792791453894e+02,-7.636179126066225535e+02,-9.563444403033745402e+02,-1.233415704268151558e+03,-8.578275257827275482e+02,-7.267649897905928356e+02,-6.061451250254158367e+02,-7.618856008837702802e+02,-8.073461813594698242e+02,-9.800275292601507999e+02,-1.038095346413714651e+03,-6.862331480167570135e+02,-7.720183992952984227e+02,-8.523091291310961424e+02,-9.023400704143932671e+02,-7.774880405665104490e+02,-1.069616852911512069e+03,-1.063680310100335191e+03,-9.686939578041069581e+02,-8.437715750082801378e+02,-7.764914167693272020e+02,-7.423478083339484783e+02,-8.984769149725811985e+02,-9.614734119542106328e+02,-1.038204828767234403e+03,-1.091798960077912398e+03,-7.221161897952049458e+02,-6.225305207029612120e+02,-8.230974899015184292e+02,-8.720402086208207493e+02,-8.905563771355159588e+02,-6.692908237739106880e+02,-9.495262296125567900e+02,-8.396724449073686856e+02,-9.878129698768782418e+02,-9.734352160636838107e+02,-9.133194221620423150e+02,-7.656754139598841675e+02,-7.947358939669219353e+02,-8.564541506516031859e+02,-9.235364757184855762e+02,-8.729242992881024747e+02,-5.188953680473081249e+02,-7.626152906084341794e+02,-8.123605191076588881e+02,-9.071360812724194602e+02,-9.304142134731699798e+02,-8.271173511595325181e+02,-9.828638932841030282e+02,-1.092174453951590522e+03,-6.987621472341604658e+02,-7.057581587456800207e+02,-6.845552306647599607e+02,-9.172319514178009285e+02,-9.898587892952708671e+02,-9.147645221070165462e+02,-8.309871628332384716e+02,-1.188513502967812656e+03,-8.825621163231280661e+02,-1.177530081375773307e+03,-8.787713123561698012e+02,-1.140614504859921908e+03,-1.108813132383619404e+03,-9.997503376508334441e+02,-7.603332617264534292e+02,-7.861129033640058879e+02,-7.480976513265416088e+02,-6.879438016605846542e+02,-7.726785052831035046e+02,-5.705284618824456402e+02,-4.692553236018945881e+02,-4.899902583265028397e+02,-4.677947132047950163e+02,-5.720745758992610490e+02,-4.702923028757596740e+02,-6.914387270775275738e+02,-6.853667079641338660e+02,-5.954356181211567218e+02,-6.842204652567563699e+02,-9.651103216335659454e+02,-7.988709099335786732e+02,-5.589651631452243237e+02,-6.089492665704757428e+02,-7.782941922276925197e+02,-8.406914366425856997e+02,-7.613715472347241757e+02,-7.329713594561821992e+02,-5.017296140498293653e+02,-5.573270425682584346e+02,-7.357572929383875362e+02,-5.883136073279972607e+02,-7.393066998023409724e+02,-8.670132407481628434e+02,-6.978029241203201991e+02,-6.649579564735137183e+02,-6.121989611949520622e+02,-8.229427657857679606e+02,-4.263760095886416934e+02,-5.818907797553542878e+02,-3.902675538617518214e+02,-6.385304224111722533e+02,-6.583824274259329741e+02,-8.612546303109916153e+02,-7.833073399509588626e+02,-5.676533768967648257e+02,-5.190926249542188771e+02,-6.240554841330801992e+02,-4.119454209804486595e+02,1.211478389634973496e+02,2.158615468070773886e+02,1.251888311438830215e+02,-4.113148012042154278e+02,-4.965155124069663657e+02,2.951110251145394159e+01,-1.046330141732477728e+02,1.565381362150664017e+02,7.896983090023900331e+01,2.021909146544853684e+02,3.959904530999381223e+01,-1.061280323135335948e+02,9.142702500121504272e+01,3.637488845847432799e+02,1.708801760545722459e+02,5.345093956620189601e+01,2.221894130002142447e+02,1.960737881637447231e+02,1.364171753220743994e+02,-2.741491544923820811e+01,1.180047749596682252e+02,-3.522278906994107501e+02,-5.793698526006580778e+02,-3.541915569676338009e+02,-4.760626419871331905e+02,-5.581786230491616152e+02,-5.185834496538710710e+02,-4.762122536979671850e+01,-5.442767802949512088e+02,-7.200008651540313167e+02,-6.608654453421435164e+02,-6.196952016641239425e+02,-5.656496854245377790e+02,-7.779298745710777894e+02,-6.277962892307980383e+02,-6.366990615469742352e+02,-9.226899638222731710e+02,-8.957664932716152180e+02,-1.235728762671951472e+03,-6.879625520503784628e+02,-8.747906592054077919e+02,-6.355216582368243508e+02,-6.214196408224568131e+02,-4.906548729314266097e+02,-8.686698378198490218e+02,-1.340011862271865539e+03,-8.828880476884149857e+02,-8.231321026589819212e+02,-7.491264773643486024e+02,-8.035032790704187846e+02,-7.357927091824053605e+02,-8.842719828736624095e+02,-7.149870990357029541e+02,-8.884277471211497641e+02,-8.432978058046736578e+02,-9.482466040080098537e+02,-6.793951344887124151e+02,-7.374295209377878564e+02,-1.198446975401907594e+03,-1.318615449921516301e+03,-1.321309936130104006e+03,-1.208052259682919157e+03,-9.084904824922964508e+02,-8.223261648464620066e+02,-9.116200719842502167e+02,-8.026254252417130601e+02,-9.438555833654031630e+02,-8.933356391709775153e+02,-6.616637276324725008e+02,-7.557473560340276890e+02,-7.718671327819679391e+02,-9.473452010784976665e+02,-7.338240658830691245e+02,-8.282780548709195045e+02,-9.684943433374488677e+02,-8.789297077126173008e+02,-9.314407171467731814e+02,-8.040389123793081581e+02,-1.123931381454700841e+03,-8.884928848299807669e+02,-6.216676031145940442e+02,-6.814184696411346067e+02,-5.833127102293202597e+02,-7.629520156211954145e+02,-7.530834007383641620e+02,-7.562425068543834641e+02,-7.523312627413170048e+02,-7.628299219277704424e+02,-4.699821872356737344e+02,-5.252886310675270352e+02,-7.555522302482618215e+02,-7.416795330738980283e+02,-4.359203884645714879e+02,-5.542161844236163688e+02,-6.776496575946944176e+02,-7.804986009971945577e+02,-7.046289240372226459e+02,-4.533412561254639286e+02,-6.896650584247694269e+02,-5.714915217184759513e+02,-5.284765028324200102e+02,-8.203201710866006806e+02,-6.260014651982564828e+02,-5.638462173480759247e+02,-7.895722355615705510e+02,-6.918327138317939671e+02,-8.470044518753788907e+02,-7.518009352625354040e+02,-7.994001092132986059e+02,-5.911868396792807516e+02,-1.017650584752037389e+03,-9.688419813055409122e+02,-7.980511920051776542e+02,-8.822109062122747218e+02,-9.704546168385713827e+02,-4.870320461604828211e+02,-5.874037537197159509e+02,-6.395755794946951482e+02,-6.386025715990916751e+02,-6.849215038226757315e+02,-7.009091460588458631e+02,-6.445161094512930049e+02,-5.219296258656416967e+02,-8.672619631250855718e+02,-1.122782696645084570e+03,-5.258148406405994137e+02,-4.849785048289368206e+02,-4.329960881404026622e+02,-6.066033595063158828e+02,-6.360300136666926392e+02,-6.432893963106051842e+02,-8.161342711730486599e+02,-9.808368534652923927e+02,-1.244115495760049271e+03,-1.093000320775204273e+03,-9.660327265398129839e+02,-8.042631426419570744e+02,-7.403098969949430739e+02,-1.050080067130333646e+03,-6.670913903692829763e+02,-7.984747305492093119e+02,-7.206952855184649707e+02,-7.900360681661065883e+02,-6.889247318217177281e+02,-5.442872543951457374e+02,-4.995403612572719680e+02,-7.545961975096010974e+02,-5.562933353386379167e+02,-6.573289227634097642e+02,-6.760104208033817486e+02,-8.299774446343477621e+02,-1.032098785347837975e+03,-8.197123307963532852e+02,-6.313602934083453420e+02,-8.084518725029004145e+02,-9.694204784416267557e+02,-1.061359530995815248e+03,-8.844173638306615430e+02,-9.241109690871958264e+02,-8.133657472059692282e+02,-5.886448643829479579e+02,-5.469240759338730413e+02,-9.025126366493869909e+02,-8.571209220620905853e+02,-1.118424934902876885e+03,-1.031146782296383662e+03,-9.191921085499848232e+02,-1.150277446978732087e+03,-7.743758423562334201e+02,-9.385303452975819027e+02,-7.398600270429906232e+02,-5.573827003098825799e+02,-1.007076677701786821e+03,-8.293592498422742665e+02,-1.130987585268315343e+03,-8.368730377004771981e+02,-6.612441794586558217e+02,-5.040815342680396043e+02,-9.178882917988943291e+02,-7.951779951435567000e+02,-8.047992845723231312e+02,-7.220324089843685442e+02,-1.080988391149138579e+03,-6.741627773411477165e+02,-7.094374955842732788e+02,-8.894248647851252372e+02,-7.766812115152134766e+02,-1.040630076223625110e+03,-9.863507878454768161e+02,-1.094709192533171517e+03,-1.030218689713570711e+03,-7.977850567322626603e+02,-9.542050210404371455e+02,-8.091487538813703395e+02,-9.232355072088057568e+02,-8.680685398957509733e+02,-1.005378939671028547e+03,-6.149216680359031670e+02,-5.407957593219906585e+02,-8.626136771949722970e+02,-8.388497655285879091e+02,-6.415969075476965600e+02,-7.005905260518242130e+02,-9.413898069626171718e+02,-8.149747223619272063e+02,-8.199675652251339670e+02,-6.402475692860122081e+02,-5.758601777723055193e+02,-7.680387531074024992e+02,-6.709466070022677968e+02,-7.379041773998754934e+02,-6.742184712773444062e+02,-5.465254499704468572e+02,-5.937346442033225458e+02,-4.507567989514906230e+02,-5.725238716755219457e+02,-6.306106496081321211e+02,-1.470659108153840862e+02,8.032917421123329405e+01,-9.530339162641337225e+01,-5.654280960715757374e+02,-9.031171544731032554e+02,-2.355228064200025528e+02,-2.455212127242973565e+02,7.382683300660005443e+01,-9.338679739259362123e+01,-3.116542713663466202e+01,-2.003248971715991047e+02,-2.259403406641952188e+02,-3.314665663738014700e+01,2.265155809724595883e+02,9.710103945778791967e+01,-2.979220134020787896e+02,9.363468142592535060e+01,1.196151773183701721e+02,2.143935263515135716e+02,-1.378221737089584735e+02,9.110709308383064808e+01,-1.455960820137105429e+02,-2.216519800077119839e+02,1.880979431810483220e+02,-4.689446549132816244e+01,-1.449453355597441089e+02,-2.069140825531188170e+02,-4.551429910590292138e+01,-3.204910324895144527e+02,-2.393250196214902985e+02,-2.515391984022195970e+02,-3.276318556750743483e+02,-4.445524558487209106e+02,-3.824839308902280663e+02,-5.723930793535930661e+02,-4.423742195519699294e+02,-3.166977567496423944e+02,-5.790363701355626063e+02,-4.619355241553358269e+02,-5.310042483165586873e+02,-3.996984959640284956e+02,-2.757023423622792961e+02,-4.984850011715487881e+02,-6.915137431620768211e+02,-6.374622600844646740e+02,-4.495651649667020138e+02,-5.701027043413749880e+02,-3.989134346118629537e+02,-3.207593676911563989e+02,-4.697186188137755494e+02,-5.873725641697362789e+02,-7.769584900980112252e+02,-3.686028260165687698e+02,-6.372910565677142358e+02,-6.955544429352456746e+02,-6.357824939128427104e+02,-5.597427007950163897e+02,-3.699927355005903564e+02,-6.326118953837967638e+02,-6.302352160561615619e+02,-4.157287717909781009e+02,-4.089197050293269058e+02,-3.545958112996362388e+01,-1.471479779263451633e+02,-2.410484314676832014e+02,-3.718623816499020904e+02,-4.045282222256799400e+02,-5.589415574844804269e+02,-3.874403671607162210e+02,-6.144774831195671823e+02,-2.990718794436816097e+01,-4.753533807275510412e+02,-3.910396762617413629e+02,-3.733625650629031725e+02,-4.514815516947714400e+02,-5.811117970023556154e+02,-3.704234946639906525e+02,-4.659729742766463119e+02,-4.085911877018336327e+02,-4.656644406613427236e+02,-9.462752385155374668e+01,1.678560162860118226e+02,1.587573236916030623e+02,-2.322883426333535795e+02,4.455790260905132527e-01,-4.200004621085721510e+02,7.211001685581493348e+00,4.395527163898520939e+01,-1.282980672497886303e+02,-5.604674238944159015e+02,-6.526975531089980223e+02,-4.462501136329117344e+02,-2.004565312870242053e+02,-3.937178178358820446e+02,-3.975399576540874023e+02,-6.433275013191818061e+02,-3.077793275849361407e+02,-3.805766052037649274e+02,-5.330807447768833072e+02,-4.168382919911285285e+02,-4.319988152447951393e+02,-3.847680625905861689e+02,-4.783288155203048859e+02,-3.722107353183184273e+02,-5.314510666576222775e+02,-3.187932052704061334e+02,-2.501698088675250915e+02,-2.881349341702299967e+02,2.784885738225733576e+01,2.031333258314782597e+02,3.804393400701152359e+02,4.853064466590484471e+01,-2.642922811279679536e+02,-1.823187293830884528e+02,1.121082323863361694e+02,-7.284537451260695207e+01,1.415535243012820956e+02,1.281956878801900643e+02,4.345482879848151470e+01,-9.319250805441166108e+01,-2.786638218045142139e+02,-3.020515351660481542e+02,-2.961234928968503368e+02,-3.121189452171444145e+02,-3.458725122269262329e+02,-3.863656356731868300e+02,-6.880994957590606873e+02,-2.682627484485772129e+02,-4.498109079281561549e+02,-4.974744135086187384e+02,-3.067715640287376004e+02,-4.721438095289650505e+02,-5.010482345124170251e+02,-6.695633975205165598e+02,-5.598443199896069018e+02,-5.052742360179122443e+02,-5.610307543646642898e+02,-6.229600297303826437e+02,-5.624087720568421673e+02,-8.933080608054018512e+02,-6.369295692091524188e+02,-4.939006945584023924e+02,-4.050370554550710267e+02,-4.107592008464617948e+02,-4.731406274558944460e+02,-7.019892140652600574e+02,-5.304904093299718397e+02,-6.355528304018224617e+02,-5.888940148075714660e+02,-5.541883251167352000e+02,-5.405474943595714876e+01,1.595230178409269115e+02,1.636668067011092376e+02,-4.588568068660282506e+02,-3.418064193708261200e+00,-1.021390844303582810e+02,-1.531303888890247151e+02,2.805237041534189757e+01,1.501903798028897654e+02,4.044423285797125800e+01,-1.172722339025849578e+02,-3.562082360626106947e+01,-5.870356919530547657e+01,-1.637086442383317717e+02,-1.802469879909973258e+02,-2.790541200736853398e+02,-1.753593103135942215e+02,-2.835236446787449154e+02,6.124965655888831861e+01,-6.821055384561987012e+01,2.683328655811804992e+02,1.871351986465344908e+01,-4.178162562686583215e+01,1.020089868328255704e+02,1.988765543505387541e+02,-6.364305048410992072e+01,-1.614929152331899047e+02,-2.194945173843141788e+02,-6.207416029171770333e+01,-1.277517486558018334e+02,-1.258284398544055875e+02,1.866138940130483093e+02,4.975873487044410695e+02,4.068110842363898882e+02,4.211552375708910176e+02,1.464709530979519059e+00,-3.179034924783499036e+02,1.055138068579884134e+02,8.269921252771433728e+01,1.095442422796515416e+02,-2.481058601946460556e+02,-2.284549098021801683e+02,-2.303413113543917916e+02,-6.103219338963826885e+02,-2.380516399451387315e+02,-5.722355608461100474e+00,5.977845140690754988e+01,-1.853639592502726430e+02,-1.586742500988711129e+02,-3.287336616000079630e+02,-1.455445088356707970e+02,1.223567663788042523e+02,-6.149485236848153136e+01,-3.149540332276999379e+02,-5.225747787808999192e+02,-3.379808995901249205e+02,-1.213215322139508032e+02,-2.874484689250966767e+02,-2.239007526446224574e+02,1.151158711535059069e+02,-5.745324797253061888e+01,-1.430322197601599896e+02,-1.340104638058145952e+02,-1.666545470235920448e+02,-1.493604785548538700e+02,1.048127892885079859e+02,4.307106182438866426e+01,1.289608477102048028e+02,1.511315194190480611e+02,2.148321389359481941e+02,2.247455451107127260e+02,-1.756586708115640363e+02,1.325714675513315228e+02,2.417943834795653402e+02,1.971466465365821819e+02,8.745216463204445745e+01,3.074364970906497661e+02,9.415998623696742698e+01,1.658331292497422282e+01,-6.049572853301776831e+01,-7.377342717452336274e+01,-2.255870685599119838e+02,5.263622614705144542e+01,-7.256450829994909668e+01,-1.241363059339803385e+02,-1.079007520620895093e+02,2.120145139378431054e+01,1.042343991142873278e+02,-1.389034271756240173e+02,5.078728476664264235e+01,-1.959421216950863709e+02,-1.954799162452104895e+02,1.150142267900564548e+02,-2.513521455877435073e+01,-1.424800374019330320e+02,-1.023493257861273946e+02,-1.989939315380123048e+02,-4.781085516879045372e+01,-5.266325063752963160e+02,-3.445227039703716514e+02,1.229468315109360788e+01,-7.089421250553527898e+01,-1.605068942555053582e+02,-2.667280835595299777e+02,-8.850119431220423394e+01,-1.103381692315004727e+02,6.523499946692152207e+01,-1.708809803535181686e+02,-4.909124180164130280e+01,-5.191659817560599777e+01,-1.282960118029482715e+02,-1.928533897490578966e+02,-2.877753409688298234e+02,-3.263480458434142406e+01,2.276363956192562910e+01,-6.858082629328129087e+01,-7.067142280423922784e+00,-5.123458102189968599e+01,-1.696760729238435488e+02,8.830635754216103805e+01,-1.974762226512124528e+02,-1.709468403068547389e+02,-1.427788857475443365e+02,-1.780079464478803288e+02,5.317204874169055984e+01,-2.177770731693480570e+02,-5.687080600898042348e+01,-1.151374213928259564e+02,4.431217433931124106e+00,-8.350679373725409960e+01,2.864980655420088738e+02,-2.117335850771746664e+01,-6.523380628619639765e+01,-8.630689525349094993e+01,1.438626949432318725e+00,-2.798322269334510679e+02,-7.649720302756111323e+01,-2.145137882566062331e+02,-1.705231702086755377e+02,-9.157715762988732422e+01,1.036032783474173016e+02,-1.280162844294540605e+02,-1.024052440706129801e+02,-1.843054159266154102e+01,-2.964882357084150044e+01,-2.710143464599132699e+02,-4.707174438462590729e+02,-2.776634053100417532e+02,-5.401670706510054742e+01,-2.856281896386611265e+02,-5.855773598287074719e+02,-4.284895367277323430e+02,-3.059106968343261883e+02,-3.108750426848856137e+02,3.872611308630496296e+00,-2.888824991347195237e+02,-2.275953101929247850e+02,-1.782600828699227407e+02,-1.361773812716385805e+02,-2.524863698909419440e+02,-9.831044902162909693e+01,-1.755918325061288385e+02,-2.088253292991691410e+02,-1.393748228644872711e+02,-1.973389621486162468e+02,-1.177838003174028358e+02,5.656501596854525360e+01,1.283770781048121137e+02,4.478900915245486658e+01,-1.551170840287235251e+02,1.851358037091233371e+02,-4.937608490373727932e+01,-2.177390453721767756e+02,-1.291281241482420228e+02,-3.839232388167204135e-01,-4.184159309808507032e+00,-3.453602605918990776e+01,2.048485443324709649e+02,3.345394368332715658e+02,1.827217558940132278e+02,3.544997895065142757e+01,1.846302704964811312e+02,6.730569507821275010e+01,1.968081606654315578e+02,1.933555857240176579e+02,1.071610519149149354e+02,2.348803074020920576e+02,-9.415566056501245384e+01,-6.904048510155794816e+01,-8.914942200588808419e+01,-1.145906921744472129e+02,2.314267266397627623e+02,-2.280173987254366352e+02,7.471027951515509358e+00,-4.628894057261301214e+02,-1.161008575024697507e+02,-2.239177321618858514e+02,-1.286367864402320151e+02,-5.507767782047613991e+01,-1.091326671185300938e+02,-2.888670972808637316e+02,-2.220027654544153393e+02,-3.992655164383215265e+02,-4.129860833936593849e+02,-5.630308062040347750e+02,-5.877062361442281144e+02,-3.700103233720720368e+02,-5.924052420712640696e+02,-4.306442114442467073e+02,-3.737197541288634284e+02,-4.144947515145757393e+02,-2.403309528365944061e+02,-4.334693330580918200e+02,-3.246075312228756502e+02,-4.313497306909790723e+02,-5.948058085884547381e+02,-4.692206877298334575e+02,-5.221161753728223403e+02,-3.267031854347200692e+02,-1.519370821499508395e+02,-4.180853439133684333e+02,-5.565693208479329996e+02,-4.526259367934736701e+02,-1.590617464599631319e+02,-2.738368822586305100e+02,-3.479820012343533904e+02,-4.628902328729549822e+02,-3.007297958791445467e+02,-5.117618713826784074e+02,-2.915547805669284003e+02,-2.206874959238510314e+02,-4.012490173659972470e+02,-3.556310062103736414e+02,-3.360738975751448834e+02,-2.944314720477204332e+02,-7.743592547880871280e+01,-2.793788966569542822e+02,-1.968497933934277455e+02,-3.380462960419365004e+02,-4.734472557452843375e+02,-3.953576687050132819e+02,-5.002587539502535492e+02,-5.207322201110088145e+02,-4.288220910121629004e+02,-4.720244305954083188e+02,-6.012868497811380166e+02,-6.242544319168486027e+02,-6.171332225325796799e+02,-6.285013028220689648e+02,-7.379008033707920049e+02,-3.854125152031591597e+02,-5.762173590599445561e+02,-6.209549454091795724e+02,-6.892238095405955391e+02,-1.019657301905429335e+03,-7.580948920582117125e+02,-6.787906553647173951e+02,-4.980931604600893934e+02,-6.566741838008347258e+02,-6.508211914830850446e+02,-4.166746333013102230e+02,-6.505759862132624676e+02,-6.917898933196546523e+02,-8.746177033051300214e+02,-8.865084080275508995e+02,-6.158142966848055266e+02,-1.006338305342097101e+03,-8.386463939002090910e+02,-5.522634506304347042e+02,-6.282374944935844496e+02,-5.678589627153337460e+02,-6.833883567585991159e+02,-6.802112062082736657e+02,-5.716925638444527067e+02,-4.274425988812206469e+02,-1.239908869944682124e+02,-6.012511238057231822e+01,-1.660905673931183628e+02,-8.242085600649978687e+02,-8.080164351125556550e+02,-8.153700557459255833e+02,-4.880519268207295340e+02,-3.743677673452231147e+02,-3.952542208313038827e+02,-4.404172084648282635e+02,-3.588352645936118392e+02,-5.126844095631111031e+02,-4.530029619357731576e+02,-3.307522273487605844e+02,-5.828908999986928166e+02,-3.494474885787188896e+02,-3.918001802915616736e+02,-2.827257529037582344e+02,-3.365377847192095260e+02,-3.800453385317721313e+02,-4.233670492055522345e+02,-4.542946859080009290e+02,-4.478264057666623330e+02,-4.851797681621858942e+02,-5.114185785857014253e+02,-4.741731029170497891e+02,-3.746739830732294649e+02,-5.073350889530458403e+02,-5.930899517082571037e+02,-4.322161532907933292e+02,-3.805013429240777896e+02,-5.842799202433801611e+02,-3.528988872545339177e+02,-5.809410507981510818e+02,-4.921725395550467965e+02,-5.496803300893682263e+02,-6.230901954705818753e+02,-4.920751359267392786e+02,-4.806985615070491917e+02,-6.956622615295428886e+02,-4.733220326999404506e+02,-7.566217247057294344e+02,-5.935563886107764802e+02,-5.269761027457554974e+02,-5.225883593414714596e+02,-5.256720355573272627e+02,-5.116040496151028947e+02,-3.888321594751445218e+02,-5.162090623586924494e+02,-5.753750953639033696e+02,-5.408497826775750354e+02,-4.613105992422060240e+02,-6.178051646328445941e+02,-4.660032496044207733e+02,-5.615174884202502881e+02,-5.695391909931822738e+02,-4.062701225420726132e+02,-4.535670069358661181e+02,-5.277374693693839163e+02,-4.973937072944407873e+02,-4.439470979861626461e+02,-6.899196783166056548e+02,-8.487082936764935539e+02,-6.302036327974767573e+02,-5.937034944902025018e+02,-7.544417581587593986e+02,-7.997611847391819992e+02,-7.407251419817731630e+02,-1.094714130691472064e+03,-9.046428900876533135e+02,-6.841715641900591436e+02,-8.685355915115004564e+02,-7.616999101349629200e+02,-8.943850264732762980e+02,-6.861821969879880498e+02,-7.814361641706093451e+02,-6.224030774767124967e+02,-6.754364245723626254e+02,-6.249180213533720689e+02,-6.968237208542160488e+02,-4.720114248410395135e+02,-7.310976141575204110e+02,-9.555998829955883593e+02,-6.457483321253188251e+02,-6.826190277943242108e+02,-8.496069778096289156e+02,-7.328647093466023534e+02,-7.848485648023406611e+02,-7.461219458525455366e+02,-7.157278620044888839e+02,-6.535814840638977330e+02,-5.432368777484526845e+02,-7.300662069486609198e+02,-9.758571000568588261e+02,-1.011544897492263203e+03,-8.254516331252089003e+02,-8.386897416076116087e+02,-7.591160192200209167e+02,-5.766842542225109582e+02,-7.403177364451681797e+02,-8.550861232333292037e+02,-6.378986878532087985e+02,-5.958707476328163466e+02,-2.684624045988215357e+02,-3.703698276112925782e+02,-4.262670657051987746e+02,-3.481072885405253601e+02,-3.354631957783085454e+02,-2.338391659697637124e+02,-5.871888471586366904e+02,-4.652160192457060930e+02,-3.501532512603725991e+02,-5.002854264910237134e+02,-4.060849454122526936e+02,-4.705710880088959129e+02,-6.750851957930740355e+02,-5.301663589651882376e+02,-5.923227229905128297e+02,-7.180043692106654589e+02,-4.577641742403627632e+02,-5.627435967212093146e+02,-6.121817602353602297e+02,-4.783953313032648111e+02,-7.677455053786392227e+02,-4.599274639609615178e+02,-6.577847226611958149e+02,-8.245245187264059723e+02,-8.347503295150339682e+02,-1.024306031801409972e+03,-7.811735520038123468e+02,-6.220731283642541030e+02,-5.356286598325812065e+02,-8.670737531344217359e+02,-7.093600707068286511e+02,-6.601472228194522813e+02,-4.879145914102015240e+02,-7.661743210211413952e+02,-9.020459543637198294e+02,-5.781513733627472220e+02,-8.321889589471109048e+02,-9.109907068963046868e+02,-9.634602423105966409e+02,-1.350637783968715667e+03,-9.401483287023891080e+02,-8.819909292397695708e+02,-7.580808364564929889e+02,-8.253858982388819641e+02,-6.446495971059293879e+02,-5.902422210102727149e+02,-8.456863365706677769e+02,-6.028552066679086465e+02,-9.085898814800842729e+02,-9.542378177839566433e+02,-9.303634090245298012e+02,-6.884541490582718097e+02,-5.616984350080219883e+02,-6.421254463871423468e+02,-5.675052980004070378e+02,-5.444417790934737695e+02,-7.767982192649958506e+02,-7.813730399092546577e+02,-6.519399707725845019e+02,-7.156547332215250208e+02,-7.099261051273331304e+02,-7.115492012372676527e+02,-9.727473749742044902e+02,-8.791453745610899659e+02,-1.292103210377352752e+03,-9.652724273860289941e+02,-6.110919458060413945e+02,-5.817504375171297397e+02,-1.017217858021400843e+03,-8.202135619338608876e+02,-9.726840644797928235e+02,-1.045950370750692173e+03,-1.010576131781707318e+03,-9.297207094815237269e+02,-8.974864204321029320e+02,-1.339893110274287665e+03,-1.237411790737842239e+03,-1.129011959292674419e+03,-1.018830794087627510e+03,-1.098269725334070472e+03,-1.241841400369055918e+03,-8.554422461445357158e+02,-1.072374250495432989e+03,-9.329725565590183578e+02,-9.455192429754497425e+02,-1.007741785245710162e+03,-1.290976479365527211e+03,-9.091951685284211635e+02,-1.141014179477799189e+03,-1.232690642003923131e+03,-8.898898893868412188e+02,-1.010945651893462127e+03,-1.130431849330720524e+03,-8.871487374001246735e+02,-1.095185629151427065e+03,-9.242435000243611967e+02,-1.206569896628683409e+03,-1.049705715672622318e+03,-1.175184362186159888e+03,-1.053898816199248358e+03,-1.204168658521189627e+03,-1.126654891735111960e+03,-1.126229319008166385e+03,-8.967947035567606235e+02,-8.295743291980484173e+02,-8.905701464421821356e+02,-7.401159460309652331e+02,-1.170875984116709787e+03,-1.181162833997240341e+03,-1.133345099798486444e+03,-6.944740926085916044e+02,-9.541137164927638423e+02,-7.409625273987556966e+02,-7.553311592424654464e+02,-9.322729939899551255e+02,-8.335049740810595722e+02,-9.394185600227776831e+02,-5.353841814268789676e+02,-4.849383340025866573e+02,-7.571588065973299990e+02,-1.020204340469628960e+03,-8.731109979321762466e+02,-3.819920814691862461e+02,-2.183576342811673499e+02,-2.638331506151326948e+02,-5.599069243905211124e+01,-1.101278518608229433e+02,-7.600927176100123006e+01,2.496580581650571276e+02,-3.929887728835410599e+01,-1.639620393139521184e+02,-4.329915033225955199e+02,-5.945465525237630118e+02,-3.689729290843915805e+02,-6.819618741735532694e+02,-5.298408146409718711e+02,1.802066631685400466e+02,3.006154182168372131e+02,3.116787190801324527e+02,2.139886704180061088e+02,1.132933865074552955e+02,2.711183863334406396e+01,-1.289487085689069090e+01,5.553024671700532622e+01,2.768927622197969640e+02,-3.208325170426892896e+02,-1.909533069177295204e+02,6.594522464797756811e+01,-2.569635707336167343e+02,-1.844304744446390032e+02,-5.297521524826639734e+02,-4.201315983404230110e+02,-3.815470932579507348e+02,-5.607354800895215021e+02,-8.000858539420464695e+02,-6.733002519007234241e+02,-6.334728522028110547e+02,-8.137050545566514757e+02,-4.858071652357218682e+02,-6.296835076414828336e+02,-5.361490591229945721e+02,-9.928187077387316322e+02,-1.067532617531015376e+03,-7.494002592205590645e+02,-7.292876494398634577e+02,-5.958224462305674933e+02,-7.512880471740833173e+02,-7.709531542455406452e+02,-1.027477870238143623e+03,-1.177055903257505179e+03,-1.015803670074456932e+03,-9.640542863739929089e+02,-8.046663817292685508e+02,-9.130771924614616637e+02,-8.010220569129332944e+02,-7.263933579284305324e+02,-8.333099560006555748e+02,-8.146948234163876350e+02,-1.237882119561054424e+03,-9.563613932564393281e+02,-8.424335256487645438e+02,-8.853968083146164645e+02,-1.176309171292034762e+03,-9.325963011412191008e+02,-1.531365180248700199e+03,-1.235609318260278542e+03,-1.069831998485144823e+03,-1.050400258005951173e+03,-1.183511323137997351e+03,-9.926544488063195786e+02,-8.645982378357774678e+02,-9.497862358434142607e+02,-8.588771874521593190e+02,-1.072475290633407894e+03,-1.058210215399039043e+03,-7.874295313288749867e+02,-9.424001774951802872e+02,-9.832326342872079294e+02,-1.289131060468339683e+03,-1.119889706184913393e+03,-8.994228490690138642e+02,-7.598353079326302577e+02,-8.896607082582803514e+02,-8.410213465714334689e+02,-7.188901394573654215e+02,-9.452479086960495351e+02,-9.175074278558309970e+02,-8.235081756729393874e+02,-8.482851225152367078e+02,-7.319885544211402930e+02,-7.850296266720110907e+02,-7.867939859538026894e+02,-1.084372160413194933e+03,-7.311720040369843900e+02,-6.392108105379662675e+02,-6.958538712872568794e+02,-9.132006954213161407e+02,-7.068444263916122736e+02,-6.725361460607820163e+02,-8.671705409428999474e+02,-1.047054044952017193e+03,-9.022506090315212077e+02,-6.094167013920589397e+02,-7.100027951037668572e+02,-5.999519518635945587e+02,-9.966533339098142505e+02,-7.531871355181217496e+02,-6.388365072468415065e+02,-5.964436196727161814e+02,-3.976101973013778661e+02,-4.904856152795756543e+02,-7.586699847688051932e+02,-8.656217262335574105e+02,-7.793629476675992009e+02,-6.477252956418827807e+02,-8.806966261847364876e+02,-6.928718456921515099e+02,-8.751433644603214361e+02,-7.437779878530004680e+02,-8.241095213243640956e+02,-5.243675149250133245e+02,-5.934157743108028171e+02,-8.233079527770275945e+02,-7.991164010988007931e+02,-8.840732334771792011e+02,-6.004858854594666582e+02,-6.710943455483496791e+02,-7.262864922912365273e+02,-1.102326325879922933e+03,-6.431577985463513869e+02,-6.634052043277357598e+02,-5.954773561449559338e+02,-1.013322918174742540e+03,-7.048522393711565428e+02,-5.617632460405136499e+02,-7.745070266382974751e+02,-1.015049135424916244e+03,-5.974989662791922456e+02,-6.810199926539629587e+02,-5.902974393269097391e+02,-6.444580242196428799e+02,-8.338840088775328923e+02,-1.059218406879665508e+03,-8.440791893578830241e+02,-7.171832359490042563e+02,-4.432622004320627411e+02,-8.005901284709195806e+02,-8.238276613454620474e+02,-6.699946896965161613e+02,-3.767487073639239838e+02,-6.872181230120565942e+02,-2.875156311705672465e+02,-5.749903398313147136e+02,-7.910492532805910741e+02,-6.741723216535531265e+02,-7.895363515433980410e+02,-8.359905634306420552e+02,-6.786100679442721457e+02,-6.726017249928862611e+02,-7.379594333101529173e+02,-9.315079681647065399e+02,-8.291474533874611552e+02,-8.681185607711638568e+02,-7.474543726305475957e+02,-6.292446844091074354e+02,-7.245623066718881091e+02,-8.249576646046092492e+02,-1.044087841430747176e+03,-1.028067853960305911e+03,-9.397619625081254071e+02,-1.019233736346498745e+03,-9.556367151179458688e+02,-9.654318324260530062e+02,-1.189656608338705837e+03,-1.135749706321895928e+03,-9.151671067501613379e+02,-1.074439780769794879e+03,-1.134325400035492066e+03,-1.061387525706447832e+03,-9.777606894444986665e+02,-8.970078989771701572e+02,-9.483428600520785494e+02,-8.693817723900808687e+02,-6.743322027534601375e+02,-8.632064299855212539e+02,-7.026408994577585645e+02,-7.356033903504901446e+02,-9.946376402657608651e+02,-8.060651473146117496e+02,-7.577513984619979510e+02,-8.289892895654234053e+02,-9.627799172513095982e+02,-1.116572035724133912e+03,-7.363424934220090563e+02,-6.626127672723423530e+02,-7.378690962356420187e+02,-9.896525529359934126e+02,-8.971483289356983732e+02,-6.743398205000517009e+02,-7.125721643563482530e+02,-9.786342729560885800e+02,-8.247817304141517525e+02,-8.840770770176829956e+02,-6.267949639403759647e+02,-7.559646548181665366e+02,-1.022427564783169146e+03,-6.257061812958022529e+02,-7.915204362465626673e+02,-1.002303252730787335e+03,-1.164798936756206558e+03,-7.085520554051599902e+02,-4.761076184611280269e+02,-9.588979289125741161e+02,-7.921509884562558454e+02,-5.692819562654046877e+02,-6.027992773692195669e+02,-9.033455496464582666e+02,-4.975058426618888348e+02,-6.444579545297777941e+02,-9.449751958938043117e+02,-5.606497291317534746e+02,-2.898121961518356784e+02,-2.105508113958175613e+02,-5.470489814927168482e+02,-4.347252643880725600e+02,-5.742718114207099234e+01,-2.303880613920208589e+02,-5.239340497089185646e+02,-3.795948136259558510e+02,-3.545792532227000038e+02,-2.445943579842881945e+02,-9.216413310691905281e+00,-1.573610571066324724e+02,-4.969125833701076544e+01,-1.092729270619351496e+02,-2.704953667519297937e+02,-4.595272565067919004e+02,-3.754078366325120442e+02,-5.317669460826124350e+01,1.980713021008209012e+02,-5.046133270652005649e+02,-4.732283895777505904e+02,-2.015853622419764406e+02,-3.031372203634686002e+02,-3.908719568431459948e+02,-4.324805879259675407e+02,-5.189954843228056234e+02,-4.439262115262848170e+02,-4.118513360688926355e+02,-3.942764753116514385e+02,-4.010880181229889558e+02,-4.381681076539294963e+02,-1.715683522931909124e+02,-3.158587622969898234e+02,-1.013156440753690504e+02,-3.742142025410192332e+02,-2.348168695351443489e+02,-3.932134554642397006e+02,-3.002451592913444074e+02,-4.931208598257776430e+02,-3.855566651734071684e+02,-1.872830537982692078e+02,-4.385130217158248911e+02,-5.148083701130822192e+02,-3.782187369990530783e+02,-4.433128107442050805e+02,-4.941195133433620867e+02,-1.892734299865986145e+02,-3.736005014529171717e+02,-3.312894799645012540e+02,-2.613149041357771694e+02,-2.791155162985657512e+02,-5.650921434319704986e+02,-2.769871441442823539e+02,-2.206000609776829151e+02,-2.843198025525288131e+02,-5.319811288869691452e+02,-3.869583885990633689e+02,-5.843762812767384958e+02,-4.720742738974706754e+02,-3.354840857890658299e+02,-1.797670187961898023e+02,-4.788945074440931648e+01,-6.594800134585096885e+01,-1.611777818674378011e+02,-1.044045692429018004e+02,-2.591693919407890689e+02,-1.281152075005738311e+02,-2.618808575060361932e+02,-1.411814932163807157e+02,-2.443514889559789651e+02,-3.155138590368552514e+02,1.857407864522724594e+01,-2.485562429242501992e+02,-2.318248264441986350e+02,-2.087703069733130974e+02,-1.818092826394422161e+02,-9.886650123238308652e+01,-3.268914105317220447e+02,-4.169253713782730983e+02,-2.758157600955627800e+02,-2.838803842446534418e+02,-1.379269707575469965e+02,2.645498178108994125e+02,2.158458604208898919e+02,2.362476055202064344e+02,7.592896131128395609e+01,-2.940455046387350535e+02,-5.561207194722726399e+01,-7.584321982954861596e+00,-2.688490024153226727e+02,-3.420302336384864930e+02,-3.709321718183689995e+02,-4.836916666628253552e+02,-3.938950025024089427e+02,-5.551848053963711891e+02,-5.007003397924324872e+02,-2.828152697182563884e+02,-6.399837423222343205e+02,-3.051368016409344932e+02,-4.735363338812707639e+02,-5.929370521222697334e+02,-4.209864573178822411e+02,-3.149311639034043537e+02,-3.315283421954325149e+02,-4.756601245909484987e+02,-4.108114175655627491e+02,-5.892011647800438823e+02,-5.891951777444317031e+02,-5.556506869697989259e+02,-4.525398752235776669e+02,1.289044509739551927e+02,8.779385982066179395e+01,-1.402797137284751443e+02,-5.678401346798985969e+02,-6.113383802221193264e+01,-4.825186596305376270e+02,-1.086363324485896555e+02,-1.534592146765166376e+02,-1.372339169424124350e+02,-3.319401390058521315e+02,-4.089784733554502623e+02,-5.040993755000758938e+02,-3.965786329613379166e+02,-6.030793284351109378e+02,-5.193265715352495135e+02,-3.897948408356575101e+02,-7.714113563164087282e+02,-8.524294380712528891e+02,-4.365188669363412259e+02,-6.385563360615628881e+02,-6.873923050815951683e+02,-5.108156131003983091e+02,-6.331433804758185033e+02,-7.020031755651365302e+02,-6.174683261995442081e+02,-5.327488883304748697e+02,-5.726612172287323119e+02,-4.607895708971499289e+02,-5.023396875161374169e+02,-5.729570204153808390e+02,-6.079004284791876671e+02,-5.632974164947540885e+02,-5.026588726933666180e+02,-4.518315190627827747e+02,-3.586904610102427569e+02,-3.471150435332658049e+02,-2.526026339678037118e+02,-6.057497637756779341e+02,-4.143504404308887956e+02,-4.948073763069936604e+01,-1.013074284042113504e+02,-1.440900241227733432e+02,1.455022098652246996e+02,1.002026015036254876e+02,-2.541985660317445479e+02,-9.132476051473980760e+01,-1.659954683072836303e+02,-3.793871764832569511e+02,-9.961921125981655223e+01,2.929803245696899694e+01,3.407497828839439080e+01,-6.205923371905959129e+01,-3.325327536108937920e+01,-8.532874972372405864e+01,-1.749884642198523750e+02,-8.005482092865682375e+01,-1.689307287204256340e+02,-1.790034337340945854e+02,-2.504676169731557707e+02,-8.365875800010388730e+01,-7.416280604972394030e+01,-1.338320934059041178e+02,-7.032890066714185195e+01,-5.680309802713696854e+01,-7.873221619269565963e+01,1.129458940328714789e+02,2.999322970676756768e+02,-2.455828668784813544e+02,-3.071080948312758210e+02,-8.968785319580479154e+01,-1.265677010860553651e+02,-4.048574430298403968e+02,2.847440411799277626e+01,2.649743070728957264e+02,1.349182545874232915e+02,7.906792748012668426e+01,-1.505985150596591780e+02,-1.190590426495830911e+02,-2.505142241184983334e+02,-2.382566352473679672e+01,-1.186358039762595240e+02,-3.136283888413090608e+02,-3.391417907497086048e+02,-2.219064606924211773e+02,-4.532827221497951768e+02,-6.133998570767382716e+02,-3.607483274077821989e+00,1.269077615290860876e+02,-1.441931675079103456e+02,-2.224975365464346737e+02,-2.367210040481647866e+02,-2.266450981040865429e+02,-1.464970851552847364e+02,-3.556132934528854435e+02,-5.341488313227755498e+02,-3.800167816833938446e+02,-5.795477062655160125e+02,-6.019521690435035453e+02,-2.984260956045540638e+02,-1.185609751704840278e+02,7.223130834587072968e+01,-4.180474118797701522e+01,-1.125557825230906133e+02,-1.409842004819420538e+02,-7.632455157888102804e+01,-3.936231946776945847e+02,2.103667239080647278e+01,7.210744964162080350e+01,2.412338609017058388e+01,1.213396492413909868e+02,3.451093130691773467e+02,-2.156528961509008013e+02,-2.590952617130052431e+02,-1.156567843540252625e+02,-5.597465998979180313e+01,-5.662676218574358700e+01,-1.119947415671077806e+02,1.295944275056969559e+02,-2.280676530771922330e+02,-2.192154500920036071e+02,-2.816004512083208056e+02,-3.983209466304826947e+02,-4.296244687906528270e+02,-4.082025061778219879e+02,-2.939858211201317317e+02,-4.283856796548323587e+02,-3.119942423664609805e+02,-1.358093996953919600e+02,-1.509144355636831278e+02,2.067103060837752082e+01,-2.412778886413985902e+01,-9.012801780363543003e+01,-2.026457888866300436e+02,-1.201241597873424212e+02,2.135815880700289426e+01,-4.693472058717424034e+01,-2.299129094825182165e+02,-1.404120143225372885e+02,-1.794176699686775862e+02,-3.443483358568999506e+02,-2.889358093322977084e+02,-1.159781931625349216e+01,-9.481015360372907708e+00,-1.533029421930699527e+02,-6.420163486316283752e+01,-7.076352571225186239e+01,-3.163835134485826188e+02,-3.749569827263843536e+01,-1.117686121302308777e+02,-2.121537515828929088e+02,-7.682723336699041283e+01,-9.031064284296013511e+01,-1.003708235910696658e+02,-1.100387793132879324e+02,-2.220738804103973507e+01,-6.118189826295059675e+01,2.668636910361237824e+01,1.240323470083382063e+01,2.096805814505291892e+02,-2.304426183126670935e+01,-9.286788451777272257e+01,8.383439814627547548e+01,-2.910263381912437808e+01,-1.587617040230122427e+02,-2.142668965655241209e+01,3.646303599074008162e+01,8.300587609993345950e+01,9.502791485846103114e+01,-1.832556642140559688e+00,-1.812792523795085060e+02,-1.308211851068494411e+02,-2.590285166899013802e+01,6.483970901662092956e+01,-8.588558981823337035e+01,1.429856793979818690e+02,4.614314872383684474e+01,6.671184958240723972e+01,-2.272762013811035899e+02,-1.597472301384524371e+02,-4.057339098101147101e+01,-4.678995205663539991e+01,-8.521575960854931964e+00,-8.191627100640488379e+01,6.692104029198512194e+01,3.614484196568952257e+01,-5.871660338722972483e+01,-4.123785966646079828e+02,-6.768170693984080799e+01,-7.956109412083688426e+01,6.357779318372212174e+01,7.789265449674189767e+01,1.604695416621026993e+01,-2.580331624788546492e+02,3.492683894837392700e+01,1.865543002600986711e+01,-1.404844662547308189e+02,-3.105175796418063783e+01,-6.715737625852625570e+01,-1.999794814534433840e+02,-1.104717938533817971e+02,-1.622641485778534900e+02,-6.214202683369566671e+01,8.462756088925141285e+01,2.673282348253110285e+01,-1.892633621791379142e+02,-2.478486514375856586e+02,9.056911074039572895e+01,1.023708922373012911e+02,5.260859291448446129e+01,8.451774657364043719e+01,1.436104814712035420e+02,-7.065758417549653814e+01,-1.490625402025976598e+02,-2.607583105769239182e+02,-1.777086027372217245e+02,-2.913843858872101578e+01,6.006125560204588965e+01,1.742533886997745753e+02,2.244043751617869020e+02,2.451422280529004070e+02,2.455728050521983334e+02,9.153475283123555073e+00,1.105511861302449006e+02,3.741608519294584312e+01,2.476114569710089768e+02,1.369018689035736429e+02,5.844530367811455562e+01,-1.253153822019817483e+02,-1.749723884708723460e+02,-1.698509796689024824e+02,2.510053682108434714e+00,1.164494688424276205e+02,6.121866378436504874e+01,3.681623415587415593e+01,-2.039208795954460527e+02,-3.680467491257554116e+02,-3.707666139800267047e+00,-2.426649239061201229e+02,-2.203299367061060252e+02,-3.430904894123275426e+02,-4.387726391736028972e+02,-1.481466727941208603e+02,-1.659765369595572508e+02,-2.838906146909263839e+01,-3.012730143719227272e+02,-3.006586353186070255e+02,-3.978117168063965892e+02,-3.423686908765873227e+02,-2.000894264082425593e+02,-2.311781141898482019e+02,-1.692150880860403674e+02,-2.063014383569012580e+02,-1.287113865868849416e+02,-2.352791226383940852e+02,-2.457204033291750136e+02,-3.037861425155018651e+02,-2.675628811899615584e+02,-1.552536527756357145e+02,-1.024681101374205241e+02,-2.021634727461135412e+02,-7.788471061748845159e+01,3.774856422877729756e+01,-1.407870107832795270e+02,-1.244905634523808260e+02,1.186466661629543751e+01,5.052720829977383232e+01,-3.681149833920336505e+02,-3.056834319366413979e+02,-2.838345330372780495e+02,-3.108757144900192770e+02,-1.937559910733373272e+02,-1.579074350470773425e+01,-1.590144076521638397e+02,-1.300109458852303703e+02,-4.882987039253716688e+01,-2.039607520781731296e+02,-1.961249009697916961e+02,-6.236315329721742273e+01,-3.836040060814060837e+01,-2.405480107484731320e+02,-2.042196120602528993e+02,-1.799461461483840878e+02,-3.098697032330096022e+02,-1.992703822720170308e+02,-2.028467530493624906e+02,-1.547725577553485152e+02,-3.183451621879122513e+02,-3.378643920480007523e+02,-4.169974131711471728e+02,-3.778389776485668676e+02,-2.208293982283619243e+02,-4.169673309425126604e+02,-3.862828779451562013e+02,-2.715469608467783473e+02,-4.790183215959594918e+02,-6.001578036760602117e+02,-6.438865080571140425e+02,-5.987594344850713242e+02,-5.811675176053579435e+02,-5.139659138618048928e+02,-7.172510346298220156e+02,-6.509999542980941669e+02,-6.262541275710617583e+02,-5.386848512368881075e+02,-9.309207407745049068e+02,-9.044344870993110135e+02,-8.591862221616863735e+02,-8.638259760695593741e+02,-6.891246339721475351e+02,-8.401010594643415743e+02,-5.952847015945683324e+02,-9.151312112971103261e+02,-6.617936855085413299e+02,-5.174228048745035267e+02,-7.240447577589998218e+02,-5.998996754094896460e+02,-3.397744860198880019e+02,-1.198238069885449022e+02,-2.732176362929690754e+02,-7.284252513781334528e+02,-7.121481460399761545e+02,-6.626065228966789391e+02,-5.686819872306913339e+02,-5.651921574476875776e+02,-5.790485930131187615e+02,-7.621936964873578972e+02,-6.005314007626562898e+02,-7.549919512039368783e+02,-7.229192287937569290e+02,-4.100372138955594323e+02,-5.818986483748982437e+02,-6.326386920051741072e+02,-3.049150083997041065e+02,-5.294852339461189104e+02,-5.343796555889870206e+02,-5.970304224013875682e+02,-6.545581548894199386e+02,-3.007354634646663953e+02,-3.782993153805576299e+02,-6.458466954496223025e+02,-6.286635340728983010e+02,-6.781035672821512890e+02,-7.769431245100959131e+02,-5.835170189564009888e+02,-7.429076497649344901e+02,-6.008240153658125564e+02,-6.570344339699936427e+02,-7.711836668094617835e+02,-6.466746074219421416e+02,-7.764875607952544669e+02,-4.896759913299028995e+02,-6.071408001921707864e+02,-6.476331410767663783e+02,-4.560771390461691226e+02,-8.077408166591155805e+02,-6.269031605975634420e+02,-6.470735878977486664e+02,-6.049904328030298757e+02,-1.154561505538794108e+03,-8.049895562993649492e+02,-6.825998949612968545e+02,-6.677267196188834077e+02,-7.793049021119206827e+02,-7.162431270524840556e+02,-6.894074071167628972e+02,-6.562554872954049188e+02,-5.760568501405290363e+02,-6.158901733260332776e+02,-6.479725556648249949e+02,-7.055574129424655894e+02,-6.581170355138581272e+02,-8.508739907041587003e+02,-1.042671017357255096e+03,-6.207342043004894094e+02,-6.280901668558193478e+02,-8.526658719765563319e+02,-7.247068797576680481e+02,-8.256735080848993675e+02,-1.016924751978965560e+03,-8.756923099401473110e+02,-7.450519878705373458e+02,-6.895333069961079673e+02,-8.327596961020371964e+02,-8.649487935708522173e+02,-8.228937779967617416e+02,-1.153388114382074036e+03,-1.009007482028399636e+03,-1.262298993298929418e+03,-1.052034705793440935e+03,-9.382663994407090513e+02,-9.312821267709801987e+02,-9.351283627457963803e+02,-9.545749337200503533e+02,-8.920345824079685144e+02,-8.166710529088387602e+02,-9.337366118363869418e+02,-7.810680713040100045e+02,-7.304926770790269757e+02,-7.376818249104649112e+02,-6.559143316356188507e+02,-8.779809770080609042e+02,-9.936235580410040029e+02,-1.107458065390842876e+03,-1.054907275128985702e+03,-1.003776357483297943e+03,-8.490430680271666688e+02,-9.299104054672229722e+02,-6.689936008737747670e+02,-9.878961245846040811e+02,-1.126954997122111990e+03,-1.305393211348966133e+03,-1.283532973924877751e+03,-1.324377551057763867e+03,-6.854161542048041156e+02,-1.044330537458271920e+03,-1.150095555682594750e+03,-8.443003499553981328e+02,-8.620251574932741505e+02,-7.343222191029021815e+02,-9.958470871554418409e+02,-8.613207023256945831e+02,-9.124073101450478589e+02,-9.090847390264386831e+02,-9.413960526635936503e+02,-7.290917348799287083e+02,-7.167098202985496300e+02,-6.960826702837252924e+02,-9.629613595685951850e+02,-1.224512866742347342e+03,-1.423719619708519531e+03,-1.496922047406975707e+03,-1.367908422738143827e+03,-8.128037857360320686e+02,-1.372967867791494200e+03,-1.273951369610527308e+03,-1.232275834633374416e+03,-1.001654989616897637e+03,-9.350462866603572820e+02,-1.005880880167755777e+03,-9.405689289161255147e+02,-1.119964174814726221e+03,-9.996182678465487470e+02,-1.068876710000499543e+03,-1.156557826456647717e+03,-1.078941940456063094e+03,-1.178171106986081213e+03,-1.293427367738205021e+03,-1.242950404164157135e+03,-1.177106959141476636e+03,-1.151253419311147354e+03,-1.172154304497870498e+03,-1.513691922294614869e+03,-1.530790157773602004e+03,-1.147527219103741118e+03,-1.632523328989707352e+03,-1.466065175587695194e+03,-1.521973307522388041e+03,-1.563195984833587318e+03,-1.577919053599470317e+03,-1.512308706874230211e+03,-1.565346311421800465e+03,-1.646580565615099431e+03,-1.449972387775972038e+03,-1.326343859903925477e+03,-1.290913669427399327e+03,-1.616898758984066035e+03,-1.404567506474138554e+03,-1.490611256498109015e+03,-1.476742499399357484e+03,-1.712815696750871439e+03,-1.744926040417234162e+03,-1.761047155779727746e+03,-1.701287121445194543e+03,-1.625380356556066545e+03,-1.708301683396314274e+03,-1.731780686126473483e+03,-1.687117408430096475e+03,-1.484061537717664351e+03,-1.701599752901191778e+03,-1.409342588714596332e+03,-1.355749470738000127e+03,-1.376903362966065288e+03,-1.525860902395436597e+03,-1.697537530939149065e+03,-2.197738780238350955e+03,-1.588136351624759754e+03,-1.246788084876189259e+03,-1.381717607434340152e+03,-2.049349047602167047e+03,-1.727070850663461897e+03,-1.462710145921330422e+03,-1.311732136175663527e+03,-1.411528747253559686e+03,-1.511854693375246143e+03,-1.400784022568361706e+03,-1.339047656325259823e+03,-1.189767815481601474e+03,-1.655541942210952584e+03,-1.673433670421378338e+03,-1.423464467941892508e+03,-1.276327012234537960e+03,-1.290323992280191078e+03,-1.254004208318342080e+03,-1.109439713004618625e+03,-1.245750261286665136e+03,-1.281020494227253494e+03,-1.174784346838833699e+03,-1.337683097927562358e+03,-1.470319424343352694e+03,-1.631487988954687808e+03,-1.560895563075230257e+03,-1.474240001736352724e+03,-1.557046218546434375e+03,-1.370761856350560947e+03,-1.604929011886809121e+03,-1.748498537744852456e+03,-1.369206381119327943e+03,-1.341304321384114019e+03,-1.402063962443909759e+03,-1.007947332634415716e+03,-1.277211466277736918e+03,-1.278361709824252102e+03,-1.317640142512518423e+03,-1.439206244953671103e+03,-1.416605815739835634e+03,-1.594109856065197164e+03,-1.220015086506712123e+03,-1.424993465439593820e+03,-1.019467326473027242e+03,-9.665676101849985571e+02,-9.879259400062526311e+02,-1.116521394811305072e+03,-1.001468244657415084e+03,-9.396332464250807561e+02,-1.027500215279145777e+03,-1.366898647535438613e+03,-9.937934533349615549e+02,-1.067218150095163310e+03,-1.118268038402917682e+03,-9.710734468529026344e+02,-6.239227419912779169e+02,-6.313499380020311946e+02,-7.311985818063386660e+02,-2.254141872201837487e+02,1.689417890779056393e+02,-2.253526867088402241e+01,-3.168091020769138595e+02,-3.333544817443549846e+02,-2.801797195948043964e+02,-1.398320692172587769e+02,1.352577532490975614e+02,1.501428370272728898e+02,3.633668345441772090e+02,5.052444683665208913e+01,1.987625946758913642e+02,7.271269134144034751e+01,1.982327800004222809e+02,1.330032615957757685e+02,1.778754361355663036e+02,3.540840180729924214e+01,-8.562247508139938645e+01,1.196639317694720717e+02,2.043052243029521264e+02,8.741476003048148868e+01,-7.831552417635924712e+01,1.511116455801459324e+01,-2.662412341203905157e+02,-4.925189932823014374e+02,-6.697705425894670270e+02,-5.834096363379483137e+02,-3.862592427652324432e+02,-4.237837018891382286e+02,-6.245119709400692045e+02,-6.108119644776775203e+02,-9.474535126038647377e+02,-7.907452425530234450e+02,-6.685959685028516333e+02,-7.235122042690815078e+02,-9.734644516281530287e+02,-1.088207090032601400e+03,-1.143932712598075796e+03,-1.235715124064697648e+03,-1.142965366376564361e+03,-1.245423252915308240e+03,-1.145520741987789279e+03,-1.076317518845655741e+03,-1.079691490688323256e+03,-1.255291287165962331e+03,-1.478495847315097990e+03,-1.454379775925295917e+03,-1.281425747755851717e+03,-9.699338316809397611e+02,-1.347826862921242991e+03,-1.450870803521524977e+03,-1.368472142770857317e+03,-1.617814076652668746e+03,-1.243091707429136932e+03,-1.530542896222169702e+03,-1.786149858401098072e+03,-1.768653741072735556e+03,-1.734601323405746598e+03,-1.546438624210385569e+03,-1.401036753550596359e+03,-1.263973401857086174e+03,-1.435968234896783542e+03,-1.359396095900156979e+03,-1.204155157375268345e+03,-1.363252685984384698e+03,-8.812481083349566688e+02,-9.152928914395595257e+02,-1.020676161189681693e+03,-9.099389363703770641e+02,-5.285398884736636091e+02,-6.937539575266443990e+02,-8.924886459411640089e+02,-7.877179992533564246e+02,-6.421726807455905828e+02,-7.690815830893839120e+02,-8.161750023065208097e+02,-1.070059295622775835e+03,-8.522921547053476843e+02,-1.100208227373873797e+03,-1.007729035331146974e+03,-1.038249825701723239e+03,-7.098854938339503633e+02,-8.198232965138035979e+02,-7.230793194567911542e+02,-7.267687723616227231e+02,-9.526840915509526440e+02,-8.822491147385226213e+02,-1.050806276897752241e+03,-7.370837849287221388e+02,-7.520401399593540646e+02,-7.217746530429404856e+02,-1.085774319858938270e+03,-9.968038168742378957e+02,-5.239819051167620501e+02,-5.786556883249799057e+02,-5.587162329582342863e+02,-6.684982734164411795e+02,-8.304918401298373283e+02,-8.640158487134806364e+02,-9.911659169994982221e+02,-8.545027728639639690e+02,-7.648560636470373311e+02,-6.145404729381519928e+02,-9.507512887839520772e+02,-6.992265500138041716e+02,-8.307125972141902821e+02,-8.545957540318346446e+02,-8.634306406119527537e+02,-8.201009964755899091e+02,-1.077585735511729581e+03,-5.694840820208310106e+02,-7.980938087798057268e+02,-1.123560882287330969e+03,-9.961822828719459721e+02,-9.144107745180640450e+02,-7.415308908041396307e+02,-9.526811138558339280e+02,-7.912098642538617241e+02,-8.759427457650460838e+02,-8.921721784109914779e+02,-1.030426823047564994e+03,-9.746021748290071400e+02,-1.138678113852041179e+03,-9.585903928493468129e+02,-9.632651730699915333e+02,-1.029554036079572825e+03,-1.127226882734549690e+03,-9.130859325011781493e+02,-9.119711687112921936e+02,-1.102902568835663033e+03,-1.205459756475347376e+03,-1.257925241285220636e+03,-1.201313216345339015e+03,-1.363258729708926012e+03,-1.598547830681370442e+03,-1.466852738482175027e+03,-1.010650117844017359e+03,-8.874398088445784651e+02,-1.007657421099205749e+03,-9.928261343199488920e+02,-1.103495013688621384e+03,-1.436272987678129311e+03,-9.483376184178895301e+02,-7.052031993803217347e+02,-1.016899318467303146e+03,-7.098803447571237939e+02,-6.514588146828307345e+02,-7.546488662092281174e+02,-1.039784137347716751e+03,-8.666483914980045711e+02,-9.062039181063385058e+02,-7.149269082460723439e+02,-1.130180165774581837e+03,-8.583129967619956915e+02,-1.065558979956254916e+03,-8.581757728756815595e+02,-8.274550157255081331e+02,-9.105221334675184153e+02,-1.170825169059869495e+03,-1.018172916482681444e+03,-8.521897734524919770e+02,-7.870459200111231439e+02,-1.196605664848481410e+03,-1.387788747887127556e+03,-8.445128474808304873e+02,-1.114958996875818457e+03,-1.160445527701719584e+03,-1.193110524631728595e+03,-1.066208475105958996e+03,-1.276245896815049946e+03,-1.329027550038395475e+03,-1.223294127204491815e+03,-1.532205451769124465e+03,-1.167122392188348840e+03,-1.253231223374741603e+03,-1.199522986102176901e+03,-1.085176661486857483e+03,-1.382791111143250873e+03,-1.059734578051760764e+03,-8.795612570169587343e+02,-7.902495402820158006e+02,-8.542980287531850081e+02,-8.334936673942838752e+02,-1.120029017333495631e+03,-9.297890242642301928e+02,-8.317298586554882149e+02,-1.166666359348524793e+03,-8.671473444293831108e+02,-9.817859207598952480e+02,-1.022531023664121221e+03,-1.183047402247181708e+03,-1.366271971869600065e+03,-1.314140220626836253e+03,-7.988609728006008481e+02,-7.550594937241164644e+02,-7.860825332306628752e+02,-9.644971089474836390e+02,-1.123585067228502794e+03,-1.081211156816227685e+03,-8.298557530171794951e+02,-9.457644679174671865e+02,-9.526978473470971949e+02,-9.361776769720631819e+02,-7.631644139332424857e+02,-4.006487279167686211e+02,-7.890106136048391363e+02,-8.593751372413018998e+02,-9.510746729665561361e+02,-7.036149748816178544e+02,-8.440467061744511739e+02,-9.278674303145476188e+02,-7.880759036124482009e+02,-7.467671192964795637e+02,-5.389420931620406918e+02,-8.654708033020244784e+02,-7.808615939099360048e+02,-8.753267603730987503e+02,-1.072250418697179384e+03,-1.126866987330166694e+03,-8.674196346528257209e+02,-9.430296244784977944e+02,-7.748499493237274010e+02,-1.931543161947438989e+02,-2.656155193642954941e+02,-1.732208666503778431e+02,-6.768322363536722150e+02,-8.008304718252092016e+02,-9.215263932176095523e+02,-4.981892023302602865e+02,-3.022872571133808606e+02,-4.326443997007390863e+02,-1.355085414138915212e+02,1.009909882916590504e+02,-4.652532458285554640e+02,-3.256441979632113544e+02,-9.075506460974099809e+01,-1.047183795309287007e+02,-5.883513210909238751e+02,-6.645140902400702316e+02,-1.076684093665782484e+03,-4.863065662615789506e+02,-4.326283392468168358e+02,-1.538150830899621724e+02,-2.769253831417256606e+01,-2.269010238643060120e+02,-2.816544600886456919e+02,-4.644926996972367306e+02,-4.032131635899792741e+02,-3.831259761399028321e+02,-2.644355796258028022e+02,-5.005690322403136179e+02,-3.710991524069121965e+02,-6.222678688852548703e+02,-3.691497766012737998e+02,-4.456473787902754680e+02,-3.569751781102028190e+02,-3.942385221211277440e+02,-3.121480315668867433e+02,-3.861188897648920602e+02,-3.639034096222515586e+02,-1.975476249865604643e+02,-1.356546427557302081e+02,-3.581147178449470516e+02,-3.562098102139735261e+02,-3.753969968028407038e+02,-3.428398050800036003e+02,-4.037810705319936346e+02,-4.280081762325149839e+02,-1.000793137178697805e+02,-2.615750231514440998e+02,-2.424812438727252015e+02,-2.765716614749372866e+02,-4.165095203035322129e+02,-2.538231107256413281e+02,2.011047923414650995e+00,-3.892129769792785510e+02,-1.420996347409363807e+02,-2.731427337130170372e+02,-3.968723655931691496e+02,-3.177158249210550593e+02,-2.662854114939965484e+02,-4.227206722073496508e+02,-1.776748476967235320e+02,7.378934193225830995e+01,-1.393979320193426474e+01,1.643071676848562106e+02,1.075907247439998855e+02,-9.032280775554738739e+01,-6.646595409882630179e+01,-2.585695475861095360e+02,-6.527494774293137425e+01,-1.464744942770407476e+02,-1.751498611516150845e+02,1.459073132674330679e+02,-1.708727485867722180e+02,-1.994858015346699744e+02,-1.219302053190937585e+02,-2.437024780791637966e+02,-4.257243301899375183e+02,-4.434192683647665945e+01,-1.462511219405749898e+02,-2.366253551925686907e+02,-1.252593417672773057e+01,6.186746239119753454e+01,2.126985436760338644e+02,4.548926748129321140e+01,7.201704168505716552e+01,2.775687976088281061e+02,-1.029171503632603617e+02,2.239048607037028660e+02,2.292710210051444051e+02,1.438653014562569865e+02,-1.801311253422440757e+02,-3.502449398639027436e+02,-1.865024183837761029e+01,2.090622355229356799e+02,1.811829402801797073e+02,-5.713119708545863773e+01,-1.520802266740587925e+02,-2.677452335933182894e+02,-3.225407208536421990e+02,-2.252283218356622001e+02,-1.597277167899176220e+02,-1.181801905365738889e+02,-1.894361875585129837e+02,-3.845389916957007017e+02,-3.583286879239981317e+02,-2.779358840049923742e+02,-9.794959581377463564e+01,6.939216831539135910e+01,-5.417271958829360301e+01,1.858380722888310288e+02,7.290447994628686956e+01,2.431329332536892025e+02,1.911344663946317723e+02,-3.724853798705216832e+02,-1.023833876725580012e+02,9.595654029919967343e+01,1.395923478509419056e+02,1.011893559624188015e+02,1.965850039734326060e+02,-5.659226410087109116e+01,-1.024734926297510356e+02,-5.057900380163408727e+01,-2.206710244132202092e+02,-1.507937989525034652e+02,-3.104999984605088912e+02,-5.327934932501725598e+02,-3.911587587892871056e+02,-4.428600473665678123e+02,-4.195798971521588783e+02,-4.754291490915401255e+02,-3.490196285190683056e+02,-2.430950911303863791e+02,-3.131445997010199562e+02,-2.466400236360129838e+02,-4.396159199000376816e+02,-3.344830823840528069e+02,-5.506188810595996301e+02,-4.145093425974193337e+02,-2.788872571505264659e+02,-2.139033880472606199e+02,-3.077053322310038652e+02,-2.573235788447142340e+02,-1.312576241019095278e+02,-1.889088323431751633e+02,-3.131099881021795568e+02,-3.840113382598506178e+02,-2.090116266076370266e+02,-2.465150694883976996e+02,-7.719566103549740888e+01,5.742468066205401556e+01,2.580844837470518769e+02,2.124095823445520637e+02,2.934697741858675499e+02,2.059286182255194717e+02,-7.482961143509825774e+01,5.331211422926617161e+01,-7.565721318578749788e+01,5.297174072136311906e+01,-2.634750350108419070e+01,-1.061403335426419972e+02,-4.249234968286828007e-01,-5.277915547366927740e+01,-1.088181793349206146e+02,-3.312515167189076237e+00,1.280170378090139991e+02,7.870052749485842014e+01,1.412143591573308754e+02,-1.685617967467592848e+02,-2.327097139719029428e+01,9.267631437017257667e+01,2.189430931107159211e+02,7.411725910770420001e+01,6.300102263508046008e+01,-8.489216819430924943e+01,1.222790573565304157e+02,5.536695024365639028e+01,1.646668903525415999e+02,-2.155193795961478713e+02,-1.078352901758070175e+02,-7.591488627385245991e+01,-4.092995893319276774e+02,-2.089911090917167655e+02,1.690466955355816197e+02,2.248113415281551966e+02,8.542557638906060902e+01,3.189224507360765415e+02,1.329168029507087567e+02,-5.273888544738878181e+01,9.839557357911530744e+01,-2.865853166280237474e+01,1.250843572870994080e+02,-1.986323665922913335e+02,-1.150180214206048390e+01,-3.907884890550119508e+02,-1.187102993531505604e+02,-1.068490494659647538e+02,1.550051299364412216e+02,2.650733320608831036e+02,5.955123490441826561e+01,-4.143785635572220372e+01,1.233197322567592664e+02,1.063418737082316170e+02,2.355635512576021711e+02,2.160780600564368115e+02,1.067130152201962687e+02,-1.177381551334819960e+02,-2.956416473675596990e+01,-1.801382046473170817e+02,-6.601476274284107149e+01,1.534049179863841346e+02,2.028562913585353726e+02,2.181113767902239147e+02,1.125311834097759061e+02,-8.466339526134521520e+01,-2.373985977091402901e+02,1.575786616361996266e+02,3.421067538913024464e+02,2.607248125091830957e+02,2.117496935544316443e+02,3.051173784650218295e+02,2.258902986684175289e+02,3.109301473407742833e+02,2.700831357461720472e+01,1.358027297274043690e+02,2.813407630284296488e+02,2.082972206106296653e+02,3.070118360433060616e+02,3.643348857220815376e+02,1.440642420269779791e+02,-1.860964208857393487e+02,-9.131772578784762118e+00,-2.512431462825885831e+02,-1.415162011056006577e+02,-1.550765514110016738e+02,-1.234878697593948687e+02,-1.510218442499442233e+02,-1.429321383663084930e+02,1.031168306477571832e+02,9.394766200069477691e+01,1.018283789455445003e+02,7.038407062842611595e+01,-1.194706798934973335e+02,-1.490817673244126524e+02,-5.114622461009628296e+01,-7.237231475391018876e+01,-3.461464941602253020e+01,-1.289659891092331918e+02,-7.347449171392037215e+01,6.242338925668553884e+01,-2.500923038234086562e+02,2.354328307520028716e+02,2.365557611584981714e+02,8.965778249546480083e+01,5.030370575300702285e+01,9.829523327837054580e+01,5.656964300299080151e+00,-6.792612632451016452e+01,-1.507999838930687986e+02,-1.806691835418532150e+02,-1.578351477723626601e+02,1.017404862373344372e+02,-3.026330986720893179e+01,-7.928387062165711541e-01,-9.051917220207513992e+01,1.339994887519567612e+02,7.276875347878387856e+01,1.747390943220822237e+02,9.934019492740441137e+01,-5.043392074591503160e+01,6.369796679106553938e+01,9.497056747950688305e+01,1.363117041881777709e+02,-1.302615871171572053e+02,-1.716158568353381497e+01,1.866151947023209345e+02,1.990392416376046754e+02,-2.791797442230489423e+01,8.656604919709650403e+00,-5.088492404917855083e+01,1.205399459089446452e+02,-2.219905472859443307e+01,1.588622227366561503e+02,1.215154848128149752e+02,1.153223044931388586e+01,-5.451659851387088906e+01,1.406459634631393669e+02,2.302098956558216969e+01,-6.033380411923127440e+01,5.922149694125127439e+01,2.106382338660100970e+02,-5.584153220812788732e+01,7.072642025158478418e+01,8.493348470341106804e+01,-4.944702670343912132e+01,-1.799108991296080262e+01,-8.841017511597470957e+01,-1.941247422252845922e+02,-5.278680035192962805e+00,2.792472713672570990e+02,2.171601361949068689e+02,5.046854844429179821e+01,-2.085764882781652148e+02,-9.820110674386666005e+01,1.037768022284757876e+02,-1.372377903336471263e+02,4.659833636092201914e+01,2.206675549855657437e+01,2.923674807346546345e+01,-1.568314302892619025e+02,-8.208391106227099954e+01,-3.284915888726010280e+01,2.171535161219695169e+02,-4.592986571745524316e+01,-2.734214675721660228e+02,-2.543217419284861194e+02,-1.371312924319954050e+02,2.476345586985809177e+01,-2.795116775117742236e+01,8.428848146748322279e+00,1.875509114785342035e+02,-2.145224117089738627e+02,8.958726283370242527e+01,1.120518164888233059e+01,-9.782083995307786495e+01,2.103127533983769695e+02,2.443258087911355005e+02,2.728099262474687521e+02,2.416457850955715116e+02,1.302355468861535996e+02,1.357958931557525943e+02,2.551259010781297150e+02,1.817985080272211462e+01,8.779286193545112837e+01,2.761571319174243513e+02,1.244295995725961461e+02,2.971173566206155101e+02,1.102437372649115446e+02,-2.508067211198437008e+01,-2.955680184011521305e+01,4.556793661530849704e+01,8.883621270069284037e-01,-1.374423199336285393e+02,1.151618801616331780e+02,-3.512830417903381885e+01,1.747649745827906145e+02,-1.050383782255996437e+02,-6.885013423136285837e+01,1.226353614996428405e+02,-3.186574481227680735e+02,-1.412650587186374480e+02,-2.120720437045433755e+02,-1.565506417995295010e+02,-1.127420789897015823e+02,-6.773106771347806898e+01,-2.542137427446725155e+02,-3.258496187959313488e+02,-1.154457886525727162e+02,-4.080158810769362390e+02,-2.052925299333655005e+02,-3.832517325485129049e+02,-1.129392242706018976e+02,-3.866497499489513530e+02,-2.766742541561534381e+02,1.150507802839018723e+01,-9.778783548583129459e+01,-3.175206952926695863e+02,-2.856243450122497052e+02,-2.166237737923808027e+01,-1.545902106156128184e+02,-7.547586140679959499e+01,-7.162520313949869433e+01,-1.236934595539245834e+02,-2.098889721567961999e+02,-1.014119909050251778e+02,-8.237496297501621711e+01,1.576711483834978367e+01,-2.895070566287540714e+02,-3.379225065632712699e+01,-2.463378177766077783e+02,-2.399128546683911622e+02,-1.696929505012208779e+02,-2.109611081448622940e+02,-2.118867690065784757e+02,-1.895324377637488737e+02,-3.455730048070140583e+02,-3.490535682361479530e+02,-6.474652762207077217e+01,-2.588861584030494214e+02,-1.906526448962948166e+02,-1.747144554024823719e+02,-4.174697025228457505e+02,-4.539582477002124961e+02,-3.405118823620996409e+02,-2.364245523673778280e+02,-4.223642445466326762e+02,-3.800880010901478272e+02,-4.392414981288764011e+02,-2.985759272365232846e+02,-1.475726573071061978e+02,-4.238129975107502219e+02,-2.957281378068544768e+02,-1.199057817050321546e+02,-5.017925569078067838e+02,-6.719812920874617248e+02,-4.807871576024057276e+02,-7.162441379141675952e+02,-6.828176253121877153e+02,-5.023635233648965368e+02,-3.430380795234941047e+02,-5.646347890547485804e+02,-4.727571377101735379e+02,-5.133711379838886160e+02,-5.858073643572988658e+02,-5.069675374691331626e+02,-5.624581038848455137e+02,-5.451414938715907965e+02,-4.075118871408282075e+02,-9.106383741657681412e+02,-7.672760962255489403e+02,-9.452717446883646062e+02,-4.768441606642837769e+02,-5.672328608342877487e+02,-4.931599195813601000e+02,-5.906746662397860064e+02,-4.433545896466359864e+02,-2.998088810611474173e+02,-1.973389666541324914e+02,-1.276459044594201941e+01,-1.342843722534275912e+02,-5.226798872527956519e+02,-7.480305393389901383e+02,-8.158872049391072778e+02,-5.790867120223138045e+02,-5.757268487437031581e+02,-3.197484002713388236e+02,-3.025050513970916199e+02,-5.406493272048479071e+01,-2.002719775052572118e+02,-3.835325397348202614e+02,-2.335326145226166545e+02,-3.657508074350304241e+02,-2.201519522093551018e+02,-2.063910296418629287e+02,-3.202797207983630869e+02,-3.023284843291902462e+02,-3.447648239951903406e+02,-2.283614337132507330e+02,-1.702951140756599102e+02,-1.025469789216481331e+02,-2.975259293504549873e+02,-3.558963907890615701e+02,-5.037896245561390174e+01,-2.256008033141630733e+02,-2.073440681788062250e+02,-3.411907808421415780e+02,-5.822383748829875572e+01,-1.348677565198151740e+02,-3.593943364808128536e+02,-3.037557283257456788e+02,-5.760724734949485537e+01,-7.366893538778239758e+01,-1.417595156918963255e+02,-3.566516090267894015e+02,-2.353238332162105166e+02,-4.155028772368607406e+02,-3.769152847851532329e+02,-3.114085297034920359e+02,-5.376185366284883571e+01,-1.909353510285706079e+02,-3.313735724633535824e+02,-5.377017954951105594e+02,-3.210682192998334585e+02,-2.037205219030741432e+02,-2.201244475525167275e+02,-7.280273423421803614e+01,-2.573797468468481497e+02,-2.460645836214077065e+02,-6.053263970415302992e+02,-1.655674470754933054e+02,-2.014361060760433304e+02,-1.190786257255505518e+02,-2.485270886575547991e+02,-3.140438982709137008e+02,-2.171555452328731235e+02,-2.545770408096263679e+02,-7.795967691355400575e+01,-2.043761182907358602e+02,-3.636818290105853748e+02,-4.675656862243995420e+02,-4.689577038937492830e+02,-3.412920670067368860e+02,-2.118914375799785148e+02,-2.747954748809548846e+02,-4.970612448806987231e+02,-4.620695551084529029e+02,-4.245833573580617326e+02,-3.662837028524138532e+02,-6.107937397285778616e+02,-6.533268094282095717e+02,-4.678596164388648049e+02,-6.643287160551259376e+02,-7.712007359561483781e+02,-8.293391221893632519e+02,-6.958015016253890508e+02,-7.013606624280523647e+02,-7.016456837983678270e+02,-1.045312619551930993e+03,-8.672508182304067077e+02,-1.151445692716585654e+03,-1.068405934215094021e+03,-1.167843929824274710e+03,-1.350268174622758806e+03,-1.319825229477729408e+03,-1.253637980729845822e+03,-1.235646855020217572e+03,-1.393750656060762140e+03,-1.536957267655787973e+03,-1.737624054207796689e+03,-1.626362689409070754e+03,-1.916540245320905342e+03,-1.917181509960405720e+03,-1.816273072693935774e+03,-1.932978509915135646e+03,-1.958870033451881454e+03,-1.907543184042454186e+03,-2.014595070949206274e+03,-1.894957570079599236e+03,-2.177908710032660110e+03,-2.121629754798568683e+03,-2.232777309469272950e+03,-2.324223594011352361e+03,-2.282298966835691317e+03,-2.320493117913355945e+03,-2.297791726934093276e+03,-2.189261370899174835e+03,-2.420843158077939734e+03,-2.438633926781915306e+03,-2.422433229990164364e+03,-2.438014211534813057e+03,-2.495791650413105799e+03,-2.529437762139966708e+03,-2.502930034476925812e+03,-2.778833602439935021e+03,-2.729594513441631534e+03,-2.624971359311387459e+03,-2.703301912765709858e+03,-2.733482083031478396e+03,-2.674423971498601531e+03,-2.701126514757710538e+03,-2.876065805900026135e+03,-2.783213632055694234e+03,-2.499155843419290250e+03,-2.744668508200969882e+03,-2.852098615376404268e+03,-2.751368421499289070e+03,-2.721855792635350554e+03,-2.777756228310877304e+03,-3.040215950679001708e+03,-2.674620479937309938e+03,-2.808427559293815648e+03,-2.979556468337537808e+03,-2.882407431569134587e+03,-2.930689024653720026e+03,-2.935725850052561782e+03,-2.949076940912106693e+03,-2.768245279697483966e+03,-2.969766815405962916e+03,-3.019676621798217184e+03,-2.911500985783927717e+03,-3.409029968549019031e+03,-3.091094435451101162e+03,-3.464782428456287562e+03,-3.347423028742383394e+03,-3.253003005046245562e+03,-3.207447957900705660e+03,-3.586246579488698899e+03,-3.349154617455036259e+03,-3.659970851340048284e+03,-3.539500216205812649e+03,-3.747370004600114044e+03,-3.869991001716316532e+03,-3.813669058664151635e+03,-4.323329924094328817e+03,-4.171446644546950665e+03,-4.330049310572496324e+03,-4.425431594918038172e+03,-4.569954569135463316e+03,-5.199165678527138880e+03,-5.349478281128165690e+03,-5.868377143329649698e+03,-6.158795453570750396e+03,-6.548257985679959347e+03,-6.702115439306130611e+03,-6.857476205148755980e+03,-6.924724381691752569e+03,-6.979686002105067018e+03,-7.040485947428250256e+03,-7.366508355643659343e+03,-7.306455085696041351e+03,-7.264272841249283374e+03,-7.317747986090733320e+03,-7.273000466009598313e+03,-7.223681632701498529e+03,-7.335133328560270456e+03,-7.328196316336627206e+03,-7.395389056200755476e+03,-7.560154167739450713e+03,-7.416980313381704946e+03,-7.591276327370005674e+03,-7.556418381135812524e+03,-7.461716824205650482e+03,-7.487700890549915130e+03,-7.376519423507099418e+03,-7.346591983363477084e+03,-7.497105555487400125e+03,-7.464545154172003095e+03,-7.496957657415190624e+03,-7.589067882172720601e+03,-7.668729684822021227e+03,-7.892284304302748751e+03,-7.613005690193049304e+03,-7.627278458945471357e+03,-7.538529633351434313e+03,-7.787316681528727713e+03,-7.819387986494204597e+03,-7.682899289004575621e+03,-7.917595481917445795e+03,-7.777375546190067325e+03,-7.542651789057519636e+03,-7.742110321704511080e+03,-7.820589955057160296e+03,-7.583142119253237979e+03,-7.861474026239913655e+03,-7.801016209719363360e+03,-7.847958383540402792e+03,-7.918700490898948374e+03,-7.775472464443899298e+03,-7.840256517150187392e+03,-7.820086883975047385e+03,-7.783745587638007237e+03
-2.399827890709042549e+03,-7.021264114032311454e+01,-2.662777489657931937e+02,-2.170280928858506400e+02,-3.362889011677805229e+02,-4.329040218488779601e+02,-2.185836417899428170e+02,-4.699747142702693736e+02,-3.108388624619558414e+02,-4.569130391872615746e+02,-4.458783510944575710e+02,-4.954173991915114357e+02,-4.883385192703081543e+02,-4.740122510578248125e+02,-5.309118978647128415e+02,-4.784402385969966645e+02,-5.844488613965070272e+02,-6.189895478162852669e+02,-5.360147466296709808e+02,-8.327197140916121043e+02,-7.445395012728645270e+02,-8.698976673767849661e+02,-6.588606670499817710e+02,-7.845850884638580283e+02,-7.650780041521334169e+02,-1.102103743658505437e+03,-1.028878274116126931e+03,-8.497428188378903542e+02,-8.222437552190007182e+02,-8.462261796961320215e+02,-9.236298260609751196e+02,-4.888357997643822159e+02,-4.980351471556735419e+02,-6.632353247724184939e+02,-8.603936028439013626e+02,-9.712946653841024727e+02,-8.404116270349127262e+02,-8.100024822387354106e+02,-8.016812812287611223e+02,-7.467133194267514682e+02,-1.016144000253322929e+03,-4.718115273347425500e+02,-6.142824963804260960e+02,-9.526854572144469557e+02,-5.861965453233920016e+02,-8.845628826736225392e+02,-7.736375922698236991e+02,-7.426193799680518168e+02,-8.080042514372023561e+02,-4.113240020828269508e+02,-4.574246678185905921e+02,-4.487056607341434074e+02,-6.840840342492991795e+02,-6.867991294533014752e+02,-9.381091333849831244e+02,-5.352364985602234810e+02,-9.850613705015089181e+02,-8.149746484709246488e+02,-9.534086533911764718e+02,-9.528065416782071679e+02,-1.088206256196913955e+03,-7.019911212444214925e+02,-7.149187336554325611e+02,-4.431773275500758018e+02,-3.500154755438813936e+02,-4.830243986537086585e+02,-4.019880644983004458e+02,-7.096662428751794778e+02,-6.280505912288114132e+02,-6.318941688163381514e+02,-3.749495685240603962e+02,-2.919643708140582135e+02,-4.669013770270602777e+02,-5.181556109869156899e+02,-7.246260632582443577e+02,-4.432255866012558272e+02,-2.855293558195028254e+02,-7.485033889577171067e+02,-6.243962533292810804e+02,-7.567965517858490330e+02,-5.006972377587113101e+02,-7.824604496461040526e+02,-6.864498160882932325e+02,-6.759309245563251807e+02,-1.066065390715888498e+03,-8.875263686829059679e+02,-6.471048771243156352e+02,-5.119626411458480106e+02,-8.205972455053637304e+02,-7.943843503022649202e+02,-7.831785495370143053e+02,-7.879496284747184518e+02,-7.619770588374519775e+02,-5.120771704947044327e+02,-4.457232950811571754e+02,-7.388450770197263182e+02,-6.330395180222266163e+02,-9.693679281298448132e+02,-6.609701539585632872e+02,-5.687885258482518793e+02,-7.842946353896850269e+02,-7.784683988675383262e+02,-5.573837533573980636e+02,-6.796145855367328750e+02,-7.517650640848654575e+02,-5.082467701866780772e+02,-6.314732702400332300e+02,-6.168445696378955745e+02,-6.286243152636330933e+02,-5.804470821214490570e+02,-9.287793671617770315e+02,-7.890894616722061983e+02,-8.602802443693132091e+02,-6.927533563676747690e+02,-1.043629826518351365e+03,-4.240700633365577232e+02,-2.741194274257389338e+02,-6.227066361744123242e+02,-5.477716211059087072e+02,-3.102291270854945537e+02,-3.065742449209757297e+02,-3.399166684954105335e+02,-3.475022070142291568e+02,-3.878445229649046269e+02,-2.765955889185839851e+02,-3.762255868962417935e+02,-5.395926424042364715e+02,-3.725142647225829933e+02,-5.657743447005861981e+02,-3.940033042858545969e+02,-6.882914109737841954e+02,-5.152564388787698135e+02,-4.345952809820296352e+02,-8.743429683747879153e+02,-6.653971175666629279e+02,-8.645344460564833753e+02,-8.037926665101952040e+02,-5.882785682009358652e+02,-7.756353517886955160e+02,-7.734533733184591711e+02,-5.847035922177193470e+02,-7.340931154767180260e+02,-6.985429137154233104e+02,-9.113238779491639434e+02,-6.822869329501468201e+02,-9.757862256589872914e+02,-4.430341630071395684e+02,-7.810476466609412682e+02,-8.297614184007891254e+02,-6.930394454909833257e+02,-5.488038338717453826e+02,-6.277902767262379484e+02,-7.407098184913573959e+02,-5.857966654659719552e+02,-7.485883789523011274e+02,-7.390523513396469752e+02,-6.775742939051160647e+02,-4.816317376611372651e+02,-7.102691608912464289e+02,-4.732730753367254692e+02,-4.417451846871039152e+02,-8.072259500479385679e+02,-9.047471567416682774e+02,-1.200419667377081169e+03,-3.814344531193431749e+02,-5.943669571023070830e+02,-5.741854811341947880e+02,-7.237112179497923989e+02,-5.396737995212396299e+02,-5.866430050532152336e+02,-5.815368478492001714e+02,-4.968275359120582380e+02,-6.205528709817961044e+02,-5.082855866863393430e+02,-3.943806451009078273e+02,-5.899064857909986586e+02,-5.587933051332383911e+02,-5.074402457493139877e+02,-7.636207507507713217e+02,-4.992661820660036369e+02,-5.349120568656884416e+02,-6.048573454364560575e+02,-6.844891993589424146e+02,-7.194976588711883778e+02,-6.664556429184495983e+02,-9.502095877036696265e+02,-8.731435991241842203e+02,-1.070496334708459699e+03,-1.024177220032262539e+03,-9.584050687765436578e+02,-1.097606078789905041e+03,-1.117492846357661392e+03,-1.176901410775116346e+03,-1.248064586889433940e+03,-1.192078806219599755e+03,-1.374756487275735253e+03,-1.342499717643723216e+03,-1.411778413636164942e+03,-1.376260205897865035e+03,-1.574554922269914641e+03,-1.392203362979078975e+03,-1.464523663364104777e+03,-1.200632859518462510e+03,-1.128707909862481301e+03,-1.202454406332526105e+03,-1.105359665712784363e+03,-1.209777833481910420e+03,-1.242739539381728264e+03,-1.323637464294408346e+03,-1.161000417086560901e+03,-1.088179568869139985e+03,-1.023307413302489749e+03,-1.148002608206571949e+03,-1.060435140662662434e+03,-9.315754240719370500e+02,-9.236959804761913801e+02,-8.537016770661962255e+02,-8.338023352676266313e+02,-1.110837452007248658e+03,-9.941407777204410650e+02,-8.369094613514332650e+02,-8.932440352143705695e+02,-8.852115496282887079e+02,-8.556472284492826930e+02,-6.066716820417124154e+02,-6.552559139808208784e+02,-7.839863319360276819e+02,-6.560673294749198021e+02,-5.414479100770528248e+02,-5.215852480192659186e+02,-4.757775452524783191e+02,-5.707093537857913361e+02,-5.882431711185831773e+02,-6.143558291685560562e+02,-6.680173825523895630e+02,-6.704679523874358438e+02,-7.422521204757211990e+02,-6.224268823462163027e+02,-7.033298395287060885e+02,-9.432705611718548653e+02,-7.683633584959857217e+02,-5.943915895878760693e+02,-9.168465706049244091e+02,-8.454803109606582439e+02,-5.730579539315799593e+02,-8.643520836411121309e+02,-9.537273526692249561e+02,-6.264437596207063734e+02,-8.449044596422826316e+02,-7.924405808757746854e+02,-7.661551688882673261e+02,-7.518788062081169983e+02,-6.643572363004467434e+02,-7.069874962162002703e+02,-9.182998367343628843e+02,-6.038702677524681803e+02,-8.060403619323801649e+02,-8.698653922184148541e+02,-8.044814209121681188e+02,-8.677296594705089774e+02,-8.960390943376983159e+02,-8.612452479741745037e+02,-8.962782966926056361e+02,-9.812920965316880029e+02,-8.485568615005963693e+02,-6.624601783127593535e+02,-8.335095190614177909e+02,-6.025077877151594521e+02,-8.180066072707654712e+02,-1.089535128647832835e+03,-1.174087106954262254e+03,-1.223761009259570073e+03,-1.055768432927809499e+03,-8.328116063478619253e+02,-6.540964709358618165e+02,-8.213731193196381355e+02,-7.408890889006949010e+02,-6.685115871725995476e+02,-7.225804448327935461e+02,-5.914863056229405629e+02,-6.328118953447167314e+02,-6.173050633538935017e+02,-5.372306884113135084e+02,-6.734368616882748029e+02,-6.663598668079343952e+02,-7.183338655697277773e+02,-7.820120978815778017e+02,-7.788676714306451458e+02,-7.720893667478181897e+02,-9.440544090696353123e+02,-1.116564863163851442e+03,-1.066786672018607305e+03,-6.377026132683226933e+02,-9.720260459806028166e+02,-6.923367908910186088e+02,-6.477383876520259491e+02,-8.719200158450820481e+02,-9.309170112793965473e+02,-5.715588320719031117e+02,-7.709287045506338245e+02,-8.763201142261511905e+02,-6.825659395032598695e+02,-6.216039632993403075e+02,-5.778257350399599090e+02,-6.338152411095932166e+02,-7.270850537903087343e+02,-5.014542630647907231e+02,-9.068258690676567539e+02,-9.623702133999744319e+02,-8.451276514839140646e+02,-7.534295775583798331e+02,-9.079810573090284151e+02,-7.974370266137094632e+02,-6.280483167623312966e+02,-8.418629157281686730e+02,-7.644130474861591438e+02,-9.274414467502581374e+02,-6.759027897954983928e+02,-1.053350667941141637e+03,-8.007383073503572177e+02,-9.078159810125214335e+02,-9.060084657962408983e+02,-7.172044854624061827e+02,-6.223513017348325320e+02,-9.366183079272146870e+02,-9.222463274566174505e+02,-9.740521677525075575e+02,-8.377021448752260540e+02,-8.178656411684014529e+02,-9.182151682586002153e+02,-6.698707224145241526e+02,-1.009067677412315220e+03,-9.384675820360720309e+02,-8.960332566771558049e+02,-1.322330015449043458e+03,-9.163310362690987176e+02,-8.974650441211107363e+02,-1.032266206125673307e+03,-9.790255635011794766e+02,-9.228615238718293767e+02,-9.470152549143476790e+02,-7.546294316025059743e+02,-8.227902722330852612e+02,-7.557563187336637611e+02,-8.430428202026546387e+02,-8.917888364711006943e+02,-8.391606424137123668e+02,-8.722694062117136582e+02,-8.609343631524691318e+02,-7.222474861380892435e+02,-7.760157338153571800e+02,-8.538554886597770519e+02,-8.227686736526404729e+02,-9.018011789782443657e+02,-1.226815954662280092e+03,-1.267369709568497228e+03,-1.028552460746940596e+03,-9.266704343072159418e+02,-1.028959270043543484e+03,-9.299790001811128377e+02,-8.439346239905096354e+02,-8.981919858676358217e+02,-1.013211212126611144e+03,-7.364830476951956371e+02,-9.567278885013429317e+02,-8.960888031012741521e+02,-7.613510853523908963e+02,-7.128708257889982178e+02,-8.368290702367783069e+02,-7.331156355729115148e+02,-8.415982625842304969e+02,-8.834652813880265967e+02,-9.857873352058703631e+02,-9.707746129818001464e+02,-8.553582095429953824e+02,-1.040479483135288319e+03,-8.249584166501074378e+02,-1.242843237385562361e+03,-1.110271210827384493e+03,-9.100801652499712873e+02,-8.319039409908453990e+02,-7.643093797700987579e+02,-1.162112245872415542e+03,-9.319983906553436555e+02,-1.009577229803537875e+03,-1.133306440388069404e+03,-1.364953085971196060e+03,-1.558698214438458763e+03,-7.357917741946524757e+02,-1.067359598269367325e+03,-1.051241144528233235e+03,-1.184078382053282212e+03,-8.589137331421206909e+02,-1.088243869109860498e+03,-1.096637138531634946e+03,-6.612001724976653350e+02,-8.088277793425941127e+02,-7.133881436385017878e+02,-6.909698215590175323e+02,-6.773752271134212606e+02,-7.973558155533758054e+02,-7.147598367823279659e+02,-6.945435245749207525e+02,-6.909558690956029068e+02,-9.193380823662207604e+02,-8.863864084253677902e+02,-9.560103003975088996e+02,-8.464606065874471597e+02,-1.108927125294973393e+03,-1.031011677947315093e+03,-7.907641860684047970e+02,-9.017973195518678722e+02,-7.299804188946766317e+02,-1.043476605444457618e+03,-1.050045354826124822e+03,-6.591764897659950293e+02,-8.697077281665674491e+02,-7.179421800514172674e+02,-8.911860171259902472e+02,-8.885087031441156569e+02,-9.170121111989299152e+02,-1.287313578094917830e+03,-7.918974985827553610e+02,-1.121526904691664868e+03,-1.082460869560233959e+03,-9.420711326548199622e+02,-1.206028854670159490e+03,-1.132962893394949788e+03,-1.508152510818323663e+03,-1.277371931385177049e+03,-1.194934689381983389e+03,-9.852061575713040611e+02,-1.100277240325902312e+03,-1.045344073726350871e+03,-1.065702233240612259e+03,-1.338543455721402779e+03,-1.326234053208772821e+03,-1.088376747947317654e+03,-1.024413979940982017e+03,-1.228397214321765432e+03,-8.887134099186766889e+02,-7.701544674717811176e+02,-7.887862469372806800e+02,-1.058905331616939748e+03,-1.029057683995822572e+03,-6.930620777124048573e+02,-8.390387090055129420e+02,-9.046438681812321647e+02,-9.461267130895378159e+02,-8.046821366601537875e+02,-7.160023728218924361e+02,-9.150092148841328026e+02,-8.315158551937645370e+02,-9.436060514524690461e+02,-9.520162475095885384e+02,-9.319809157873387448e+02,-7.972262337090911615e+02,-9.000982424298942988e+02,-6.913633156354154607e+02,-5.268480542221769838e+02,-9.245856469432235372e+02,-1.041078428018432760e+03,-8.008208085530632161e+02,-7.577529579568042664e+02,-8.664590856302907014e+02,-7.224319495853960689e+02,-9.819739366985663764e+02,-8.602293627703115817e+02,-7.046129358593891538e+02,-7.756494339310338546e+02,-7.732790722359411575e+02,-9.140523549688766707e+02,-7.475752568357042946e+02,-9.648117715819219029e+02,-1.043964205432802373e+03,-8.955851134451356756e+02,-8.319422584545208110e+02,-7.299366637938919666e+02,-7.797410899419058978e+02,-9.947682444205820502e+02,-1.047523837087646370e+03,-9.055691609611124022e+02,-9.533600120427477123e+02,-7.785557135591520819e+02,-7.938174611998463206e+02,-7.513597470108961716e+02,-7.834746469045744561e+02,-8.047337641738638467e+02,-5.660161344326727431e+02,-5.157342444657531360e+02,-5.616890539473558874e+02,-5.413627141960034805e+02,-6.579536134372997367e+02,-7.632114902750402052e+02,-4.976434592748499881e+02,-5.386769022886844596e+02,-5.267647705422666604e+02,-8.179136832776191568e+02,-7.865551641925642343e+02,-6.075001045047802108e+02,-5.741397678707688783e+02,-5.851064309247489064e+02,-7.461438197647671586e+02,-4.490156158952562464e+02,-4.723883957333512171e+02,-4.772426078441354775e+02,-7.238970361036881513e+02,-9.826921291528537949e+02,-6.593253894233690744e+02,-6.813066368671543387e+02,-5.963818353780859525e+02,-3.792215931433743776e+02,-5.205310131726980671e+02,-5.401655824753108845e+02,-1.016883908265364994e+03,-1.015823331461980843e+03,-1.168323336142647349e+03,-9.783970959872681306e+02,-8.385609844724095865e+02,-6.997380012285117346e+02,-4.037894675616342965e+02,-6.499088910325597226e+02,-9.807560098921476310e+02,-1.140172545598577017e+03,-6.020136264326648643e+02,-6.729273817401578981e+02,-4.907719420782775614e+02,-6.091110200709532592e+02,-6.832092235447469193e+02,-6.849869406965003691e+02,-6.215246706195682691e+02,-5.621109240695725475e+02,-6.051959758607092681e+02,-3.373603302227591030e+02,-6.267978371121428154e+02,-7.316554554857596031e+02,-7.590793153257031918e+02,-7.949172784503082312e+02,-1.018523116147126075e+03,-6.719227915028162670e+02,-6.408941867363485017e+02,-7.522552581831130283e+02,-7.404297970034981518e+02,-1.036161866004075137e+03,-1.051989152423036785e+03,-9.567746677089198784e+02,-8.138906573843657952e+02,-7.811247444783182345e+02,-1.001468224507485047e+03,-8.061901663805056160e+02,-1.101022631509739313e+03,-8.654288853040643517e+02,-1.413682056166215716e+03,-1.158157448096055987e+03,-1.023184947509132485e+03,-9.210192691684762849e+02,-1.137191301994578680e+03,-1.035581384237342718e+03,-9.721965345014724562e+02,-1.094989222039590913e+03,-1.097275283707038398e+03,-9.020927837078684206e+02,-1.039145045457686138e+03,-1.143119348658547551e+03,-1.217034842851216354e+03,-1.009538517990981518e+03,-9.825225465047838043e+02,-8.267401894213057858e+02,-8.462225790257439257e+02,-7.619512832518116738e+02,-8.761787091555239613e+02,-8.436925087491478052e+02,-1.152682259832768750e+03,-8.919431597688338798e+02,-7.268923076188689265e+02,-9.308768150282296574e+02,-9.245004350934259492e+02,-9.142918763096051862e+02,-7.716928158028260896e+02,-1.082408482849079974e+03,-9.904107048621242484e+02,-1.014642949086880435e+03,-1.008310149058082970e+03,-1.144068260602149167e+03,-9.206922012876939334e+02,-9.109246738807138399e+02,-9.118910389496788866e+02,-9.571816357348876636e+02,-8.975908944751533909e+02,-1.055511146471925258e+03,-8.688468275825987348e+02,-9.104191779209054403e+02,-8.655948242224405931e+02,-8.204314289522823174e+02,-7.141245128679142908e+02,-9.649438208236507535e+02,-9.366298590135876339e+02,-1.069384252872763454e+03,-1.104552427342425290e+03,-1.220510403650479020e+03,-9.243301999405807692e+02,-9.412400449438778196e+02,-1.083459247938230874e+03,-1.091552811977190686e+03,-1.666696457861198269e+03,-9.933226375138085587e+02,-1.100282785394230132e+03,-1.122152443436746807e+03,-8.953001878280214214e+02,-8.828702485825665462e+02,-8.196151826583876527e+02,-9.175866158387185578e+02,-6.830124150278091975e+02,-8.526765227701100684e+02,-7.495714584077765039e+02,-9.184114549000730676e+02,-8.603715136694802368e+02,-6.268176960355697247e+02,-5.956850353159418319e+02,-7.879779056133854738e+02,-5.728270665034688136e+02,-8.762692966188185437e+02,-7.021407015025038163e+02,-8.407322480074774376e+02,-8.102899636669145593e+02,-6.384270545408310227e+02,-7.714361673700996107e+02,-4.697580450351861145e+02,-6.812880601011553381e+02,-6.357403478941143931e+02,-5.583593890249126162e+02,-5.021199117026633303e+02,-7.015075678463929307e+02,-6.085330411070891614e+02,-5.750845757040337958e+02,-6.140225275691489060e+02,-5.086246736106515982e+02,-5.410613607903233060e+02,-5.199372258716367696e+02,-6.096295742874826828e+02,-5.127559257844344529e+02,-4.955148584288181155e+02,-4.824020557197359267e+02,-7.425091003760032891e+02,-3.090354727846289506e+02,-6.357784813117098111e+02,-5.450978528457277434e+02,-6.655085345816675044e+02,-6.967912436613680711e+02,-6.750406777160952743e+02,-5.733525012708993245e+02,-6.189399772997924174e+02,-6.002819479965760365e+02,5.538407769990200791e+01,-1.614569538868179279e+02,-3.340446743045010294e+02,-5.847103534357531771e+02,-6.091728749658324205e+02,-7.943689380320465716e+02,-6.988968591798478656e+02,-5.478005129005484832e+02,-5.482953227211096419e+02,-6.841730132163127109e+02,-6.104205587762637606e+02,-5.135982716057336575e+02,-3.289474238467225859e+02,-6.151266957837955260e+02,-6.859051721374247563e+02,-5.781466127589769712e+02,-5.366773958939155591e+02,-7.022537403586301252e+02,-8.347789553819866342e+02,-5.473016973649353076e+02,-4.094920772026032409e+02,-6.804335921642290259e+02,-8.640428205535736197e+02,-8.728164686717493623e+02,-4.767964482780516846e+02,-1.227809287053670744e+02,1.396669078264238806e+00,-3.197953890634685763e+02,-5.846654251107524942e+02,-4.592171499897598892e+02,-5.485657717335965344e+02,-2.310944802893520489e+02,-6.296787554055731562e+02,-3.866782959036313514e+02,-6.658335490865879365e+02,-6.053488896315171814e+02,-4.598800208183691325e+02,-6.316207684300771916e+02,-5.869572206194163755e+02,-5.527687951873758720e+02,-4.654852470685502226e+02,-4.035323359460380743e+02,-2.192002824286981877e+02,-6.259145603022334399e+02,-6.752809996656131943e+02,-8.923253742920660443e+02,-6.117577591921600515e+02,-3.684928597515508955e+02,-3.008209017767225077e+02,-3.227708872082533844e+02,-3.818507486694568343e+02,-5.290731964456545029e+02,-5.856280936450818899e+02,-6.484013848043831558e+02,-6.520623893380119398e+02,-6.527006549278406737e+02,-5.403449621873093065e+02,-4.923101750417249605e+02,-4.685825531057406579e+02,-6.679779251402153477e+02,-7.748089628221300700e+02,-4.533225964171531359e+02,-3.435717035126080532e+02,-5.897810157194129488e+02,-6.470778902594131523e+02,-7.444834373246817449e+02,-5.487265618124461071e+02,-6.748309889110398672e+02,-6.150754865570197580e+02,-7.052821637276463207e+02,-5.923207910361986706e+02,-4.930552865283008259e+02,-4.583358988943369354e+02,-7.228514836635625898e+02,-4.803176938044238682e+02,-2.496342994888922817e+02,-2.924015862753228703e+02,-5.487032108884402533e+02,-5.282943604324557327e+02,-3.977063087693775287e+02,-6.098233352588173375e+02,-2.444537942675111140e+02,-3.797459184753350883e+02,-4.471080748967749514e+02,-4.926334126020693134e+02,-5.411403896868077936e+02,-8.943862834720309820e+02,-6.703786742227373452e+02,-4.685747341261627525e+02,-6.430853162437161927e+02,-6.368774345745215442e+02,-5.375740211196489327e+02,-7.053722664727713436e+02,-6.337670964016554080e+02,-6.093451996064616196e+02,-4.783080464091685826e+02,-6.550547067021120711e+02,-8.125816322074360869e+02,-6.412637843959023485e+02,-7.356459789023101621e+02,-8.913560844983446714e+02,-5.526890013267468476e+02,-4.764107859899265804e+02,-5.123306907616372428e+02,-8.708444451710569183e+02,-6.803095338585802665e+02,-5.584629761751448314e+02,-6.078308070573284567e+02,-6.221705200042209754e+02,-5.955473226110103724e+02,-3.973285911392315484e+02,-4.618589338244573810e+02,-3.921405724929171015e+02,-4.652975579931420498e+02,-7.045118253080640898e+02,-4.563963567264622156e+02,-2.853349181186382566e+02,-5.014251867435240229e+02,-6.762283406649062272e+02,-4.757119587688813453e+02,-4.206692477676728572e+02,-4.919609963889244000e+02,-7.078526833091423214e+02,-3.682722803768530184e+02,-4.961769205213687997e+02,-7.330069700571523299e+02,-3.832584599126962530e+02,-6.400267703343056382e+02,-7.606317293386051688e+02,-2.596203621793317780e+02,-4.869023088517639053e+02,-5.328394795959906105e+02,-7.410243011350551114e+02,-4.400220561016272995e+02,-1.470995468506269503e+02,-5.366939445231861328e+01,-5.285817745909840824e+02,-5.126227682100461607e+02,-3.581610044418922598e+02,-4.562685416697041205e+02,-8.649344915209995861e+02,-6.459509275682421503e+02,-2.115626311801862585e+02,-4.197301083675164364e+02,-4.445466303590640109e+02,-4.788185382271001345e+02,-6.853484625473279266e+02,-2.970443228925166181e+02,-4.910406485632780687e+02,-2.735991240296343676e+02,-1.929206004070366021e+02,-3.039267113394949433e+02,-7.554995066417230873e+02,-6.752096261594000453e+02,-4.776162894715547509e+02,-6.674102889467102386e+02,-6.111463468442184421e+02,-5.697187861804650311e+02,-5.684097305492892929e+02,-5.827058896104590531e+02,-3.646538039222381258e+02,-6.851749611814777836e+02,-7.900046193019620659e+02,-6.663344590004360271e+02,-5.391471480707983801e+02,-5.477398200716070278e+02,-4.758788858612789454e+02,-5.771416931501349836e+02,-6.641837337425981787e+02,-8.754044782912590108e+02,-4.087341968541139181e+02,-4.730214262242792529e+02,-5.371199873646238530e+02,-5.293622360362980999e+02,-5.757612871695516787e+02,-7.091340251120218454e+02,-6.736859258599836267e+02,-6.486449957696929687e+02,-7.379193063080999764e+02,-9.328216616614554368e+02,-6.123160710199570076e+02,-7.195553810703390809e+02,-8.269090140242840334e+02,-5.450034853198201290e+02,-7.467814169752282396e+02,-6.666605676354955676e+02,-4.627116329657678762e+02,-4.579601381018825350e+02,-6.767923970875060604e+02,-7.783248277142383813e+02,-5.024178703620985402e+02,-5.075723122003452090e+02,-6.282426356933988245e+02,-3.662267236679281837e+02,-4.674802954906997456e+02,-9.675067114673117885e+02,-5.253304505970295395e+02,-4.963405106210341273e+02,-4.456906263578009657e+02,-4.377735770560484525e+02,-3.400810009499415969e+02,-4.023289076057625380e+02,-4.749256647701577094e+02,-3.054166727159060315e+02,-2.901452152932731678e+02,-4.374280649716088192e+02,-3.303396200710469657e+02,-3.702073170400964273e+02,-5.681036834863127751e+02,-6.571829804990584307e+02,-3.220838087382210233e+02,-8.080695287254154380e+01,-3.300841796394655603e+02,-2.401867364050701212e+02,-2.673517824361758244e+02,-2.435018835827770260e+02,-2.326016199775465338e+02,-2.606251659580209434e+00,-2.457504328035786045e+02,-3.148643410133380485e+02,-1.348427414723953461e+02,-5.374575598649181529e+01,-3.229417706470662210e+02,-1.969157314873950497e+02,3.356737640440626080e+01,-2.155200730576148089e+02,-2.268121781997674873e+02,-2.753131168359810772e+02,4.582092824824935917e+01,1.754489790306619170e+02,-3.647477689816170709e+01,-1.734338885447181156e+02,1.217846098442804532e+02,9.231156155523699169e+01,5.365328698182193534e+01,1.005614313744097785e+02,-3.490153095442630615e+01,-2.125320831891692990e+02,-1.450401789552528840e+02,-6.358075972943965581e+01,-2.482691380424043359e+02,-3.949928455968905610e+02,-1.019289256956795100e+02,3.444780281381989084e+01,-9.375346384272528155e+01,-1.636861726194692892e+02,-4.445702708554035212e+02,-2.823340210103739309e+02,-3.919204183410480482e+02,-1.799210436183050774e+02,-3.729449013424597865e+02,-4.031854978461377641e+02,-3.279271576138577302e+02,-3.146881264450719868e+02,-3.448448239572810508e+02,-1.782636054528530281e+02,-2.242346868647499036e+02,-2.656518418545560962e+02,-2.906236726897682274e+02,-3.072657643490957753e+02,-3.549254645308290605e+02,-2.309428753366944989e+02,-8.464253734843521215e+01,-3.469402412872392460e+02,-2.122007779012616027e+02,-2.243597003679440718e+02,-2.739082019416006233e+02,-1.134033179908246467e+02,-1.678538189179563176e+02,-3.797175908938058910e+02,-2.874042994795364621e+02,-4.072655216096134154e+02,-2.765990527857678671e+02,-3.282671976067261994e+02,-5.689321553174831934e+02,-3.283618308324716963e+02,-3.014417840473240631e+02,-5.851506093747716477e+02,-4.462555700643741829e+02,-2.789091405246966815e+02,-3.267112153986672638e+02,-4.455172254077651246e+02,-4.280090543545499031e+02,-3.645238200010848004e+02,-4.503700456796348703e+02,-3.995786327716227788e+02,-4.743646415897333100e+02,-5.893853948390498090e+02,-7.927565976650764696e+02,-3.984955778107470223e+02,-3.065540882785459189e+02,-6.454404878700331665e+02,-4.406223715688885250e+02,-1.973362110062099646e+02,-4.348958769895775163e+02,-4.893350408389165977e+02,-5.982115264855634678e+02,-4.799478736787077082e+02,-6.481524740644283611e+02,-5.613026476039415229e+02,-4.794437473628158841e+02,-5.567725091965954789e+02,-4.564036041088719458e+02,-4.499164398704111818e+02,-5.913444115986640099e+02,-6.643279051803813218e+02,-4.196797289737070287e+02,-5.814817389872199556e+02,-7.937482547424112909e+02,-5.835932361648027609e+02,-6.119598455312043370e+02,-5.257953789696416607e+02,-2.890933540989061612e+02,-5.592217442068060791e+02,2.065013022243416003e+02,-2.137929743656959545e+02,-1.825070146400726117e+02,-3.775085148585220622e+02,-6.287163331204003498e+02,-2.817303521579975154e+02,-2.637906661456611346e+02,-2.350445737524613605e+02,-2.237702691592448900e+02,-5.461793816846602567e+02,-5.025209065808284663e+02,-5.537926901565833759e+02,-4.072855667276350005e+02,-5.362441626987600785e+02,-4.686439794647844224e+02,-4.340625696494367958e+02,-4.753901544108551889e+02,-5.582136231836922207e+02,-5.718097432335160875e+02,-4.634401860806081004e+02,-5.292940024756728690e+02,-6.500664438210865228e+02,-7.933903246556260456e+02,-6.648117693853585024e+02,-5.985888287288728407e+02,-6.501622997846443468e+02,-4.921179016120958067e+02,-4.631264055681823493e+02,-5.840724078678521209e+02,-6.520760210907811825e+02,-6.275310060786118811e+02,-7.819639101125881098e+02,-7.730805353391995141e+02,-7.080995696298765552e+02,-8.133656731181298483e+02,-8.015970031368818809e+02,-8.881572475848179238e+02,-8.891319872166723144e+02,-7.880431644055107654e+02,-7.388388592689092320e+02,-7.826093553729245968e+02,-8.809991597062421533e+02,-8.094980710345687385e+02,-8.685556605701398212e+02,-8.209193660327939597e+02,-7.799314281017673238e+02,-9.623803003501669764e+02,-8.545350310551541497e+02,-8.993540965540009893e+02,-6.764115988858161472e+02,-8.305289114149086345e+02,-9.126288155894199008e+02,-7.145807566620181888e+02,-7.291816600252584522e+02,-8.806008182591457398e+02,-1.017263112301718365e+03,-6.439672232533458782e+02,-3.733496645034238099e+02,-6.198597647771264292e+02,-3.754398040424703709e+02,-8.414155969587454820e+02,-1.197252893154713547e+03,-9.623059800839967011e+02,-1.258862718187618157e+03,-5.509697178036325340e+02,-6.337908353747243382e+02,-5.741938049082300495e+02,-4.605150959753048596e+02,-5.405774184377979736e+02,-6.247918056461051037e+02,-6.676409202324583703e+02,-4.311716351727042138e+02,-7.095251151271510253e+02,-6.575899910354612530e+02,-5.484430525070011981e+02,-6.240557168694360826e+02,-5.872534217731628132e+02,-6.889793261516450684e+02,-7.195198216560931996e+02,-6.471913042427472647e+02,-6.639779777316859963e+02,-6.086071062638352487e+02,-6.741191512982379663e+02,-7.450844943293412825e+02,-5.738463397575839053e+02,-8.974077553415435204e+02,-8.498287387861287243e+02,-7.506439850354572627e+02,-6.234992041654458035e+02,-5.758690589638702022e+02,-6.816914340148649671e+02,-5.504547001724777147e+02,-7.234397409719085772e+02,-7.334959864250390638e+02,-6.277786718453098729e+02,-5.937292510713955380e+02,-6.274923269242335664e+02,-6.543336942020343940e+02,-5.932803028345376788e+02,-8.900336367915718938e+02,-7.373403384505540998e+02,-6.396217642127303407e+02,-6.962364923354175517e+02,-7.072451407080507124e+02,-6.678754218824884674e+02,-5.850973764149605358e+02,-6.409674058020573284e+02,-6.553829103302506383e+02,-5.105664523924847344e+02,-6.884810950328691206e+02,-6.456708012944508255e+02,-5.560595739175912513e+02,-6.103717302739655679e+02,-7.419305506632913421e+02,-5.548026801826772498e+02,-6.211732196006191771e+02,-5.384403093010512293e+02,-5.379664629234871427e+02,-6.839520222528090017e+02,-6.201180708060890083e+02,-6.663021806864775272e+02,-6.688565403240788783e+02,-6.281873861144532611e+02,-3.708341014551692183e+02,-3.820435163069248574e+02,-4.179370449948893338e+02,-7.599621589598807532e+02,-6.699225679663252322e+02,-7.137363625005633594e+02,-5.752508585220205077e+02,-6.666616176045963584e+02,-6.316134590865933660e+02,-7.491295611743399832e+02,-6.220539170282875148e+02,-6.251425152153698264e+02,-7.650255204641434830e+02,-7.499486721298271732e+02,-9.480280884455776231e+02,-6.604429614903564243e+02,-9.334018063638239937e+02,-1.062236315434645348e+03,-5.981811135687592014e+02,-7.438893315709282206e+02,-7.930247842198318722e+02,-7.201886276288387307e+02,-7.070466034264441078e+02,-8.147938948675619031e+02,-8.250644976890298494e+02,-7.227232694600331797e+02,-6.294196401056686909e+02,-8.753342631608425108e+02,-1.013540160820399933e+03,-1.148341360812603398e+03,-6.794563854483329806e+02,-7.280656033649535175e+02,-5.200223448747698285e+02,-4.522351483661294083e+02,-9.888398470061832768e+02,-1.151578065860236620e+03,-6.493478040306989669e+02,-7.996011434128057545e+02,-9.535768801208712375e+02,-8.509508090249025827e+02,-1.045013979043481640e+03,-5.826720341492706439e+02,-5.843829544089303454e+02,-6.862964813042792684e+02,-6.611590584887542263e+02,-5.371811865049262451e+02,-5.097573943261820091e+02,-7.361703991473375481e+02,-8.427486417575178166e+02,-1.115722199963604453e+03,-1.023475019158867099e+03,-8.702165167373988197e+02,-5.535537327571225887e+02,-6.542926242852436189e+02,-7.681075070304677865e+02,-6.509646541213976434e+02,-7.058467498758195688e+02,-5.733427075647122138e+02,-8.831977474655705009e+02,-5.592494755497638153e+02,-7.536642474903869697e+02,-6.750087718241688890e+02,-8.433020678479854269e+02,-8.542854263760825688e+02,-8.022070513284568278e+02,-5.429127381231436402e+02,-5.627090952112032483e+02,-5.546954790371731860e+02,-6.765932759282266034e+02,-6.039244508495177115e+02,-6.704540179754027349e+02,-8.012773959845936815e+02,-8.497755125937377443e+02,-6.680288877665796008e+02,-7.416011719923524197e+02,-1.112602641935218344e+03,-7.276235765391684254e+02,-4.049585344825591733e+02,-3.377066227786800141e+02,-5.557486435877783606e+02,-2.981722037300939405e+02,-5.666971073404349681e+02,-5.282845905993156066e+02,-4.967148972679170811e+02,-4.665714893944899018e+02,-6.696181123734439780e+02,-8.492715724813060660e+02,-4.927415306488842361e+02,-6.000346916020024537e+02,-7.189531283151666230e+02,-6.419818656999040059e+02,-7.966376392878555635e+02,-9.171121316380655344e+02,-6.581658012545001384e+02,-5.312280314439939275e+02,-6.147481422565097091e+02,-4.312277160366338080e+02,-6.584802307761040083e+02,-5.152104818823144115e+02,-8.193939188412564363e+02,-6.710074732635670216e+02,-4.707334569289475894e+02,-4.074601332595908048e+02,-8.907320924749528785e+02,-8.446450293886570080e+02,-8.223148638760957283e+02,-6.677915536156619964e+02,-4.771062420299127211e+02,-5.950288921439610021e+02,-8.828735775211951022e+02,-7.485760744131684987e+02,-1.160262653350554729e+03,-6.532596275800193553e+02,-9.717684833562257154e+02,-7.795844148835492433e+02,-7.751544446141847402e+02,-6.801902599910333720e+02,-7.404016315066705829e+02,-6.892313966921112751e+02,-6.000697197507096234e+02,-6.573766401483826485e+02,-5.041265148014795159e+02,-5.551245668480327140e+02,-9.610426759700978891e+02,-9.105378178458774983e+02,-8.545605808306935387e+02,-7.498392000511862534e+02,-7.752861047808189596e+02,-3.680084998886320022e+02,-3.874021052597416883e+02,-5.631474806787845182e+02,-8.034802235970687434e+02,-9.576862197880914209e+02,-6.786210401029261448e+02,-5.927436180652136954e+02,-4.702873390156533446e+02,-6.678061634398663955e+02,-8.548762080843158628e+02,-1.110851590492919058e+03,-8.961982658360063851e+02,-7.743526625653315705e+02,-7.065681002623459790e+02,-4.905109596534040293e+02,-7.563019229549878446e+02,-8.430837407337071454e+02,-8.329153070596759108e+02,-1.022377678164358599e+03,-8.562227012732405456e+02,-3.240558817427898362e+02,-5.601384176227090848e+02,-6.126547397701788213e+02,-5.748641188716777606e+02,-8.217227803492784233e+02,-5.705051556979107090e+02,-7.734565825855289631e+02,-3.688376519030099985e+02,-3.830129722074136680e+02,-6.020366197980667948e+02,-6.637378835215046138e+02,-9.143298659109643722e+02,-5.022905528894542044e+02,-6.257466857929673552e+02,-4.113093625456768336e+02,-7.951663612996256916e+02,-6.132959483217425714e+02,-8.224483725352311012e+02,-5.332762625221266717e+02,-8.064474147003071494e+02,-7.205023265650780786e+02,-7.719392175577301032e+02,-1.138485343725975326e+03,-1.196439304642399293e+03,-1.199750528358674273e+03,-1.158500945573943227e+03,-7.570438894537960550e+02,-7.264485499533004713e+02,-9.174702285362400289e+02,-1.020345924222249550e+03,-7.878473641190860235e+02,-7.679050350027198419e+02,-7.477253486222912215e+02,-8.681420666259156178e+02,-5.725779784275957809e+02,-6.545209129929752407e+02,-6.292161295637404237e+02,-8.197179417811422582e+02,-8.650144872412835184e+02,-8.105541620661539355e+02,-6.933333660346302167e+02,-6.459496304562333080e+02,-9.849554623239727107e+02,-7.909442771610930549e+02,-1.090984684526604724e+03,-9.592107923455416767e+02,-5.392593735032468203e+02,-8.843979388535449289e+02,-9.278586543856847584e+02,-6.816379300267803956e+02,-8.572530667210598949e+02,-8.889716887353014272e+02,-1.340047931650501141e+03,-8.596800344820684359e+02,-9.732947634919474922e+02,-9.907998023937866492e+02,-1.218694329176557858e+03,-1.101953335824045098e+03,-1.153368996002700214e+03,-1.299523532471472663e+03,-1.112871299436858180e+03,-1.312421210568214974e+03,-1.044727419787497638e+03,-1.046789998245549214e+03,-1.104932816760343940e+03,-1.057087111238148054e+03,-1.218944305825754782e+03,-7.426592555658498895e+02,-1.221967334528768106e+03,-1.029721302049495307e+03,-1.170123103000459196e+03,-6.788237476902590970e+02,-7.924706530684409245e+02,-9.875771140783076589e+02,-9.897441048771966052e+02,-9.472879187503758658e+02,-8.532676899090490679e+02,-7.072240632520414465e+02,-8.222930959222449019e+02,-7.909609901165982819e+02,-7.122009285006333812e+02,-6.912490951988933148e+02,-6.592994263921577840e+02,-7.403879769107442144e+02,-1.044419618710182476e+03,-7.845604033327794014e+02,-7.320053413241649878e+02,-6.551619329199371577e+02,-1.119556863822879677e+03,-1.076350662381421216e+03,-8.003124873164979363e+02,-9.030650991009896416e+02,-7.990479680369960533e+02,-9.751600741224734747e+02,-8.066631590246581709e+02,-1.044286993965522015e+03,-7.252496303246895195e+02,-8.829349897624681489e+02,-8.624393116398787242e+02,-9.388565217493704722e+02,-1.042510010009083089e+03,-8.883493707362598570e+02,-1.052986011484915252e+03,-9.108302373187668763e+02,-8.603748037344537352e+02,-9.457373986442346450e+02,-9.211705760427748828e+02,-7.563527597335942119e+02,-7.931275971781249154e+02,-7.956158955009564124e+02,-6.776911947432862462e+02,-1.034897321741868609e+03,-9.633995306592790939e+02,-9.934340708959807671e+02,-7.992736142467068703e+02,-1.079909797605166659e+03,-8.263786036027729551e+02,-6.506876035622415202e+02,-7.874345693891086739e+02,-7.210925151292992723e+02,-6.482894631506339920e+02,-5.043513538396259719e+02,-8.368212966819692156e+02,-5.262091856334972135e+02,-4.907832424249155565e+02,-6.434799196650806152e+02,-6.644514806427077929e+02,-7.111335163383498639e+02,-7.564691927902350699e+02,-9.139291523264527086e+02,-7.912789265968476684e+02,-6.884269965450223481e+02,-7.610109875813504914e+02,-9.052078322024135559e+02,-7.593135161311492993e+02,-6.535698119609130572e+02,-4.258200291472471122e+02,-6.450463347488667978e+02,-7.603944136124227953e+02,-7.884723442833342233e+02,-1.036911897989958106e+03,-7.086075763368014577e+02,-9.168633063045339213e+02,-5.105870872696439164e+02,-5.921582017873965924e+02,-7.941846776983468317e+02,-9.543307833267426759e+02,-8.247478096516178994e+02,-1.125492120569813096e+03,-9.381870015645483818e+02,-5.338701778858971920e+02,-4.923956767358118896e+02,-5.789181389231290495e+02,-7.004702531762854960e+02,-9.587502981969280427e+02,-5.712814330757576045e+02,-8.435467079945941578e+02,-7.204049748296727103e+02,-8.943868455814415483e+02,-8.648552188426835983e+02,-6.706059174045017244e+02,-8.175853965942600325e+02,-7.739042078759898686e+02,-6.583281597722661900e+02,-7.658811113614605119e+02,-7.886608530358544158e+02,-7.775714278606834569e+02,-4.689503157026529720e+02,-7.160703354165315204e+02,-1.027145164350234381e+03,-1.010725177002653027e+03,-6.301744621212752691e+02,-1.044845476022044522e+03,-8.942619288105727264e+02,-9.623711335034080321e+02,-9.122290388282902995e+02,-6.731336710154768070e+02,-9.026092464364780881e+02,-7.299232603944511766e+02,-1.068880034413948124e+03,-9.223563322114655421e+02,-8.994775866920551834e+02,-7.744245777534673607e+02,-1.194457883410706017e+03,-8.215974859170654554e+02,-9.592545366708468464e+02,-9.665902583666261307e+02,-9.031288593552787916e+02,-9.420707471901331473e+02,-9.283064150330526445e+02,-7.533978203366266371e+02,-7.666101541770789254e+02,-7.483093354860939144e+02,-9.117463367704820030e+02,-8.844064265649981280e+02,-7.733479079712635667e+02,-6.711730278847318232e+02,-6.410155450940019364e+02,-6.398815159693479018e+02,-8.238416208081298464e+02,-6.805752699730567201e+02,-7.394343835135277914e+02,-7.589617018109598803e+02,-7.177466167340132870e+02,-8.198774660253535558e+02,-5.537788544888985598e+02,-7.231504992648124244e+02,-7.674482382080118441e+02,-9.167191547625368457e+02,-7.269727591010154129e+02,-1.197267628683564226e+03,-7.622353818358202489e+02,-6.669564212088176873e+02,-6.895300148491070331e+02,-7.359822615482767105e+02,-8.754098269898909166e+02,-7.334891642360653350e+02,-7.295159876029256338e+02,-9.423221142534439423e+02,-9.243875595640904521e+02,-9.257064256373657827e+02,-7.938104016626530210e+02,-9.017693566369296150e+02,-9.458030598498692143e+02,-7.077369074276815581e+02,-8.388003513911016853e+02,-1.030203094200462829e+03,-8.655463407416896189e+02,-8.621022465230028047e+02,-9.553347067002994208e+02,-7.650029673550285452e+02,-7.796622055683106964e+02,-8.400866304081611133e+02,-7.354227868000797343e+02,-7.524682682992197442e+02,-8.534181540845854670e+02,-6.496580552025023962e+02,-8.754949836386831521e+02,-6.981614219496616442e+02,-5.936712355985550857e+02,-7.613481090463125156e+02,-7.982923388710148629e+02,-4.964677021743514160e+02,-4.705717877024893596e+02,-5.751866180682561662e+02,-6.055884519318433377e+02,-6.047224844678386262e+02,-5.734380265713597282e+02,-6.813433795718549391e+02,-5.533107912546031457e+02,-1.037184442331686569e+03,-9.166582514513884234e+02,-4.846038361060820989e+02,-4.133266831034480333e+02,-5.430920459069966455e+02,-5.526799551019325918e+02,-5.568412598461591188e+02,-6.345685168560345346e+02,-5.667524250509500234e+02,-4.121832100016072218e+02,-5.754292547645396780e+02,-7.235423288391996266e+02,-4.441357250372838621e+02,-5.213948914272320962e+02,-4.747133901158023832e+02,-4.562077825990240854e+02,-4.072441116844877342e+02,-4.272521916897514984e+02,-5.455851134335842971e+02,-5.756590948236645318e+02,-6.291098167655627549e+02,-5.592036249413755513e+02,-4.676740454739996267e+02,-3.589265581807453600e+02,-4.115607069459812237e+02,-5.544606764197003486e+02,-4.758461677228813187e+02,-3.723267112048692979e+02,-4.526539877585707359e+02,-3.852586717207665856e+02,-4.534749339287776024e+02,-5.350096565278895469e+02,-4.625958180343690174e+02,-6.378565112790975036e+02,-9.073838185307349136e+01,-2.123629000557162954e+02,-2.393633410496743750e+02,-3.865556851776615304e+02,-4.477502770841566644e+02,-4.972134285098692885e+02,-5.593887679709540635e+02,-4.241424958144295942e+02,-2.411930462083148541e+02,-3.727335237062027886e+02,-4.573324570405169425e+02,-4.931674857587892120e+02,-2.862982680760480889e+02,-2.299529015871571005e+02,-4.441827107783785777e+02,-3.636650187457383936e+02,-5.025161979908780268e+02,-4.560872456186622799e+02,-3.294024286341742709e+02,-6.830663819502781280e+02,-3.552088849331861411e+02,-3.277015840019422512e+02,-3.483713220360183414e+02,-4.284045950594869510e+02,-5.549522665786147400e+02,-1.986548981755298655e+02,-2.564337980271660626e+02,-1.390207116799126652e+01,-1.199825646187742194e+02,-3.315900231201383122e+02,-4.402524856059924332e+02,-5.189086964596924645e+02,-6.518858286921229137e+02,-5.164586133375117925e+02,-5.207963294366777518e+02,-4.036383468325996091e+02,-6.154093602819398257e+02,-3.571444050450530199e+02,-6.202033793905034145e+02,-3.563357646129060754e+02,-5.549905758852833060e+02,-2.292170447588937350e+02,-2.452188442635176671e+02,-3.629513238332571063e+02,-6.679385691545753616e+02,-5.195046946455295256e+02,-7.896328549327581641e+02,-5.266241825978238467e+02,-3.267567665517534010e+02,-5.465321566533350506e+02,-5.367763817740409422e+02,-5.977367663455544289e+02,-5.418322265348908786e+02,-5.440369905365563454e+02,-4.731526579231634742e+02,-4.755784636702487660e+02,-6.595810688124457783e+02,-5.843643431186752650e+02,-7.101551802437707011e+02,-3.228199096053358517e+02,-8.612198012288451991e+02,-7.500520731307319693e+02,-3.732150542173270082e+02,-5.699180230750725968e+02,-5.334513266501980979e+02,-6.036808782664447790e+02,-6.777448999947007451e+02,-6.337015766298047765e+02,-5.275950721227843587e+02,-6.904908476598922107e+02,-5.734159440349994838e+02,-7.035261517709965347e+02,-6.080017330166534748e+02,-5.879604935476207856e+02,-8.313542374129784776e+02,-6.487561605745304405e+02,-4.247302682972308503e+02,-4.957018990740902495e+02,-7.712763561521317115e+02,-5.432796881944323104e+02,-5.127618341495601726e+02,-3.464661015905181785e+02,-2.023623889652582761e+02,-4.185521385194883806e+02,-4.081063144457668841e+02,-5.471945228914089512e+02,-4.651673118226242991e+02,-7.286636969568531867e+02,-4.576510513834381300e+02,-4.617784161347567533e+02,-4.861013080206948302e+02,-3.108007507276529964e+02,-5.625013887062447111e+02,-3.754123687179707076e+02,-4.562095465263037113e+02,-4.450092203366398280e+02,-5.348721979585066038e+02,-5.425197242023741637e+02,-6.037641774093249296e+02,-5.866085910654004465e+02,-5.426074610574399912e+02,-6.064997862097902726e+02,-4.442791342805584804e+02,-3.611356098090698197e+02,-3.660013097186408118e+02,-5.396354093955835651e+02,-2.741095137841939504e+02,-5.556204247778512126e+02,-4.039089310502200760e+02,-3.542762854169841376e+02,-4.808033577463514234e+02,-4.372122507858169911e+02,-4.499597966335911678e+02,-4.934536259375895497e+02,-4.381419959692394173e+02,-7.124169029865611265e+02,-4.280967200525698217e+02,-4.204960493200070459e+02,-4.347821406460877824e+02,-3.988886779833417791e+02,-6.058115148749388936e+02,-4.136736009500905880e+02,-5.926679591303665120e+02,-5.073901325329160272e+02,-4.040603714463653660e+02,-4.913899249509067886e+02,-5.730705073874502204e+02,-5.981193144831377140e+02,-7.929027510184405401e+02,-7.150578523479273372e+02,-4.402490572405608873e+02,-4.117674772248459476e+02,-4.233582094912327420e+02,-4.898207745749970172e+02,-5.299910892233726827e+02,-1.444074596561655426e+02,-6.486742001898875287e+01,-1.638631756594228079e+02,-3.417478578182626165e+02,-4.455694254710135169e+02,-5.273580200541866816e+02,-3.615579604744822859e+02,-6.771170233122762738e+02,-3.957578779022039726e+02,-4.977369732705194565e+02,-4.598266325810770354e+02,-5.648760599265204974e+02,-5.854651909111362329e+02,-2.508288523798534300e+02,-4.108476929957180346e+02,-2.369761009730542014e+02,-2.392831210522976448e+02,-3.407209934478744344e+02,-7.815596876344053499e+02,-5.600870642948284512e+02,-6.166254520574037770e+02,-7.101914673859308778e+02,-5.787817975101410184e+02,-6.854741361739918375e+02,-8.087796917154039420e+02,-5.323717180877519013e+02,-4.964480377115419287e+02,-7.250926737364815153e+02,-5.894899975440796425e+02,-6.774192616303387240e+02,-6.247673391759776678e+02,-6.988240201475663298e+02,-7.135881310030088116e+02,-4.517517082325700812e+02,-9.902137922080454473e+02,-8.390897371796895641e+02,-6.363247224409723231e+02,-6.741486829405419030e+02,-7.493193703598076354e+02,-5.641765910893000182e+02,-7.105681926850186301e+02,-7.613914712749349292e+02,-6.622868294731765673e+02,-6.465253244510713557e+02,-7.016619380559270667e+02,-8.167241799655211025e+02,-8.137598881120081842e+02,-7.895137800665427221e+02,-1.034170013553615490e+03,-6.655301715864865173e+02,-6.923543328588496024e+02,-7.168812475926105208e+02,-7.660609274782052580e+02,-7.708519933958840511e+02,-6.461830514362184203e+02,-8.557165191256301569e+02,-5.660684153256231639e+02,-6.406496301838870977e+02,-6.731095813731293447e+02,-6.737004559332110603e+02,-6.535486370995040488e+02,-7.987236445560017728e+02,-9.023591007138246596e+02,-7.796550207077951882e+02,-6.778939146113391416e+02,-6.291411220766501629e+02,-6.453906940942681558e+02,-5.930289318480780594e+02,-5.941329729725637208e+02,-3.943070622689342599e+02,-4.061272730947721357e+02,-4.421382192193993887e+02,-4.623666750300737363e+02,-4.097483254344592751e+02,-3.665363475851247017e+02,-6.355674355098104797e+02,-1.513835917935713553e+02,-2.069721569409845188e+02,-3.135965229926735560e+02,-2.907984190973465957e+02,-1.362103247788473936e+02,-2.811696659491828996e+02,-3.134898098444539301e+02,-1.987291661605813715e+02,-4.159621674731076268e+02,3.577934090213902607e+01,-3.463545250934876663e+01,-2.261020813215566818e+02,-1.247540003087065656e+02,-3.416343398963682034e+02,-3.273989908744068771e+02,-1.524755346658686506e+02,-1.695429580078448737e+02,-1.515921608191520420e+02,-3.751107330922563960e+02,-1.601692915676813911e+01,2.920282292260888539e+02,-1.675673111060672227e+02,1.731954956752588259e+00,5.276997749769660118e+01,3.970637625494256895e+01,-1.884937956576687270e+02,-1.999965363853885947e+02,-9.643256814976888336e+01,-5.495345662790585095e+01,-1.921876063026368513e+02,-2.992771915160253684e+02,-2.256517660149382891e+02,-3.892508421813804489e+02,-4.552577860874376938e+02,-4.801981309435063281e+02,-4.249430413319283844e+02,-4.756662962549744407e+02,-5.157058831607894263e+02,-5.277517095942504284e+02,-4.212222223128932228e+02,-6.656170306367017702e+02,-4.338550164535504905e+02,-3.592966136091321232e+02,-5.983656644040753463e+02,-3.356628742191958281e+02,-3.576986626330456147e+02,-2.969219020885509508e+02,-2.792679973696562001e+02,-1.602120069296614133e+02,-3.210878180190476883e+02,-5.200375823383049010e+02,-3.657040430882640294e+02,-3.070332199368873489e+02,-2.511357836920586522e+02,-3.504964555341348955e+02,-2.044999673237192042e+02,-3.637275750556674438e+02,-1.645150009528414330e+02,-3.420711451802074521e+01,-2.376603891696332767e+02,-3.480083545440365924e+02,-8.498858525097976724e+01,-1.861200660503142217e+02,-3.920712577724407311e+02,-2.244270559806338383e+02,-2.546355548925015739e+02,-4.233635339034885305e+02,-3.928319744991086964e+02,-3.592475355014644265e+02,-3.581862868575551602e+02,-3.575769114812538874e+02,-2.424125852207375829e+02,-4.604308387514452079e+02,-1.690498997332193767e+02,-1.117309313289010220e+02,-1.843514538730005654e+02,-2.350142461771949343e+02,-3.513980176603023438e+02,-2.230689122285413362e+02,-5.213437040620995049e+02,-4.501206363622634399e+02,-5.980221023472240631e+02,-4.307488272825623881e+02,-2.431582104714553338e+02,-2.826910790759285987e+02,-2.495678460499515268e+02,-4.859409567382383557e+02,-2.695681690296604529e+02,-4.759463411334169223e+02,-5.866371521955120443e+02,-4.138706392837818839e+02,-3.583027319269150439e+02,-4.222104274338867071e+02,-5.558683529734835247e+02,-6.096158669125273946e+02,-6.413568968134898114e+02,-4.002927547599458649e+02,-2.581487724047876782e+02,-4.096875857216863324e+02,-5.999732416395058863e+02,-6.825734817259715328e+02,-5.390151139173744923e+02,-2.844276454807812797e+02,-3.582638787621508527e+02,-2.081133173293263496e+02,-1.390010480840236369e+02,-2.251865552925377472e+02,-4.336250169454024217e+02,-6.751351223759995719e+02,-4.181441609833476605e+02,-2.650620440319130466e+02,-1.930280130785735082e+02,-1.124563679258981210e+02,-2.006056540635941587e+02,-2.025682534448796446e+02,-2.597810517017570646e+02,-2.867025533453443131e+02,-2.536570152220027978e+02,-5.733917611049645302e+01,-2.835439755921520941e+02,-3.033688143337301426e+02,-2.153311074262757643e+02,-4.796272303865399635e+02,-3.706844037283646003e+02,-3.228237091231214890e+02,-5.916844423016652854e+02,-4.186482092482381177e+02,-5.486884301033071552e+02,-4.460178769440642554e+02,-4.735881527215245796e+02,-3.756401443908367810e+02,-6.294782556203776949e+02,-6.825054348959130266e+02,-5.311047865598682165e+02,-4.911481093950651484e+02,-6.970316549198031453e+02,-7.702249670306383678e+02,-9.549905331089912579e+02,-4.178325102248703047e+02,-8.212780530450977494e+02,-7.781545340434865921e+02,-5.533123967690320342e+02,-6.888798787645206403e+02,-5.085213140131191381e+02,-7.014913002446584187e+02,-4.984735530508099259e+02,-3.412121718036565881e+02,-6.347225105428200322e+02,-6.268309433936973392e+02,-6.024810116227406525e+02,-7.195896096579455161e+02,-6.845180201229300110e+02,-2.481664148691741900e+02,-3.410443460410898524e+02,-4.992800137277229737e+02,-7.925311915147451600e+02,-5.132711031557004162e+02,-6.027340179407601681e+02,-2.573288866554294145e+02,-4.158316267770948116e+02,-4.171466068064409569e+02,-5.215088075364462838e+01,-4.302380516317248862e+02,-5.273217430121939060e+02,-6.190140982427469680e+02,-7.536980928607945316e+02,-8.376674159759235181e+02,-7.650397154985387260e+02,-6.498580990068653591e+02,-4.668611371212152790e+02,-4.097991766004990950e+02,-6.144836696797756304e+02,-5.099186619447281146e+02,-4.986999442436715526e+02,-6.787630440311158964e+02,-7.359158838263545022e+02,-6.335068123582667567e+02,-6.786333518125254614e+02,-5.954052202682586312e+02,-3.841376596253880393e+02,-5.645801573633298176e+02,-4.501091784682746493e+02,-5.460437903062687610e+02,-6.176312100424042910e+02,-5.371875887910716756e+02,-5.644314698099088901e+02,-8.851792033107927864e+02,-6.260327958374696209e+02,-6.122079911316903917e+02,-6.271589395837577285e+02,-9.173102217589391785e+02,-7.025456822229143654e+02,-6.962315051311379648e+02,-7.950748996090787841e+02,-6.977307777590816613e+02,-6.647582921819873718e+02,-7.719266318563304594e+02,-9.428510640349652476e+02,-9.155185203337360917e+02,-7.998291968950820774e+02,-8.383540212598700236e+02,-8.290358991093224859e+02,-9.033018033921691767e+02,-8.016536714795452099e+02,-1.394037827743360140e+03,-9.190132242396687161e+02,-7.691712408336077260e+02,-9.242548920606545835e+02,-9.794879243406254545e+02,-8.111010285393392678e+02,-7.940797119666888193e+02,-8.474934792484539230e+02,-7.109429867951439519e+02,-8.292651663465336469e+02,-9.222586392764812899e+02,-7.691001890478210044e+02,-7.760242119449653728e+02,-1.227061620057720120e+03,-1.126712933159196155e+03,-9.633126667434339652e+02,-7.250498977816560000e+02,-8.889400320577580032e+02,-8.146747348196892062e+02,-8.960903232339489932e+02,-1.036268967955451899e+03,-1.016761573531301792e+03,-8.736103728612126815e+02,-8.909373324065479665e+02,-9.756262645295744278e+02,-8.590693507912608311e+02,-9.914098841386585264e+02,-1.143552959546618240e+03,-1.153462641167417814e+03,-1.348103037871778952e+03,-1.005175075954594831e+03,-1.221150699152601192e+03,-1.096996702269296293e+03,-1.206669331123452139e+03,-1.045593132085674824e+03,-1.166673553945781350e+03,-1.123078018064304615e+03,-1.100013005242168219e+03,-1.239317552446431591e+03,-1.361831220035016941e+03,-1.316210255011598974e+03,-1.189550945810734675e+03,-1.268569871176757260e+03,-1.435931701378033040e+03,-1.532566517593800199e+03,-1.381824985147255347e+03,-1.526936999681704037e+03,-1.193806605614154250e+03,-1.539942398181722183e+03,-1.225024425373665963e+03,-1.304488351071353918e+03,-1.505159123130098351e+03,-1.480084420220291577e+03,-1.433308104496119086e+03,-1.172134896413673687e+03,-1.313385976237215573e+03,-1.468963069491661827e+03,-1.510575797898657129e+03,-1.473828559067168499e+03,-1.330393202624927426e+03,-1.387239945268121573e+03,-1.120370661168150946e+03,-1.138109656577659052e+03,-1.168358729227526965e+03,-1.164272421313366976e+03,-1.225294470400897353e+03,-1.424288977576325124e+03,-1.077483259011957443e+03,-1.122495057884666494e+03,-9.928523577956871122e+02,-1.116577278912131305e+03,-1.470740960799675577e+03,-1.565458480021426340e+03,-1.219597582113214685e+03,-9.464135492726848042e+02,-1.468217414906971726e+03,-1.284970484081342875e+03,-9.095781554061090901e+02,-8.984047584965416036e+02,-9.278155271154670345e+02,-7.615377314663928701e+02,-1.038048935762577685e+03,-1.228687933604591308e+03,-1.157975201206503698e+03,-1.346953408561155129e+03,-1.311022243893531822e+03,-1.094925853206302236e+03,-1.222290244934190468e+03,-1.208892609545868936e+03,-1.161941629663943104e+03,-1.135868330244834169e+03,-1.192523136019871572e+03,-1.378758031629402012e+03,-1.888873140706588401e+03,-1.749800299309855518e+03,-1.518765089704428419e+03,-1.480997932018216943e+03,-1.665423985348128099e+03,-1.545644233791101442e+03,-1.674790526582132316e+03,-1.587832916415749423e+03,-1.260157229913534366e+03,-1.397393515747508445e+03,-1.396521391339073716e+03,-1.190528740972307105e+03,-1.517483504754451815e+03,-1.447414659611122943e+03,-1.190044234976470307e+03,-1.241290647219883795e+03,-1.292400652065479790e+03,-1.271999026580876262e+03,-1.267279682588696915e+03,-1.203143188481342122e+03,-1.353113910439715482e+03,-1.614750719520337498e+03,-1.448087237732949916e+03,-1.187142669542041858e+03,-1.004753666800457722e+03,-1.323202266357456665e+03,-1.382384530935565408e+03,-1.328692809011873578e+03,-1.215786565852906733e+03,-9.888290079246271489e+02,-9.884390105027041500e+02,-1.674886467646806068e+03,-2.352808475512209952e+03,-2.279946342057388392e+03,-1.630669898874676392e+03,-1.393615641041593562e+03,-1.310394653052436979e+03,-1.860946553087506345e+03,-1.416769946920862822e+03,-1.139309049701061213e+03,-1.183541266406999057e+03,-1.392136132310932226e+03,-1.328018418863719489e+03,-1.311145596360757509e+03,-1.208282783763374027e+03,-1.376526458974569550e+03,-1.575844259113915768e+03,-1.487340589772290514e+03,-1.169716246404923368e+03,-1.199610087194546395e+03,-1.194531069269180080e+03,-9.869631982066073306e+02,-9.506593087042010666e+02,-1.090006746064586878e+03,-1.192763314044261278e+03,-9.138203089303066236e+02,-1.153828066050499729e+03,-1.174494884969802342e+03,-9.623437802982480207e+02,-1.158349350039759884e+03,-1.447894082523482211e+03,-1.139938560326899506e+03,-1.073303419098893301e+03,-1.670527690004618762e+03,-1.425820648358329890e+03,-1.304599598050426721e+03,-1.127772349901271355e+03,-1.293344261516533606e+03,-1.282816546425402976e+03,-1.169088044736663051e+03,-9.951991948773406875e+02,-9.616715879204057273e+02,-1.536587604419554282e+03,-1.336021415756281385e+03,-1.249794284544399943e+03,-1.026992732607524886e+03,-1.084377942058445569e+03,-9.859607147649192029e+02,-9.123593996285276262e+02,-1.219529056296166345e+03,-9.228946498786278880e+02,-1.063314202750741970e+03,-1.024328807254736375e+03,-9.804429505047152134e+02,-1.331907715973580252e+03,-1.110197533371890131e+03,-1.123188832736037057e+03,-1.219714721009143886e+03,-1.086045221589849007e+03,-1.386012467398351873e+03,-1.045642043703454647e+03,-1.429974988712272307e+03,-8.179507716351877207e+02,-9.173357857630608123e+02,-9.444977245227977392e+02,-8.486812362107001491e+02,-8.642422766868379540e+02,-7.955085511243785277e+02,-8.835368752715445453e+02,-7.044023118584984786e+02,-9.341241484227525689e+02,-8.227604814535447986e+02,-1.010736563046730225e+03,-1.069906189310170248e+03,-7.541085007061370789e+02,-8.426222481745991217e+02,-7.529257422934254009e+02,-8.278370826711254722e+02,-7.062010961628914174e+02,-6.444944208973573723e+02,-5.949078446559194617e+02,-6.705161868106529255e+02,-9.363374890697591582e+02,-1.003157513366856051e+03,-7.823685497978951844e+02,-1.024687897939468485e+03,-1.095823683168391426e+03,-1.014485640256244210e+03,-6.811634652125611638e+02,-1.020424231620681212e+03,-9.954554044917309739e+02,-1.039229776768757119e+03,-1.059505247644676729e+03,-1.200696941484745594e+03,-9.681768543732064245e+02,-1.153709587610783728e+03,-1.255358507636064132e+03,-1.315265868558618422e+03,-1.248124480595054138e+03,-1.628877031978177001e+03,-1.567130856989692347e+03,-1.580899599108488019e+03,-1.899619314582634388e+03,-1.640280375966887277e+03,-1.580114571691547098e+03,-1.324385760750658392e+03,-1.507472375897310030e+03,-1.628506195610963005e+03,-1.539790601611584179e+03,-1.645961992546618831e+03,-1.626895682618909859e+03,-1.601131533872372074e+03,-1.615955883745524716e+03,-1.612756221564430689e+03,-1.519259802921963455e+03,-1.596649950767618975e+03,-1.664537811670530573e+03,-1.884883880263241281e+03,-1.623062567253893349e+03,-1.440669537440380509e+03,-1.236868211068288474e+03,-1.268941285478195141e+03,-1.251916331793479912e+03,-1.349696877542375432e+03,-1.463357942115318565e+03,-9.868739360431139858e+02,-1.220216952546274797e+03,-7.803961803963952661e+02,-7.443190429195967681e+02,-8.393284685940145664e+02,-8.489342533668720989e+02,-7.316789681213149379e+02,-8.543797054114891125e+02,-8.548802817564337602e+02,-1.059264739950776402e+03,-1.118948195148844206e+03,-9.398105705774560192e+02,-1.144335530276638110e+03,-9.703945906342050876e+02,-7.481800609489314411e+02,-8.943617798520446058e+02,-1.151672200939901813e+03,-1.116525925362146381e+03,-8.743559354007340971e+02,-1.086314321545131861e+03,-8.637569401262900328e+02,-9.305657488426854798e+02,-7.905886188992222969e+02,-8.948645206673156736e+02,-8.252053682465344764e+02,-8.102026799011497360e+02,-9.109129566089375203e+02,-8.746587135479152266e+02,-9.039858267634971298e+02,-1.052776953259207630e+03,-9.900825353048659281e+02,-9.645628762457683933e+02,-7.629752842478048933e+02,-8.152057130987107030e+02,-9.988233138072589554e+02,-1.002360809996852936e+03,-1.114227788060364901e+03,-1.019243963779095793e+03,-8.906104547856433555e+02,-8.933597348686023452e+02,-8.756524549259233936e+02,-7.775129867215177910e+02,-1.124397148284444711e+03,-8.807531410356923516e+02,-7.195352477545468446e+02,-3.790824289924064487e+02,-6.937381913899130268e+02,-7.480044328019981776e+02,-8.005286256792378481e+02,-6.679061370429114959e+02,-7.027570501526643056e+02,-5.075330321278817678e+02,-4.861048765091235282e+02,-6.316486489054252615e+02,-9.126248196281954961e+02,-5.949832568342617378e+02,-6.550368349623889799e+02,-6.567313693387702642e+02,-4.952604046806043243e+02,-6.586455345426162467e+02,-5.838211942529272847e+02,-5.637283840014755469e+02,-7.075682062724962407e+02,-1.099572738615493563e+03,-8.041382493731298382e+02,-6.417152624231910067e+02,-7.637943014927469676e+02,-9.168864081673825694e+02,-9.830673813846615303e+02,-8.721653538747807488e+02,-1.206284233469007631e+03,-1.278663590232865772e+03,-1.606164068429786767e+03,-1.029425184081350835e+03,-7.507891428071270639e+02,-7.775618412355014470e+02,-1.203254437842607786e+03,-1.221699584142842241e+03,-1.241610346902967194e+03,-1.094936593967381441e+03,-1.149765219524274471e+03,-1.046306984198727378e+03,-1.146234712172812806e+03,-9.849853634080649272e+02,-1.130908618496016743e+03,-1.126282481866150647e+03,-1.030616201200458590e+03,-1.070474774295789530e+03,-9.313364413862049105e+02,-8.997097670993150587e+02,-7.869884914482546492e+02,-9.040813718645035806e+02,-1.075176541535164233e+03,-9.785400901996356424e+02,-1.162985249593197295e+03,-1.296399577729461498e+03,-1.057778386866558776e+03,-9.889569161954138963e+02,-1.157196855570763546e+03,-1.310300176880226900e+03,-1.279850687392754025e+03,-1.217918618320445148e+03,-1.354888632150378726e+03,-1.064864881346941729e+03,-8.743377051951875956e+02,-8.594346160032523585e+02,-8.850669608965429234e+02,-1.176631881585473820e+03,-1.190101719931421940e+03,-1.478065257594161494e+03,-1.190779259444953368e+03,-1.174072609507399420e+03,-1.071650749631564395e+03,-9.532435307304079970e+02,-7.600992182256107981e+02,-1.042339853087617030e+03,-8.277683916419025536e+02,-1.025069721097933552e+03,-9.771703981437639186e+02,-9.732006451194100691e+02,-8.090024405550821029e+02,-8.363217161005736671e+02,-8.403132278269835069e+02,-1.290611891666076417e+03,-8.739631082236937800e+02,-7.523375314355314458e+02,-1.092918626138528907e+03,-1.050303143606146932e+03,-1.409421251351284809e+03,-1.310355730018989561e+03,-1.027548513153955582e+03,-6.976196279443767025e+02,-7.019031373597460970e+02,-7.101363518934828107e+02,-9.329982931261331487e+02,-6.907122211862763379e+02,-9.069313008888798322e+02,-1.243854780539095373e+03,-7.414792720281849370e+02,-9.875282633043403848e+02,-9.999387434986870176e+02,-7.818242399696738403e+02,-7.418734072279049769e+02,-7.739914232291364442e+02,-1.023453237375974254e+03,-7.988050303843833717e+02,-7.737198867311076356e+02,-7.818789063271203759e+02,-1.021548298190955961e+03,-9.948870656758547284e+02,-7.588706463890877103e+02,-8.497448934281077300e+02,-7.373104358443653155e+02,-9.400600277608090209e+02,-1.254985595789391482e+03,-1.322953325141867026e+03,-1.198645587874016201e+03,-1.151374481968301097e+03,-1.584865129211614658e+03,-9.480475684907061122e+02,-1.009014881160592381e+03,-1.193382808897512177e+03,-1.474924914072015781e+03,-1.320915139981552784e+03,-1.145178337858251780e+03,-1.259004160945331932e+03,-9.861667437208609499e+02,-1.047287360139048133e+03,-1.134243336805318449e+03,-9.855686231657841745e+02,-9.126077154862291536e+02,-1.118401694576738691e+03,-1.050139281637089880e+03,-1.071703221386694622e+03,-8.689711840612333162e+02,-1.235874487671399038e+03,-1.417633157880148701e+03,-8.255787932240823466e+02,-1.137470512588421570e+03,-9.277332678480481718e+02,-7.708793724141005441e+02,-6.522317225047464717e+02,-5.566455544130388944e+02,-5.167986125745451318e+02,-4.779175985049144515e+02,-4.727823663056624355e+02,-4.370093900259337829e+02,-6.503137695279309582e+02,-4.884813611155739181e+02,-7.982332814117861517e+02,-6.890984778313060133e+02,-5.789434404139583421e+02,-5.148155448822724338e+02,-3.371070802153791988e+02,-4.237671522459062885e+02,-3.331998162754522923e+02,-4.173770972878429575e+02,-4.267665445793525123e+02,-5.645265775572975144e+02,-3.661088093291356813e+02,-1.823701921918968196e+02,-3.971321520918635883e+02,-3.363541965554204580e+02,-2.703902078754981630e+02,-3.626583701485809570e+02,-3.693987331097739570e+02,-4.365316480479187931e+02,-4.877392494439795314e+02,-3.416277487778171462e+02,-6.580149611282654405e+02,-3.591139528946777091e+02,-3.679561899867761667e+02,-1.340638667173053307e+02,-2.572668632591810933e+02,-3.027406148825831451e+02,-4.569575797915792350e+02,-2.526060121064722921e+02,-4.080805526146712623e+02,-6.623740259978234235e+02,-3.814760246181856473e+02,-3.381510663775270018e+02,-3.019775638066212764e+02,-5.013052826077411055e+02,-3.261815627986591721e+02,-3.341871127545514923e+02,-2.695568883331981169e+02,-3.504869392245192898e+02,-3.251678891790554644e+02,-2.445592791833857120e+02,-5.426815684354494351e+02,-4.284012498952159262e+02,-6.309330716510289676e+02,-3.418631023834479947e+02,-2.670596468666237797e+02,-5.169020812894787014e+02,-8.017593396738882348e+02,-4.368183696652330354e+02,-5.352085874374140531e+02,-4.737260543101895109e+02,-2.266689118613277856e+02,-1.241361788046366428e+02,-3.997244839247972550e+02,-4.216523560647908653e+02,-4.174426098333117920e+02,-3.752782094551382102e+02,-6.200780221492993860e+02,-3.784416830899286879e+02,-4.339285937253148404e+02,-4.696315119626756314e+02,-5.702984113407776476e+02,-7.092088711815144961e+02,-3.705330600024328760e+02,-5.519526929603694043e+02,-6.584945350950920329e+02,-2.297042899043040904e+02,-3.644813836678742973e+02,-6.225393025478831532e+02,-5.948977880317097515e+02,-6.459924998530286757e+02,-6.613454531194151969e+02,-3.373950846814852866e+02,-4.154456536827346440e+02,-3.547645102979012108e+02,-4.275562674775526375e+02,-4.858192206287749286e+02,-6.233455761496113610e+02,-5.793685651178860780e+02,-6.236797468415778667e+02,-5.421684705688634267e+02,-3.708084719233106625e+02,-3.606671694756428792e+02,-4.393124687928239496e+02,-8.178269631291013866e+02,-7.181555676233527947e+02,-5.480429704506750568e+02,-4.294794558129116808e+02,-5.180660239660408024e+02,-6.545013294150157890e+02,-5.604491923907205546e+02,-4.874936299385520897e+02,-6.556313806784720555e+02,-6.501728374535325656e+02,-6.332945944621919807e+02,-6.376465131394381842e+02,-3.760556810701976360e+02,-6.340593930834345429e+02,-8.308590841496209123e+02,-4.780120299291592119e+02,-2.364402574922892484e+02,-2.502818115124652820e+02,-5.336044659235720928e+02,-5.497539642792687573e+02,-4.615987286606403472e+02,-5.113469223063432310e+02,-4.845565927999066957e+02,-4.713914070985476883e+02,-4.210542176343969913e+02,-3.664983939524582865e+02,-2.849743992143347668e+02,-6.844653707666584523e+02,-5.021342673336248481e+02,-3.752299204473483769e+02,-3.872266999538201162e+02,-2.988119468288811049e+02,-4.097547775581861629e+02,-4.868620539887552923e+02,-8.033592606257432180e+02,-6.555154060727174965e+02,-6.201919552339428492e+02,-6.821871096759078910e+02,-5.773625537649548960e+02,-4.121829361540223999e+02,-4.757663306781728352e+02,-6.634130220713866493e+02,-3.356402713181972217e+02,-4.696691223287326693e+02,-4.440464111612849933e+02,-4.095869080036032983e+02,-5.194747337270302978e+02,-4.829079772080120847e+02,-7.933684019780170047e+02,-6.911533141151131758e+02,-5.316278990424541462e+02,-4.903362930457478797e+02,-5.188186398977466069e+02,-5.971798946001413242e+02,-6.631942069066902832e+02,-6.229527096910169348e+02,1.992295413420842465e+01,-1.698899010038106212e+02,-4.994774512393672694e+02,-5.883720698623833414e+02,-5.224173828409916496e+02,-2.913330858198168016e+02,-3.981591807829240679e+02,-4.488282857907399830e+02,-4.568374552400991888e+02,-4.552858646808712706e+02,-5.265348007679970124e+02,-4.201745273445725388e+02,-3.562487284362060223e+02,-1.418483457963705519e+02,-1.501419757444018899e+02,-2.202283979938540881e+02,-4.191679685482371269e+02,-5.231268908989342208e+02,-4.349166257992196165e+02,-2.395352838663968100e+02,2.477771677925629490e+01,-3.824057559769245245e+02,-5.036855265994360593e+02,-2.338698976337764748e+02,-3.551708772538111134e+02,-5.768061784256317424e+02,-4.551664867633371614e+02,-3.618355901779693795e+02,-3.932416391455839744e+02,-5.460859438274723061e+02,-4.080100544566043936e+02,-6.853032368797344134e+02,-6.079602751004158563e+02,-4.946075616201290472e+02,-6.154342689047667818e+02,-7.980965012453790450e+02,-5.027022099596657085e+02,-8.104870088607731304e+02,-5.244783900439445006e+02,-5.695560589833766016e+02,-6.816801976105201675e+02,-7.091237087018813554e+02,-6.199192138147272999e+02,-4.462574372848815756e+02,-4.770580351808503110e+02,-5.911305157761992177e+02,-6.820928492610496505e+02,-6.066292240972970831e+02,-5.768145217229839545e+02,-4.311092713897876365e+02,-4.298826618920728038e+02,-3.692982001597751491e+02,-4.739718074288264233e+02,-8.071410229675834671e+02,-3.227643844029470301e+02,-4.526142341193272500e+02,-4.982234611273767086e+02,-6.066742703620046768e+02,-5.019487329272535590e+02,-4.553061774682154237e+02,-7.244271316923143331e+02,-5.025828843296749255e+02,-6.088126239158140152e+02,-5.831921325149402264e+02,-7.238711060707637444e+02,-5.429761650796440335e+02,-7.016917043707755965e+02,-8.883792766398422600e+02,-5.289934975959329222e+02,-6.285899456228661393e+02,-5.572407048749130354e+02,-5.625776845611173940e+02,-4.772434277104262037e+02,-8.369312390230987830e+02,-5.391369273758111831e+02,-4.848921428574624315e+02,-4.479691572712489460e+02,-3.996581124948514798e+02,-5.233576130962283059e+02,-5.524911711263137022e+02,-7.344901427709901327e+02,-7.351828012583465579e+02,-4.709976358466483930e+02,-3.347969520833622710e+02,-4.329029979218121866e+02,-3.711587590998288988e+02,-5.906754721365488194e+02,-5.847479202849769990e+02,-3.934573597469957349e+02,-3.336027871206135842e+02,-3.716764075931081379e+02,-3.547846316456816567e+02,-2.745174299918566589e+02,-5.559342384980373026e+02,-4.672340572914780523e+02,-2.430106597812186351e+02,-1.847943821571308263e+02,-1.638252209135064561e+02,-2.019257218568915846e+02,1.629130261131739843e+01,-2.803771622219156825e+02,-8.243944387674932273e+01,-1.080589481742117641e+02,-8.161995471752572939e+01,-7.854908937728806961e+01,-1.480050021065150077e+02,2.235196066501005419e+01,-2.615198852026405802e+02,9.560730742312998132e+00,2.946801889914522690e+02,6.373571609273194838e+01,-1.250491717061470354e+02,-5.955224263108820537e+01,1.677965479972212677e+02,1.864236944933417703e+02,3.437581995270458037e+02,4.357046906560578492e+01,1.721472832731599567e+02,1.244284524069349516e+02,-4.572771292262530096e+00,7.687497203718791638e+01,1.114466370463197507e+02,4.072394556684211864e+01,7.505432077595332885e+01,1.005640550423720470e+02,6.542938222522778347e+01,-6.203102769405843731e+01,1.221293369201221992e+02,3.388708642122441006e+01,-3.179093392537998852e+02,-3.081115355716097497e+02,-1.286271754519972603e+02,-2.474867108093954471e+02,-3.286897754544619943e+02,-9.387531560063419533e+01,-1.591394424607809697e+02,-1.418954955287086648e+02,-1.217093562769959476e+02,-1.186864830575301539e+02,-1.533363969125601898e+02,-1.867494735762097378e+02,-1.527518543466887877e+02,-6.887776372610744602e+00,9.068919827664828404e+00,-1.583947550438251710e+02,-1.090835416637215189e+02,-1.423495880063969139e+02,-1.296312104764492972e+02,-1.646124065458140535e+02,-1.345892029090952065e+02,-1.363832807444433968e+02,-1.294133195333071740e+01,-1.910121528995728113e+02,-3.040072320277263884e+01,-3.012864996122417551e+02,-1.897959646662490343e+02,-2.185512310898171506e+01,-1.633692550588326071e+02,-2.175621639197114234e+02,-2.566968944952554352e+02,-1.967489852890488180e+02,-2.015033859393787168e+02,-3.315232524955936242e+02,-1.917637277428923710e+02,-1.587822654481386166e+02,-1.621611478060652587e+02,-3.524735256052324530e+02,-1.207014580225953466e+02,-1.170033403087313815e+02,-1.477475780661927161e+02,-4.920132392727920490e+01,-1.053778634105549372e+02,-2.717665577445537792e+02,-4.111205457065594260e+02,-3.877295465529221019e+02,-2.969120231710272719e+02,-5.053645282132152943e+02,-1.590672401972700243e+02,-3.716441708207560168e+02,-4.519914362271284745e+02,-4.321476484431483414e+02,-3.297985982163955327e+02,-4.945656625401252313e+02,-6.366919974969001714e+02,-3.583279184697313440e+02,-3.590970501980372092e+02,-4.653152158719165072e+02,-6.125904390460357263e+02,-4.982588762875636803e+02,-5.716120317633096874e+02,-4.890709526734806332e+02,-4.034354759823427230e+02,-4.175509465737557093e+02,-3.463389697472348416e+02,-5.948339445275353228e+02,-5.789406844034072037e+02,-4.973671034168672804e+02,-4.673107156762680461e+02,-2.097864615641417458e+02,-9.681016356399763367e+01,-3.447174296750716280e+02,-2.076374950581526377e+02,-2.573493214382441465e+02,-4.889698840852393005e+02,-2.136529221518104009e+02,-1.394050377469657747e+02,-2.253388077267979384e+02,-1.483426554667577193e+02,-3.112939138924815552e+02,-3.577236174399526476e+02,-4.764067386788734666e+02,-3.261839409270405667e+02,-3.916196560187038358e+02,-2.784733884980423682e+02,-3.459678205004337315e+02,-1.397240515551949045e+02,-1.377246634765075441e+02,-3.944932135932396591e+02,-4.291433337829130323e+02,-4.422009552481447372e+02,-6.533239766320948547e+02,-3.299063687734697510e+02,-3.043313025817501511e+02,-3.948005294133190546e+02,-5.315417104225396088e+02,-4.701670231638635187e+02,-3.791864004877187426e+02,-6.685722319659638515e+02,-7.285671607226993274e+02,-7.029651811436997377e+02,-8.935518481187930320e+02,-9.851554104953464730e+02,-9.397711386073569884e+02,-7.641245050882791929e+02,-6.596035520885116057e+02,-6.877225068701047803e+02,-8.082258919901835270e+02,-9.055812804493978092e+02,-1.032898485898436547e+03,-1.110937264391213375e+03,-8.024074667916650014e+02,-7.507128076365434026e+02,-6.935645727046910451e+02,-7.226014333241030272e+02,-8.330914560565084912e+02,-9.032064402443672861e+02,-9.697761099392896540e+02,-9.341374414004889104e+02,-8.262727150259353266e+02,-7.981963689626253426e+02,-1.195911577899782742e+03,-7.877759573926159646e+02,-8.871046474497177314e+02,-7.721821281525745917e+02,-6.884389771775172449e+02,-5.756784247782389912e+02,-2.716378386933291722e+02,-6.174486701427648541e+02,-6.126512916939100251e+02,-6.492064054751399453e+02,-8.926462623007021193e+02,-1.060691732724202666e+03,-9.204559576997044132e+02,-7.523058012435055844e+02,-4.657786942035232869e+02,-2.923101358284791900e+02,-3.538314215976328114e+02,-3.173079434911429644e+02,-2.985984052643728432e+02,-2.508437561203598136e+02,-3.095360996037211976e+01,-5.452927121989837360e+02,-4.577349431112337470e+02,-3.113794955027920537e+02,-2.771972104010820885e+02,-2.735712160708565648e+02,-3.304352434693104215e+02,-1.547059851168552314e+02,-4.718412523275481476e+02,-2.415992302703953385e+02,-1.944769315209450440e+02,-5.657537673697554510e+02,-5.221175236341498476e+02,-3.119965916532026995e+02,-8.525760600549583401e+00,-5.241194921198695056e+02,-2.649593062401041834e+02,-2.285678046557636094e+02,-5.000480494775204079e+02,-4.472748933250965138e+02,-3.163430131970136472e+02,-2.887057001507415634e+02,-2.338193499023682591e+02,-1.296546547737657988e+02,5.159050322479743045e+00,-1.554257063168366244e+02,-3.793239384522769342e+02,-1.786528283533190233e+02,-4.161191693906297928e+01,-4.417136195244928558e+02,-9.490922911882927338e+01,-6.088990360727294160e+00,-3.204318525304120158e+02,-3.015313232715575396e+02,-3.556552932375880118e+02,-3.279513914467376026e+02,-3.141731754491511310e+02,-4.769897628889032717e+02,-4.584188056836086389e+02,-2.711807247700061225e+02,-4.873835691968640731e+02,2.055538808801023976e+01,-3.852609978939518101e+02,-4.349119140417150788e+02,-4.466036745785027051e+02,-4.306767019358296693e+02,-5.067302477719681519e+02,-3.157460433482326607e+02,-2.343418304585086958e+02,-3.475637607003280891e+02,-8.784626222353824687e+01,-3.286428441575542365e+02,-3.696448364358328149e+02,-5.362430452834114476e+02,-1.552731014662421671e+02,-4.034255825293748217e+02,-5.546718648363047350e+02,-6.046307107748307317e+02,-4.846562134828969306e+02,-6.008335151088497241e+02,-6.092268176310060426e+02,-6.125779297391012506e+02,-5.628863830174996110e+02,-6.422057092585284863e+02,-5.883506133482615041e+02,-6.333846101256253860e+02,-7.850223145888832050e+02,-6.977689602815909211e+02,-7.454438881137284625e+02,-1.005692925964538063e+03,-1.123820274364202533e+03,-1.111926130123931671e+03,-1.364310640101875833e+03,-1.219540889710360034e+03,-1.445221031377449435e+03,-1.472367742703604108e+03,-1.401227966490300105e+03,-1.466058011932663021e+03,-1.329357239042439232e+03,-1.525431420414327931e+03,-1.465887432264333256e+03,-1.706312479322379659e+03,-1.821511657006866471e+03,-1.941887568597814834e+03,-1.841192676720062991e+03,-1.881613808075292354e+03,-1.880483296508367857e+03,-1.949416310446962825e+03,-2.033538520829453091e+03,-1.833693189145645647e+03,-1.855977697094993800e+03,-2.113330166758069481e+03,-2.055748564262465152e+03,-2.210596986790499614e+03,-2.199619006383312808e+03,-2.268362533920410442e+03,-2.365669072278162730e+03,-2.222925094221344807e+03,-2.323432288462426641e+03,-2.350370741074553735e+03,-2.398156745094028338e+03,-2.596545859126599680e+03,-2.524144829304033010e+03,-2.572051605977530016e+03,-2.454516967185974408e+03,-2.415910307560886395e+03,-2.370330238638901847e+03,-2.580296318610917297e+03,-2.902283248598876526e+03,-2.585106123243364891e+03,-2.757928260447750290e+03,-2.857628730175211786e+03,-2.850150435360790652e+03,-2.820548321099150598e+03,-2.957444491381416810e+03,-2.809867217498038372e+03,-2.815651490257559999e+03,-2.916851681277404168e+03,-2.691673669702307052e+03,-2.968727118663015062e+03,-2.907566420357360585e+03,-2.978954382088993043e+03,-2.882314381955180579e+03,-3.002646762697398572e+03,-2.987071930428421638e+03,-2.979584147320761076e+03,-3.120753088824657880e+03,-3.133868032952480462e+03,-3.133250992524333924e+03,-3.082036463576722781e+03,-3.268725001194091419e+03,-3.088428040725267238e+03,-3.243392770475441466e+03,-3.433727414551540278e+03,-3.321511693909333189e+03,-3.458796848737063101e+03,-3.699556765926455228e+03,-3.532815217700117046e+03,-3.741576350849648406e+03,-3.774599960686186023e+03,-3.584103176406589228e+03,-3.909118057196934387e+03,-3.903811438510313565e+03,-4.011673358522673880e+03,-3.977777805675631498e+03,-4.281119436497465358e+03,-4.266848636139522569e+03,-4.471298105044601471e+03,-4.907191410295195965e+03,-5.373537275076128026e+03,-5.923170164549175752e+03,-6.248173487971855138e+03,-6.228497434269429505e+03,-6.211415340813062357e+03,-6.473379967075174136e+03,-6.458499576174528556e+03,-6.514049935431034100e+03,-6.602707195857550687e+03,-6.633891052133611083e+03,-6.571245868800886456e+03,-6.672946647845699772e+03,-6.656686611070268555e+03,-6.768375496029142596e+03,-6.724472954784392641e+03,-6.847336849985039407e+03,-6.773885428146120830e+03,-7.007428539614167676e+03,-7.048560345811012667e+03,-6.921036191620313730e+03,-6.890684045630149740e+03,-6.914841497874592278e+03,-6.894835259556669371e+03,-6.897254667161837460e+03,-6.834745124351502454e+03,-6.919776901859851932e+03,-6.895194015396958093e+03,-7.021667680888242103e+03,-7.012405265712350229e+03,-7.002266140245670613e+03,-6.906347185006752625e+03,-6.903747724172241760e+03,-7.163577097118628444e+03,-7.058673169565530770e+03,-6.985932392189377424e+03,-7.055407420122511212e+03,-6.932328683219993763e+03,-7.072976763410755666e+03,-6.930214330154809431e+03,-7.027834715189826966e+03,-6.948631404498856682e+03,-7.066841400688753311e+03,-7.037290424383814752e+03,-7.221005523356079721e+03,-7.097071794967646383e+03,-7.242743498593148615e+03,-7.116761073069979830e+03,-7.151599046556285430e+03,-7.144709876957644155e+03,-7.181937012790374865e+03,-7.414232884785674287e+03,-7.204233092329783176e+03
-2.700711157490062760e+03,-2.399074113619639093e+02,-5.492176821936649276e+02,-2.619208760858638243e+02,-3.784522444410372373e+02,-3.617528784720930730e+02,-4.767853356403257408e+02,-6.682992018618339216e+02,-5.664992808916233571e+02,-8.675167732565997767e+02,-7.674868104633746952e+02,-6.241761487123554843e+02,-6.307436813464571514e+02,-6.504042017935155400e+02,-8.297935082497879193e+02,-6.873069764300176985e+02,-7.389684419367050623e+02,-6.885012454513421289e+02,-9.272244432644381504e+02,-1.070005151802595492e+03,-9.396473209734945158e+02,-8.401738127902749511e+02,-9.512969722816455942e+02,-1.246167376052021154e+03,-9.238350596891559690e+02,-1.143179781371996114e+03,-1.299421221689566892e+03,-1.223100789181152777e+03,-8.661904820146019119e+02,-9.697600061565135547e+02,-1.240650857508601575e+03,-1.297665262405929070e+03,-9.904051889100920789e+02,-9.950681904265804860e+02,-1.069197544272904906e+03,-1.234035685810896211e+03,-1.376195948408790628e+03,-7.253507306352468049e+02,-3.228216895759985050e+02,-7.732815513053553786e+02,-1.107960330678835589e+03,-7.861519617705492919e+02,-8.536388728142410400e+02,-9.044934930455269750e+02,-5.597997979588066073e+02,-3.433522938905552451e+02,-3.944215382558313081e+02,-2.825615430415963374e+02,-3.685927068754710376e+02,-3.445414702708897039e+02,-6.465864547512145464e+02,-5.004429556629083891e+02,-6.229099007944003006e+02,-6.008221533889844750e+02,-8.803073754271021016e+02,-5.933596959372370065e+02,-7.809956965977635264e+02,-8.806713820991606099e+02,-8.697338425996221076e+02,-1.051378998291000698e+03,-1.102583520091735636e+03,-8.532347404417321286e+02,-1.038076998935336405e+03,-6.638234430041612768e+02,-6.043601465215865574e+02,-5.421081650308912003e+02,-5.284666711682316418e+02,-4.685757120838437686e+02,-4.373359002853241009e+02,-5.443569230884271519e+02,-3.791237226151288269e+02,-5.429298082812633766e+02,-4.413238384821306681e+02,-5.754323810962853258e+02,-6.128362025458015978e+02,-7.707785537383697374e+02,-8.076936891615131344e+02,-7.499906539641294785e+02,-5.944320817048807157e+02,-9.295187158567099459e+02,-9.629512011711699415e+02,-9.000705752105734518e+02,-9.187490381126481225e+02,-8.233407905779599787e+02,-9.215339270563267746e+02,-8.869676306240687609e+02,-8.036085672720701041e+02,-7.328970310211320793e+02,-5.690204344868418502e+02,-7.433667185854773152e+01,-3.040767660287165768e+02,-6.117260564639937002e+02,-7.427199744848667251e+02,-7.620384916283868506e+02,-5.569506402508111478e+02,-8.093203229867197024e+02,-8.187310486080957617e+02,-6.271843816268399223e+02,-2.959627085372029569e+02,-4.506022082909418032e+02,-4.656568823070297185e+02,3.177040878011280256e+01,-4.271231781287136755e+02,-5.228017943813125612e+02,-3.348994255347581657e+02,-5.492623476059644645e+02,-2.814643919089257338e+02,-7.480246264751673380e+02,-4.710062257201128659e+02,-4.170985112074352514e+02,-3.823091866648979931e+02,-1.829551251875690241e+02,-6.153518528889264871e+01,-1.231476276894669581e+02,-6.307909541633753179e+02,-1.884128524608132693e+01,-8.413387064934875070e+01,4.427096679598247420e+01,-1.540362305943289698e+02,1.339215943835134794e+02,1.339011082112560302e+02,4.789300037680072819e+01,5.870790602052551321e+01,-1.238091277494079918e+02,-1.179437838725747270e+02,-1.362410252489996765e+01,-2.132953481201320471e+02,-1.957349154535636444e+02,-3.101777162717892793e+02,-4.977058798152577879e+02,-2.200175163441369648e+02,-4.197683937917042272e+02,-2.576735365827289002e+02,-5.240375412165944908e+02,-5.186322400904762162e+02,-6.143146952446496698e+02,-4.729976788525549978e+02,-4.903010288929618810e+02,-5.887453534784785916e+02,-5.212875494849296274e+02,-6.868774036846720037e+02,-5.842244091647945652e+02,-6.364137866331934674e+02,-5.649830714188286720e+02,-3.049553815669329424e+02,-1.502262221323280755e+02,-2.637698443231786314e+02,-7.019033160846606734e+02,-7.443594957428585985e+02,-7.368474183267798026e+02,-6.219747296858198524e+02,-1.267481724503746818e+02,1.552537332761284574e+02,2.596583455220376209e+02,3.672041715449092294e+02,-4.621544594272262430e+01,3.297994896831544906e+02,2.321464103727748238e+02,2.602841481736707010e+02,-2.406660895991644793e+02,-9.654936034822537749e+01,-6.130705270520886643e+02,-8.294433752725892646e+02,-1.151613526814470561e+03,-4.362185309102454767e+01,-9.993720463681555088e+01,1.474397256041061155e+01,-1.575828495484931295e+02,-2.461240469614425876e+02,-1.263392271486118830e+02,-3.707798448585560891e+01,8.789452305140810040e+01,1.644171841863749250e+01,-1.645090095507561045e+01,-9.541522149384468321e+01,-1.544741925425310569e+02,-1.790741593521422033e+02,-5.226158541237714417e+02,-3.185331879631095262e+02,-1.612875454853340216e+02,-3.475490122696159574e+02,-2.782989322962120582e+02,-2.773609054410685530e+02,-2.660217362339865304e+02,-5.822393291378422191e+02,-8.493441977093119704e+02,-1.001046213608009225e+03,-8.604845343450205064e+02,-1.163003406379129274e+03,-1.197452169256015623e+03,-1.189472886080388662e+03,-1.288853959717682983e+03,-1.555701703322310777e+03,-1.478750169313414062e+03,-1.606166063060561100e+03,-1.725663463776378649e+03,-1.621704781007648762e+03,-1.723916692568423514e+03,-1.616250286352911644e+03,-1.829312759394019622e+03,-1.722569592574125636e+03,-1.876138177050229842e+03,-1.611169318177057448e+03,-1.683077890798007502e+03,-1.664832828389638962e+03,-1.642570722688242768e+03,-1.618402060692769055e+03,-1.528522554050311101e+03,-1.307314185545031933e+03,-1.213746712952466396e+03,-1.371726263664322914e+03,-1.153253427721162097e+03,-1.270351532628710856e+03,-1.353045131741643218e+03,-1.059510053794183250e+03,-1.040135348882546396e+03,-1.074533401019337134e+03,-1.027799022825802240e+03,-1.100662553409996690e+03,-1.075936496745611294e+03,-8.370987622930153975e+02,-9.038525206090794200e+02,-7.713458920844930162e+02,-6.145404870799386572e+02,-7.383088168942053926e+02,-6.500854672055786523e+02,-7.299046038149291462e+02,-4.101119315783027446e+02,-5.148577189799041207e+02,-4.006212850833936727e+02,-5.072763464569871985e+02,-3.840208698965455483e+02,-3.001249150794541265e+02,-3.238249860670283056e+02,-2.400564016290682332e+02,-1.081031402289889343e+02,-1.064566555200518110e+02,-2.549750180257543946e+02,-3.329659286979616013e+02,-3.045451018403365424e+02,-1.657854269997095003e+02,-2.328829215292434469e+02,-3.660060416185739314e+02,-5.826153548197185046e+02,-2.924635976855764739e+02,-4.609909110728269184e+02,-4.437629721170547441e+02,-3.573972728903772804e+02,-2.504720323295471758e+02,-2.023988230665534616e+02,-4.737315752638261301e+02,-4.923558555429340231e+02,-1.881863642476537279e+02,-5.241927492653849185e+01,-1.342850348645895338e+02,-1.595293234461925067e+02,-3.139905469996675151e+02,-3.335051718400530376e+02,-1.433244791673890290e+02,-2.226081714863652792e+02,-3.264962760355344926e+02,-6.628048523912314067e+02,-5.338219881017562329e+02,-3.764271689599854085e+02,-3.887832112892331224e+02,-1.481322713312974884e+02,-3.704416503177419600e+02,-2.983200849226846003e+02,-4.234382644615032518e+02,-1.261255866435652933e+03,-1.251976981528838223e+03,-1.077495132054488749e+03,-9.654078849876732420e+02,-1.173119056359687647e+03,-7.774483166927832372e+02,-8.065080694717529468e+02,-9.374477614333129623e+02,-8.785155395644053442e+02,-1.118893678146969705e+03,-8.389941217447853887e+02,-1.032296230368421902e+03,-6.622546640784299825e+02,-8.738018461395743088e+02,-8.320194547712117128e+02,-9.874851295534201654e+02,-6.375235369261574760e+02,-1.053869030003470016e+03,-9.814336666949133132e+02,-1.225141795832602838e+03,-1.345673045884841940e+03,-1.275014891631239607e+03,-1.326969208847850041e+03,-1.026765759055346280e+03,-1.138149628827924289e+03,-5.433153495688753765e+02,-5.471843683447899593e+02,-7.490324343849880506e+02,-9.738523948142574227e+02,-1.098294175499232097e+03,-1.104073689699381703e+03,-1.025097959952970086e+03,-9.186726257444485100e+02,-9.940704044518294040e+02,-8.670556997296646387e+02,-9.941138206092491600e+02,-9.300468192507619278e+02,-5.992927360343768441e+02,-9.293965387856856069e+02,-1.011883519623318534e+03,-7.457970684496514195e+02,-9.335697350580935563e+02,-1.019459964218334562e+03,-8.063035255870281617e+02,-9.575129368877323941e+02,-6.184798756000703861e+02,-5.547478701231792684e+02,-6.005163734125065957e+02,-6.808766688665424454e+02,-8.378010081896436532e+02,-5.930148430164333604e+02,-5.980900386022990460e+02,-4.899042030219627009e+02,-7.955842216748017108e+02,-1.061266414023267544e+03,-1.112534073575786351e+03,-1.213623153432667095e+03,-9.146996052692895773e+02,-7.252938995973244118e+02,-5.561238180082702911e+02,-4.880512266324279267e+02,-5.614737300687331754e+02,-7.303333049118476765e+02,-6.697620617709002317e+02,-3.824884412090277124e+02,-1.080649886747524761e+03,-8.259295536676490883e+02,-7.862258160381614971e+02,-8.644784509164678639e+02,-4.198196861164713027e+02,-4.831936927554297654e+02,-5.893520095089751294e+02,-5.302204604939638557e+02,-3.600225925614955713e+02,-4.675521888108330018e+02,-6.705984367452628021e+02,-6.700602642369478872e+02,-3.679260345980957823e+02,-5.757251053992408742e+02,-4.966498860143730099e+02,-7.397614065664531608e+02,-7.159268687459787088e+02,-7.628443428509913247e+02,-7.410198350544832238e+02,-7.843015118442995117e+02,-7.971049035076216569e+02,-9.787287784040231600e+02,-6.801865585275691046e+02,-8.610630429282141449e+02,-8.083323957355148650e+02,-6.848426065302369352e+02,-7.047129443253592171e+02,-1.083312936087458638e+03,-8.088387083779311979e+02,-6.100470310620494274e+02,-9.673904099098697316e+02,-8.329838516138665909e+02,-8.379228320545134920e+02,-4.327474513149363702e+02,-6.333679521565741197e+02,-8.286211083952845229e+02,-1.125529921317542630e+03,-1.397771989636917397e+03,-8.726104110848257278e+02,-8.908041654933927020e+02,-6.891476419257761563e+02,-1.016802385467706699e+03,-7.861216386829300973e+02,-8.084269853366010921e+02,-1.109867132597368482e+03,-8.611373678695101717e+02,-9.351437050337783603e+02,-8.310940121012758937e+02,-1.090522955493189102e+03,-8.213209334950574885e+02,-6.677973302612155067e+02,-7.002478381500744717e+02,-1.226745330448821505e+03,-1.217110246447770805e+03,-7.726278291777128970e+02,-7.357178657681421328e+02,-2.948829658515041956e+02,-2.434771164886444694e+02,-3.934734615775671500e+02,-5.508089798939710136e+02,-7.560494147115974783e+02,-6.062837043584845560e+02,-4.467681054423129581e+02,-3.961252124355190176e+02,-3.853685220651375971e+02,-7.198975580358885509e+02,-5.173298904928926731e+02,-5.100477907351641988e+02,-3.372471693388018821e+02,-2.822969473657918797e+02,-5.809255051341478975e+02,-7.702212823505744836e+02,-7.672925358197815058e+02,-4.406021930862359568e+02,-6.963048148398504509e+02,-6.552071205373272278e+02,-4.559957363313784526e+02,-4.800447846955619298e+02,-3.342362613272188696e+02,-6.844813371528714470e+02,-5.531727369203308626e+02,-4.047774132123054756e+02,-5.910661580029704965e+02,-5.798708876693372076e+02,-6.374772113412368526e+02,-9.670840637616462345e+02,-1.141441373030248315e+03,-1.289136785584564450e+03,-8.218429170038137954e+02,-8.670873237867001535e+02,-5.660949748583759629e+02,-8.527154575052809378e+02,-7.199751105441662276e+02,-1.252710813433644944e+03,-1.542116040143654573e+03,-1.003935147782605895e+03,-1.041196188536571299e+03,-9.309689076997543680e+02,-1.037559994097716299e+03,-8.758634635946606295e+02,-1.067551270482816790e+03,-1.041228753637238697e+03,-8.039838690085033477e+02,-9.973378627668942045e+02,-9.723643210704325384e+02,-9.979653750994439179e+02,-1.217681265011754022e+03,-8.218562708367938967e+02,-6.355839793274344629e+02,-6.331753364203630099e+02,-7.499719484593565539e+02,-6.380696257483178897e+02,-5.044198453207653756e+02,-5.113594377541149356e+02,-5.339885367933475209e+02,-6.389868244857675563e+02,-3.461551296983119528e+02,-1.676510834747547847e+02,-1.887987490315937293e+02,-5.772749465880251591e+02,-3.967218463799275696e+02,-2.511545150382699489e+02,-2.609510898818300575e+02,-7.670986797710577321e+02,-6.013888581931088311e+02,-2.893144275444748814e+02,-3.515374900312967839e+02,-6.376059883906001460e+02,-3.797100303785609867e+02,-3.824896000211911655e+02,-3.773962317927155254e+02,-3.129295273430404905e+02,-3.854556160936747347e+02,-3.410249505754478037e+02,-3.330926399367951376e+02,-3.724324955508320727e+02,-1.977329805092520587e+02,-2.734108637763755496e+02,-2.715997381285549750e+02,-3.756431156104588922e+02,-4.535356364724308946e+02,-6.174244906971806586e+02,-4.418915104077150318e+02,-3.640782521224015227e+02,-4.366279171853144589e+02,-3.833615477976121042e+02,-4.756755611421179992e+02,-4.996454834188559744e+02,-3.829043755563967579e+02,-4.929307414769892830e+02,-4.761833909228774360e+02,-3.335602426264822498e+02,-4.844844561894257708e+02,-8.044931982213523725e+02,-4.430832437193205351e+02,-8.019023430636307239e+02,-8.880614727168274385e+02,-1.157077383385535995e+03,-7.191155098684811264e+02,-1.219373111909010049e+03,-1.100468327923635570e+03,-1.111088630835102322e+03,-1.099718289322816190e+03,-1.007299619920870100e+03,-1.079885623249574110e+03,-9.169045969613721354e+02,-7.618236206354777096e+02,-8.296656145540591751e+02,-7.390910045123499685e+02,-9.314617133219892366e+02,-8.258296765174987968e+02,-1.026654339700814035e+03,-1.392310605270301267e+03,-1.286252831555909097e+03,-8.061289283113271722e+02,-6.890255136899684203e+02,-5.609686193506545351e+02,-5.728235535062714234e+02,-4.982307224357975883e+02,-7.112725497509745765e+02,-1.083888724895677115e+03,-1.201535710408418936e+03,-1.283351489047466202e+03,-1.392950826054199752e+03,-1.539098708880441791e+03,-7.707431624611042480e+02,-7.273734524812580275e+02,-6.333621903358618965e+02,-7.992144206652060348e+02,-7.909916992455416676e+02,-6.343738633796308477e+02,-7.602053924497033677e+02,-7.144011058412081638e+02,-7.873806282960767930e+02,-5.733371852947216212e+02,-6.412520473330266668e+02,-8.140537873020011830e+02,-9.965142407501946309e+02,-6.743700496618612306e+02,-5.944131015608752477e+02,-5.453195400430773816e+02,-6.852509810301280595e+02,-7.231930465322549253e+02,-3.826374863418080849e+02,-7.746852304137884175e+02,-6.899067345923833727e+02,-9.471718852655493492e+02,-8.385670257467083957e+02,-7.750758399406317949e+02,-9.120211310483459783e+02,-1.095913628712880836e+03,-6.645198250167534297e+02,-6.863523835000429472e+02,-3.958671703263840413e+02,-4.364680172813003765e+02,-8.328307535112235200e+02,-8.858307895075362239e+02,-5.848704532372831864e+02,-8.374896400360026973e+02,-5.584470529783047823e+02,-6.489405151483849750e+02,-4.627355823450696448e+02,-4.949940033922546263e+02,-9.374833609742377121e+02,-6.548952311567513789e+02,-7.463365611316141894e+02,-6.800316778655798089e+02,-6.962423795049464843e+02,-7.472964343160080034e+02,-1.164646380641327369e+03,-8.436212096471181212e+02,-8.733031704380704241e+02,-7.048112565023409388e+02,-6.165756783085367942e+02,-9.315308378770374702e+02,-7.960279247292758100e+02,-7.603961740867378012e+02,-7.850668578789423009e+02,-1.380021871514843042e+03,-1.252869133746867192e+03,-8.198229607863008823e+02,-7.409961701285385516e+02,-7.356563413565776273e+02,-8.964966232279110727e+02,-8.370904218360869891e+02,-1.036214863791166863e+03,-9.126812309149809153e+02,-9.614943471394431072e+02,-8.127022823317449820e+02,-9.144922762568514827e+02,-9.957406468453995103e+02,-7.443851735413898041e+02,-5.587103884396543663e+02,-7.278880360413638755e+02,-1.132201877653198153e+03,-9.697176986810193284e+02,-7.047446313265132858e+02,-7.911644369820228349e+02,-1.209684330433838568e+03,-7.870049314425286866e+02,-6.385091769659902639e+02,-7.746483799070434770e+02,-7.641095198589716802e+02,-8.363957461712873283e+02,-7.786650220149545021e+02,-8.947106199015985339e+02,-6.948701049234979337e+02,-6.211473934005957744e+02,-5.823037324930789964e+02,-8.944566391689088505e+02,-1.164738323454227157e+03,-7.750760762822408196e+02,-6.873384258589195497e+02,-3.010295731247002209e+02,-1.967117492025583942e+02,-3.945582568092573865e+02,-3.352808340652437664e+02,-6.165784760058350003e+02,-5.588438629987234663e+02,-7.562476011482513059e+02,-6.028667322649957896e+02,-9.422287963390433561e+02,-7.959753488161795758e+02,-7.370827124135436179e+02,-6.300260281962105182e+02,-5.327871689132383608e+02,-3.319840976748499770e+02,-4.512071090440464900e+02,-6.704893090790396855e+02,-6.722749527096322026e+02,-5.777575743374279682e+02,-3.347974528059022532e+02,-5.038590304037136320e+02,-2.453323021498554226e+02,-4.014076165203922528e+02,-2.888341507112900786e+02,-3.747128464915708719e+02,-1.897509231225869257e+02,-2.985413088957323566e+02,-2.007438983431934503e+02,-6.444774671997078030e+01,-4.441555843731143227e+02,-3.908656949038633002e+02,-5.654846044081186847e+02,-3.925137954904982394e+02,-3.504141788725895026e+02,-3.719396291962065106e+02,-4.107999787680047916e+02,-4.456502827506171798e+02,-6.542087964248152048e+02,-2.694905644435023646e+02,-3.696359219109497189e+02,-5.591173425653950062e+02,-6.236887868173032530e+02,-2.507840901514659890e+02,-5.217432027727891182e+02,-4.985990901619449573e+02,-6.376103242556330315e+02,-7.933198741245180372e+02,-5.765143140779974829e+02,-2.472694371583544637e+02,-5.742111089187669677e+02,-6.700490507678143786e+02,-4.119563844987001175e+02,-5.100860905642832108e+02,-1.865009472178648480e+02,-1.262856606419364311e+02,-1.123281751853069181e+02,9.894552353401871869e+01,4.376626443816257961e+01,2.053415688931035561e+02,1.149904443824516420e+01,-6.345561940350651184e+02,-8.798880375149445854e+02,-5.279854130332877276e+02,-4.881281268446887225e+02,7.192502117343593682e+01,-4.037488319717559762e+02,-3.571721884899225188e+02,-2.435287133330957090e+02,-7.753930809758212490e+02,-5.928787145591142007e+02,-2.550339000406331706e+02,-5.269192425792635959e+01,-5.356131767907872927e+02,-6.857113359633167420e+02,-8.228269812021441112e+02,-5.677873330993928676e+02,-6.963633847192427311e+02,-1.042987417446224299e+03,-6.135336799752899424e+02,-1.044083061630365592e+03,-4.657310430064660522e+02,-7.204511426972524077e+02,-9.324879977267880804e+02,-6.526431740280449958e+02,-1.021833151796526863e+03,-7.864128933419284522e+02,-5.202891660667712586e+02,-9.771267715064963113e+02,-9.346759334147789104e+02,-1.091163112819122944e+03,-1.013125142864103736e+03,-6.930753458051632379e+02,-1.197948266964190452e+03,-8.683488597723810472e+02,-6.268525814590758500e+02,-6.637802209076372719e+02,-6.983282285778559526e+02,-7.982273900320931261e+02,-7.534659798479294750e+02,-7.159801621373015905e+02,-8.453113655814240701e+02,-5.075734664310363655e+02,-7.376674578613212816e+02,-5.769705895683750896e+02,-7.204551627931208486e+02,-8.685086850792592941e+02,-8.289177668788519213e+02,-6.788406063655921798e+02,-4.518700877769272779e+02,-6.484369957703149794e+02,-6.892809980766253375e+02,-6.196052156231490926e+02,-4.913231478636168390e+02,-4.882769237886602127e+02,-6.368696854945628729e+02,-4.686728081042903113e+02,-7.785577728612156534e+02,-9.125430356296546961e+02,-6.777082644125825936e+02,-7.955998058917583649e+02,-1.035107336116720035e+03,-8.471459777738865569e+02,-7.095333393891939977e+02,-7.937697254349574223e+02,-8.202173185460901550e+02,-7.862311307953419828e+02,-5.605978581872018367e+02,-9.483592599954447451e+02,-6.786413267568427727e+02,-8.389876131351679760e+02,-6.395514595511804146e+02,-7.554160268095214406e+02,-8.956177920226984952e+02,-1.134978666557736688e+03,-7.545595285733365927e+02,-7.176136994176299595e+02,-6.483724653907660240e+02,-6.627357081337380578e+02,-6.815145278328684526e+02,-8.458970598457275401e+02,-6.336897234848830749e+02,-4.738982603363542125e+02,-5.925820091160098855e+02,-6.637781612806300018e+02,-6.488282437525308524e+02,-4.102924721337347478e+02,-2.584860010388432556e+02,-7.777733963984985621e+02,-2.825727775362917100e+02,-5.084619466181267740e+02,-5.221260546234270805e+02,-6.387907183100326165e+02,-3.742401024535754459e+02,-4.730768412585940723e+02,-4.423306556659329090e+02,-6.647225650301857058e+01,-1.289705600435054862e+02,-2.394462617573659600e+02,-5.124529206347403942e+01,-1.402767243370654455e+02,1.708318190974435424e+02,-3.212818949997914615e+02,2.550980452555164106e+02,-4.090212941644307421e+01,-4.626425840628547235e+02,-5.842500661485950104e+02,-3.910323886223750378e+02,2.869184547614128178e+01,2.009245626417266521e+02,2.310365190513095968e+00,-4.352270822667427979e+02,-5.917308132913678946e+02,-4.279032975989935608e+02,-5.966116866033296446e+02,-3.933714594887763951e+02,-9.086845815252334546e+01,2.446254078362764517e+02,5.759291609321650185e+01,9.293634192695822094e+01,-3.388352601456608681e+01,-1.951910228091452382e+01,-5.726461412675040492e+02,-7.128541026557032865e+02,-5.577423277691780186e+02,-9.281005836583431119e+02,-6.403459066185714619e+02,-9.548616639890387887e+02,-1.174685795060753435e+03,-8.794110221668056511e+02,-6.187160811843663168e+02,-6.594016283458001908e+02,-7.727067947580094369e+02,-7.338487017142800823e+02,-9.345539234001535078e+02,-6.960775414265422114e+02,-6.734854530401796637e+02,-9.226416351507618856e+02,-8.598175912386047912e+02,-1.050248302544803209e+03,-9.935815344932248081e+02,-7.917332927728432423e+02,-6.791943090572617621e+02,-7.818956172712826174e+02,-7.851616106674024422e+02,-8.927677346404832406e+02,-1.049763129065957628e+03,-9.700436780561266232e+02,-9.720625454764876849e+02,-8.187761433473898478e+02,-8.755644165963774412e+02,-8.329975796042203910e+02,-8.061183960541603710e+02,-8.050084031326869081e+02,-6.313275947962233658e+02,-7.242964921688084132e+02,-1.097595617689763003e+03,-8.531049891515422132e+02,-6.758879339293670228e+02,-7.142818351244384303e+02,-8.092220209105471440e+02,-8.796443982147748102e+02,-9.148403063223914842e+02,-6.917575928160861167e+02,-7.268791044477272862e+02,-1.149571340124651897e+03,-8.653234630331587596e+02,-1.007223532135420896e+03,-8.760601388244417649e+02,-8.785475099272484840e+02,-1.124687275245627234e+03,-7.960594610602447574e+02,-8.435384252628591639e+02,-7.166220143313371409e+02,-7.459285388147917502e+02,-7.221677385056003686e+02,-6.589221643075701422e+02,-7.329092427249329376e+02,-6.923648211042279854e+02,-6.123559296402860355e+02,-6.802913626849567663e+02,-7.518125744688454688e+02,-6.174799381758151640e+02,-9.983129519650480006e+02,-5.777567065926433543e+02,-5.818846632594571702e+02,-6.797809333872290836e+02,-7.545223151533109558e+02,-7.774871600586164959e+02,-5.108317751295781477e+02,-7.526061682866347837e+02,-5.871357624585043595e+02,-6.776409209528669635e+02,-4.751625230107557627e+02,-5.253005656161772094e+02,-6.308023057680916281e+02,-7.379402953737861708e+02,-7.265089331599709794e+02,-4.857658837266754972e+02,-5.734765499406902336e+02,-4.539739358703708376e+02,-5.199932229055403923e+02,-3.654229527966159594e+02,-2.770718513526234688e+02,-2.534508741785861048e+02,-1.284121688173031259e+02,7.330486628092552337e+01,3.155388533625171021e+01,-3.192733540833343682e+02,-4.340348641114464954e+02,-3.535540195559556764e+02,1.144454750885885232e+02,1.106132306773247365e+01,-1.092937981338802160e+02,-1.523253869551723483e+02,1.654474037561664659e+02,1.727634136976654986e+02,2.460302006456579988e+02,-1.266860632955044537e+02,-2.933180182256220974e+02,-2.748428760529117199e+01,1.043921610864348963e+02,-2.969022142041984580e+01,-1.678147929883706411e+02,-7.312595483155081411e+01,8.106413337264751817e+01,-3.092823752300254228e+02,3.796345376712088182e+01,5.843087535691881840e+01,1.561289957133772077e+02,-2.034853638480257132e+02,-4.165065200201614175e+02,-3.582814844871177797e+02,-4.718068389233229709e+02,-2.092709101068828659e+02,-3.809547071500780930e+02,-5.234043729835826753e+02,-1.909436577822080210e+02,-2.630314368234205631e+02,-7.693296824833464598e+01,-1.506164424104788964e+02,-8.423859650931416354e+01,-4.421754204495880458e+01,-9.646573950651747964e+01,-1.228149971246039058e+02,-4.253394905546605287e+01,-5.753122263911177470e+01,-2.440633586297463751e+02,2.056960807807615765e+01,2.910218091988002698e+01,-9.358525388073837803e+01,-1.543922441389902360e+02,1.387361450248920391e+02,-6.626198403506595014e+01,-3.920197185220997653e+02,-3.447588337261332754e+02,-2.305746286023173752e+01,7.407424119066052981e+01,2.510761792277706377e+02,4.151119907438510381e+01,-2.656488479853483682e+02,-4.851905602195234906e+02,-3.495179124925811038e+02,-3.149467043139254088e+02,-4.147530465200228491e+02,-3.415435663740561267e+02,-1.571866256508014317e+02,-3.406237008898081626e+02,-3.070099636345606768e+02,-3.397985830828614553e+02,-3.229512429200042334e+01,4.664513228528215905e+01,1.611957999248414808e+01,-4.385746354168503558e+02,-4.698795152044239671e+02,-3.729144779077695375e+02,-5.720122034409783964e+02,-6.204791590156333996e+02,-6.736139821820254383e+02,-8.539811309851752412e+02,-3.949709691649433125e+02,-6.788428025543385047e+02,-5.518571053974076221e+02,-5.907670679236626938e+02,-5.957201118011167864e+02,-4.548453890888546312e+02,-5.142966779577732268e+02,-6.401590774137140443e+02,-7.796364087450074294e+02,-7.205373626145228627e+02,-7.293998387531821663e+02,-7.230800961526440460e+02,-6.907233397178749783e+02,-7.083713428349883543e+02,-5.502766033648739494e+02,-4.187585719066805723e+02,-6.716340002471832804e+02,-6.111281754443191403e+02,-7.138214293068893994e+02,-6.619475108051290135e+02,-5.835892585664155376e+02,-9.772297900327879461e+01,-1.916272938244973147e+02,-7.366488857261720113e+01,-3.539713497817587609e+02,-6.246596730330555829e+02,-6.501968104134036821e+02,-1.704426562822245614e+02,6.927498648101385470e+01,1.172528559589270571e+02,-1.176182019181866281e+02,-5.246129130118345074e+02,-4.709456874520904535e+02,-5.713051456999875199e+02,-9.001565033779399982e+01,-1.227089695660936286e+02,-9.962086893933286547e+01,-2.134981689386000028e+02,4.652997600198386863e+01,4.126155755172840145e+01,-4.944168376569103884e+01,-2.530155328330913562e+02,-1.127540959452930451e+02,-1.405114417264077247e+02,-2.534187419135187440e+02,-1.801116486739950346e+02,-3.542096732522922480e+02,-3.201606483773218770e+02,-4.429820558403837367e+02,-5.359005390889158207e+02,-5.361852872193503572e+02,-4.644012783872246928e+02,-3.547895091549704603e+02,-4.987668725807673127e+02,-5.465761447313562940e+02,-3.238423323470766491e+02,-6.067200053628196201e+02,-8.077323036643930436e+02,-9.036609262147972004e+02,-1.011371529998259803e+03,-8.376774314061225368e+02,-7.751599851772371039e+02,-5.499915921708295627e+02,-6.980480638003073182e+02,-5.487182388873209220e+02,-6.791095697276593910e+02,-4.503208204567690700e+02,-6.273791608837157128e+02,-5.924032248256775119e+02,-9.327375806479602716e+02,-6.750843813622637981e+02,-7.997483495528823596e+02,-8.398191922026445582e+02,-9.383392059114075892e+02,-8.743990612406172431e+02,-5.006431622583919534e+02,-7.829803425457998856e+01,-1.686656566384853022e+02,-3.286324026430844469e+02,-6.317435548575472239e+02,-4.647652079440921398e+02,-7.050251141277220768e+02,-5.695841013944393580e+02,-7.788613129960599508e+02,-9.230180012875963484e+02,-8.281637979582870912e+02,-5.271112369655783141e+02,-6.204038630910149550e+02,-4.357449754389910481e+02,-4.563593885058505180e+02,-3.737025798495069466e+02,-4.521424422737968598e+02,-3.804941310125311702e+02,-5.195723085434733548e+02,-1.011729492591307917e+03,-4.398188988179309149e+02,-3.743409804670171184e+02,-5.704596462046124543e+02,-6.712704103000148734e+02,-7.277996907689671389e+02,-4.566808303080442215e+02,-6.355269324879593569e+02,-5.079998995264633663e+02,-5.615835300146844702e+02,-3.751582877492987791e+02,-5.669621830963297953e+02,-6.573384770209888757e+02,-7.126198176062789571e+02,-7.880449259003132738e+02,-5.069260644016862329e+02,-6.430535290951822844e+02,-6.491488665552308248e+02,-7.984991893161334247e+02,-8.257117365305541625e+02,-7.173949123493274556e+02,-8.551559574374241492e+02,-6.659856761514975005e+02,-7.256774226033197692e+02,-7.844512071586856337e+02,-6.992371004845670086e+02,-6.430308290241906661e+02,-8.868777095239206574e+02,-8.073080716784056676e+02,-6.577022793293117502e+02,-8.609272122244998400e+02,-8.939385208133412561e+02,-9.112492484883159705e+02,-7.420392491051095476e+02,-8.564754334161671068e+02,-7.663486433340428903e+02,-8.549876058648651451e+02,-6.769801376795276155e+02,-9.316476188506244398e+02,-6.168914791321956272e+02,-9.203547771831626960e+02,-6.877247574393916238e+02,-7.105671764968183197e+02,-7.547360908955495233e+02,-8.100708658342263107e+02,-9.286311429947710394e+02,-7.827521717785393776e+02,-8.881411251040702837e+02,-8.443656769890319538e+02,-8.383063176172205431e+02,-7.485893516713449571e+02,-6.307963283851247525e+02,-4.369026396630837894e+02,-4.114958751203953398e+02,-7.137718066580900995e+02,-8.651875919601254736e+02,-4.887393476045760963e+02,-4.939436208395530912e+02,-5.254879770187235408e+02,-7.079030871765585289e+02,-4.469178599805712224e+02,-4.528822338577082292e+02,-5.984611462225780087e+02,-5.535216707325317884e+02,-4.352299808019713510e+02,-6.396119370765068197e+02,-5.130709185406021788e+02,-3.096685129945552717e+02,-6.086224864515535273e+02,-4.339490540003372985e+02,-6.152915597604802542e+02,-5.736239157044554986e+02,-3.248980448252408451e+02,-1.845489375885691743e+02,-2.946235056222957382e+02,-3.562585195045696196e+02,-3.149517382918697308e+02,-5.323749614664808405e+02,-7.556541672503885820e+01,-6.621993823117472857e+02,-6.940201717386520386e+02,-4.124675804380372028e+02,-1.074226457278370503e+02,-2.382659896176858183e+02,-1.567784616359509755e+02,-5.980803209994792269e+02,-6.092768997668490556e+02,-2.701652551514246170e+02,8.782342975840339250e+01,-2.202523460260823640e+01,-9.468605256424444860e+01,-5.735407548083350093e+02,-2.839591740379111116e+02,-2.041407458080421122e+02,-1.716487134082105115e+02,-3.314730739724361683e+02,-2.886934022620894211e+02,-4.732309062550143608e+01,-4.393786575207107603e+02,-6.804165575360001412e+02,-5.413013757723066419e+02,-2.941729004891366799e+02,-7.120896995044304276e+02,-6.199237112179209817e+02,-6.262305068424386718e+02,-4.503601324465741413e+02,-4.852661722304290493e+02,-6.036823229598167018e+02,-4.424102191450004966e+02,-6.687572814217381847e+02,-2.380439974941503465e+02,-2.275513325942445135e+02,-3.071268841649550723e+02,-5.555170032753505893e+02,-6.181965441926126914e+02,-4.097225095639166170e+02,-5.235453525308064400e+02,-5.444558739215977994e+02,-6.430592357845220022e+02,-8.610709825930318857e+02,-5.300699242573068659e+02,-2.852258645143708691e+02,-3.955440584540496047e+02,-3.478067219143743500e+02,-3.951035594094640828e+02,-7.023026777464908719e+02,-7.185748503742215689e+02,-5.166009115179028868e+02,-6.363315140029541226e+02,-6.215019049879092563e+02,-5.829535209497696542e+02,-6.287912873376221796e+02,-4.007516708563239831e+02,-5.209768697790404985e+02,-5.669813352905739521e+02,-5.510293360828236473e+02,-5.337093058045850285e+02,-5.927236957633737120e+02,-3.106976650133300382e+02,-6.461391142586076057e+02,-5.796187538438470028e+02,-4.849302338553559935e+02,-3.766095619482966868e+02,-6.464219968823038016e+02,-6.521358769559417397e+02,-3.684509829106146981e+02,-4.660004818884709721e+02,-7.570758361218122445e+02,-5.289804190531725681e+02,-4.531527243978541151e+02,-7.909676277531403912e+02,-4.895508050352407849e+02,-6.181976252316862883e+02,-9.045101615919166989e+02,-7.878663483129968199e+02,-9.244308782236299749e+02,-9.127226950579349705e+02,-5.591639329214142435e+02,-6.055383218276923571e+02,-4.723618542905521167e+02,-3.521696346643226434e+02,-9.532758401417414689e+02,-5.013759060229023703e+02,-5.097678974638182581e+02,-1.015209346154092827e+03,-5.890575481107265432e+02,-4.441287975511904733e+02,-3.628419938251017811e+02,-7.865959611061605301e+02,-6.912869772309829841e+02,-5.383280083111505974e+02,-7.703875621133346385e+02,-5.911864431163012341e+02,-6.336698248242699947e+02,-4.642662136424888217e+02,-5.115083848755578515e+02,-2.337777451588554527e+02,-8.790520762601285014e+02,-9.418122793451393591e+02,-8.719238647328095340e+02,-6.831942005559176323e+02,-8.823350716222627170e+02,-8.134394510909613700e+02,-9.079560846365902762e+02,-6.329628269809788890e+02,-8.608961514275163154e+02,-8.277395456306028336e+02,-1.080710259452712990e+03,-7.985975172545051919e+02,-9.525945618314705143e+02,-7.314863093741582816e+02,-6.454436181810087874e+02,-6.392722138615472431e+02,-8.027725962783019895e+02,-6.613866506760605262e+02,-7.473585374051865529e+02,-1.237914899129230889e+03,-1.250006458154990696e+03,-1.044564781182784827e+03,-8.125670525950790761e+02,-9.473683754013995895e+02,-8.522084586182735393e+02,-7.305799076157869649e+02,-6.331075811659259216e+02,-7.912045391453511911e+02,-9.268379289387021345e+02,-4.774557885606184300e+02,-5.845586988180862136e+02,-3.752285534350816079e+02,-8.199800700772192386e+02,-8.171688395473842093e+02,-4.506114626416645024e+02,-5.606068355287284248e+02,-5.998297218641292829e+02,-5.724956783728725895e+02,-4.489007345396998403e+02,-4.986536033387998827e+02,-2.677068815989890709e+02,-4.947327211474627120e+02,-6.241998012026306242e+02,-6.690385822528139670e+02,-7.670633990895573788e+02,-1.098685146740155915e+03,-1.120380874202129917e+03,-9.387049074124387289e+02,-6.733924986760973752e+02,-3.331597426973125948e+02,-4.640203934935624375e+02,-8.811904169006331813e+02,-1.076740796347069818e+03,-1.216575980111310855e+03,-1.202301697419972015e+03,-8.053761083822901128e+02,-4.038076497318578504e+02,-4.003437416458962161e+02,-8.102028464954187257e+02,-5.114963719611911870e+02,-4.433053143648473906e+02,-3.342339092670925993e+02,-4.300017482447304928e+02,-4.508005644875335065e+02,-2.988459064854201870e+02,-5.290742441574891473e+02,-9.719126728955584440e+02,-5.980786827768539524e+02,-3.910593926243916485e+02,-6.482233872619088970e+02,-1.963296517752237094e+02,-4.547762180540906911e+02,-4.532916895918660316e+02,-8.070357663992531343e+02,-1.372067493451210339e+03,-6.583446996132406639e+02,-5.612932020480210440e+02,-5.128306019651480483e+02,-6.833812513970141254e+02,-8.036457625121379351e+02,-8.993040945411852363e+02,-1.288214107224628378e+03,-7.385371462667191054e+02,-7.135110847791155493e+02,-6.185255485732046736e+02,-8.075994300078616561e+02,-6.889595553119502256e+02,-9.686983884125027089e+02,-1.114164093835719086e+03,-7.362107684940457375e+02,-4.682338300693411384e+02,-7.180755563846344103e+02,-8.456863814411170779e+02,-8.892485717326696886e+02,-5.282226137734307940e+02,-4.242339647175708706e+02,-5.217810177303673527e+02,-5.510264229855167741e+02,-3.747743452288548269e+02,-1.375413883009734377e+02,-3.371283312522573397e+02,-2.039458764096794994e+02,-1.584824859252138367e+02,-5.763659280494931636e+01,-8.645679957140595207e+01,-4.270946788976868334e+02,-7.283907376624251810e+02,-3.208466625316426075e+02,-1.898833505821077665e+02,-2.736943113295263856e+02,-6.567890533583345132e+02,-1.470745342735738745e+02,-5.098726398080899571e+02,-1.952796539639982711e+02,-4.290013089181887835e+02,-5.251400519837886804e+02,-3.695216538874661296e+02,-5.873723156089238273e+02,-5.044842471917704074e+02,-6.265905016343853049e+02,-4.099338537672041411e+02,-4.567249779968893790e+02,-3.199380472658263557e+02,-8.260555899542748648e+01,-2.919430059350819988e+02,-6.362437836501044330e+01,-2.700521835345955424e+02,-5.077959373751448879e+02,-7.644506342060860788e+02,-4.746596326630403837e+02,-4.175832110072390151e+02,-5.412415486027389306e+02,-4.826602219212238083e+02,-4.219050804093611760e+02,-6.488738630162216623e+02,-5.146483334870048338e+02,-3.876626898491272755e+02,-5.891887475246822987e+02,-6.217729248457528684e+02,-5.141301562902658588e+02,-9.076327849308665918e+02,-6.742566558291608771e+02,-8.314568898527982128e+02,-1.089303247042609200e+03,-1.082177349071008393e+03,-1.017054337856652182e+03,-6.355682058817842517e+02,-6.137582195666719826e+02,-8.896234748063537836e+02,-7.027023626734887785e+02,-8.549860156953600381e+02,-1.139813822152302237e+03,-5.815246856702143532e+02,-6.752425859253457929e+02,-9.171079403599533180e+02,-1.015098232912814979e+03,-7.135080235442201229e+02,-4.134573679339848695e+02,-5.629452621818531952e+02,-5.731415061287159460e+02,-7.997539566983464283e+02,-5.883624196493270802e+02,-7.835053681831295762e+02,-5.355739000049438800e+02,-8.241393032186144865e+02,-2.590418550694736268e+02,-3.089019138311941219e+02,-5.879468581808604313e+02,-7.233293323865076445e+02,-6.712835391073916753e+02,-7.978662911515833684e+02,-8.694353047100044023e+02,-8.116660574018256966e+02,-7.193533651228382269e+02,-6.049141849978512937e+02,-7.136177444428209355e+02,-7.674961420289987473e+02,-4.570855638270393229e+02,-6.025217131352407023e+02,-5.359259134256436710e+02,-5.031706419547404039e+02,-6.148677061211451473e+02,-7.483419449485111272e+02,-4.864660664526178380e+02,-5.508771903229152258e+02,-5.534108513483669185e+02,-5.360362729616963406e+02,-6.171156744685365538e+02,-2.562558496061352571e+02,-3.729344434319556285e+02,-3.040438224411578290e+02,-4.721297772443166423e+02,-5.457598509045762967e+02,-7.252208365630735898e+02,-6.991331238412791436e+02,-7.834893944173458067e+02,-7.338246687890680278e+02,-8.179225538028879328e+02,-6.657626950154705128e+02,-5.948150981788892295e+02,-3.575696305005534441e+02,-3.190750818133284383e+02,-4.931015399989976231e+02,-6.936273525358982397e+02,-3.533908692769036293e+02,-6.262491613269833124e+02,-3.734241924582399292e+02,-3.328117755853162407e+02,-4.655327346917817408e+02,-4.922881307702931508e+02,-4.331448871860907275e+02,-3.919237887506088782e+02,-5.075327249337512967e+02,-4.152411866621157515e+02,-2.149321627224686608e+02,-2.320463323634081121e+02,-4.550404893668660975e+02,-3.545373424374729439e+02,-3.524014741259264270e+02,-3.871800069676992280e+02,-4.065309610590518901e+02,-6.515026737750208667e+02,-6.025399725447341552e+02,-9.332326400515613614e+02,-8.670313275883713686e+02,-6.320445618154858494e+02,-8.447699048694312296e+02,-1.030858610924048890e+03,-1.022379693294122376e+03,-9.683909553459985773e+02,-8.941836781425946583e+02,-6.215290206914175997e+02,-1.042577808427475247e+03,-8.909709893403057777e+02,-1.004660152303239215e+03,-9.124158835489981811e+02,-1.227902105554281661e+03,-9.926358230945286323e+02,-8.547317325820135920e+02,-7.146262440022610463e+02,-1.034169246661940633e+03,-1.311202196662160532e+03,-1.055259555461848322e+03,-8.919959171845180208e+02,-8.757631813059692831e+02,-9.703480085366441017e+02,-7.503453129924906762e+02,-6.137921357495050643e+02,-1.043254769300041062e+03,-8.045445896344739367e+02,-9.554184693814122511e+02,-1.023253803399569733e+03,-7.459473473123986196e+02,-5.665466668134424708e+02,-6.664865857954524699e+02,-5.081336733585516185e+02,-7.027380187372614273e+02,-2.801063374617882573e+02,-3.732659521345269695e+02,-6.423419388618428911e+02,-3.137711227248995556e+02,-4.704462989621517863e+02,-7.114105384914003025e+02,-9.947691339521618374e+02,-5.324274503917753236e+02,-5.735452455303601482e+02,-7.041741903069003001e+02,-7.631228594110706354e+02,-1.365911341201382811e+03,-9.124565928297507753e+02,-9.186895118987180240e+02,-4.336035353159577994e+02,-7.862545159295159465e+02,-9.143014888314468180e+02,-6.301726556769824583e+02,-8.662508541989217292e+02,-5.692638251226915145e+02,-7.716221197150040325e+02,-6.067056113948725624e+02,-7.218526545821761147e+02,-8.084414227738470800e+02,-5.524908969109042118e+02,-6.882536680263216340e+02,-5.862511741913647256e+02,-5.205481764535082903e+02,-6.148502535065624670e+02,-4.121021585649675103e+02,-4.350627928866632601e+02,-5.481093647123195751e+02,-4.464383178776923842e+02,-3.866346214407574280e+02,-4.676941320272383109e+02,-6.681781802472823983e+02,-4.316483791274139890e+02,-6.669566252598253868e+02,-5.976282315679646899e+02,-3.708932536820852306e+02,-3.704813022306293533e+02,-5.776082219856144775e+02,-5.206426970736400790e+02,-4.819948487781610993e+02,-4.706958086895695033e+02,-4.358416391119142759e+02,-4.139851042291353451e+02,-3.392770659419437607e+02,-4.267386514301624629e+02,-4.682643369559174289e+02,7.676305979756608622e+01,6.615832795806704780e+01,-5.378400610043389634e+02,-7.677717341236493667e+02,-3.637400192254181093e+02,-3.867211712262812853e+02,8.003876370036448407e+01,2.845667997124525073e+01,1.311346978607558640e+02,3.368116498618041987e+01,-2.866478455435895967e+01,3.687795578341488181e+02,-3.800113856925730715e+01,-6.398919143693764227e+02,-5.642431951085781066e+02,-4.880197477021914096e+02,-1.339464402855992944e+02,2.592550613603681313e+02,-3.280853142706016570e+02,-3.024001370817119323e+02,-1.448282348881916732e+02,-5.016904212976264716e+02,-1.997292651667774237e+02,1.913606022967285298e+02,-1.591652798208053810e+02,-3.649232947243641547e+02,-7.810937053133160362e+02,-8.020833895625977448e+02,-5.317293938791026449e+02,-6.221243768541017971e+02,-4.681039681039365519e+02,-7.742199403411852927e+02,-5.796384029611278947e+02,-2.889937579316911069e+02,-5.792944914502817255e+02,-6.349672042766981122e+02,-7.482191861878736745e+02,-7.584558122867376824e+02,-6.987597661978935548e+02,-8.956590907248343001e+02,-7.590655060361056030e+02,-6.681691500030981388e+02,-7.124459151925273090e+02,-7.206463550288201532e+02,-7.907828967955324515e+02,-9.170158552082759797e+02,-5.326624364515702155e+02,-4.078703088034792472e+02,-7.138794789972192802e+02,-6.483168005972177070e+02,-5.450902549884066275e+02,-8.062638992635922932e+02,-9.253998882359203435e+02,-4.773095036585618800e+02,-4.881314651418005042e+02,-9.305715177268743901e+02,-8.320477101376293376e+02,-7.678361737352349792e+02,-6.188126045291169248e+02,-9.055495768607934224e+02,-7.855956150238388318e+02,-6.054978932396095388e+02,-6.325960912806708620e+02,-8.008896393332073558e+02,-9.113279997772972365e+02,-6.378216830161022699e+02,-6.441176543266224144e+02,-5.345108550242571255e+02,-8.382490721196561481e+02,-7.438044225143929680e+02,-7.229585550145882280e+02,-8.127199821060988825e+02,-1.074972218839856168e+03,-1.026849810756666557e+03,-7.494428944024027714e+02,-8.527761666436049381e+02,-9.725754599514958727e+02,-6.091402162135265144e+02,-5.317421689105074165e+02,-7.682071112586579602e+02,-8.543715435620226799e+02,-7.896573368152664898e+02,-5.675756334787776041e+02,-7.872959785966643267e+02,-9.254414446941143524e+02,-8.191994795815791122e+02,-8.990646219444236067e+02,-6.265895365182711885e+02,-4.940008582752778352e+02,-6.638713739625201242e+02,-8.155719421477115247e+02,-6.686612093523833664e+02,-4.995325304554443164e+02,-3.936771965502454123e+02,-4.683833893632263425e+02,-5.351088541036403967e+02,-5.615573500834107108e+02,-4.595640348154880712e+02,-3.306846967317483177e+02,-3.630760494993238012e+02,-7.417520402772616990e+02,-2.940245825701174454e+02,-3.116862162186563978e+02,-4.735075881826039108e+02,-5.884005205339677786e+02,-5.200169016624057576e+02,-6.249467021280959216e+02,-4.580935645655785606e+02,-5.637640864328727730e+01,-2.336312402747402643e+02,-7.617463294586991651e+01,-8.479259774440777164e+00,-1.714278508902025351e+02,-2.179674702899922067e+01,-4.891993201422170046e+02,-1.242447681252383518e+02,-8.637766035703288026e+01,-4.919504909815414635e+02,-7.001855627915183504e+02,-5.689905451874745950e+02,-3.933968361109270973e+01,-6.928101437459417866e+00,3.462458978845278352e+02,-4.067985580975226299e+02,-6.675580630037701440e+02,-7.216552707256248596e+02,-8.446414589026836666e+02,-8.650169111280600873e+02,-8.222244277260188028e+00,4.596532452159436843e+01,-5.032435061607372973e+00,5.981319141677244033e+01,-3.257282867138047777e+02,9.162749116840296892e+01,-5.108192850778132197e+02,-7.688063949004111919e+02,-7.562639422756790282e+02,-6.433973019299282896e+02,-6.969849817852373235e+02,-8.585355814183869825e+02,-7.972291797877144290e+02,-1.287865341310630356e+03,-4.983139167739373647e+02,-5.403234328261652308e+02,-5.526297572257199135e+02,-1.098754011389741208e+03,-1.159570452425464737e+03,-9.036772635372494733e+02,-6.905480539041916472e+02,-7.885878519227420611e+02,-8.049324803856684412e+02,-9.326415189695094341e+02,-8.857478493833234552e+02,-8.338171189846977995e+02,-9.390247052760485076e+02,-1.014401923308410005e+03,-6.210128589129037664e+02,-8.854555073948896506e+02,-9.035812392043517320e+02,-9.950063782844058551e+02,-1.044955005304905626e+03,-8.661396217975242280e+02,-8.095542006201779941e+02,-7.134158628529937687e+02,-7.793174755640370677e+02,-5.475733966418160890e+02,-6.538438669944483763e+02,-8.627467421260892024e+02,-1.007336318181472734e+03,-7.709005794695646046e+02,-6.764930919918498375e+02,-7.992954240819223060e+02,-7.833988145225987410e+02,-8.066326776745679581e+02,-8.129942510626019612e+02,-5.657914483989810606e+02,-5.064697107475838038e+02,-8.517395828751585896e+02,-8.516181798255984177e+02,-1.136493141568092597e+03,-8.273957158534278733e+02,-9.941830333491114970e+02,-1.129140555087019948e+03,-5.580713336822071824e+02,-6.820940405999599534e+02,-1.022141575213137912e+03,-1.003680584168685641e+03,-8.818169766073579012e+02,-7.905146764363880720e+02,-1.142019426566390393e+03,-7.222305087213898105e+02,-1.089295970049138987e+03,-8.995182605293616689e+02,-8.131234638575328972e+02,-9.718020281469340489e+02,-9.525936341706221810e+02,-1.070921304431017688e+03,-9.174607371358290493e+02,-9.046171869015080347e+02,-6.530184079786652092e+02,-8.054713437106338461e+02,-6.552792831450697122e+02,-7.960497371254282371e+02,-7.036307768506503635e+02,-7.431540091930110066e+02,-7.243571602795061608e+02,-7.835205172884643616e+02,-6.979048342913149554e+02,-7.692224890602269625e+02,-8.031651404837223254e+02,-5.333996229612596380e+02,-4.205877308940966941e+02,-5.207355977775323481e+02,-5.130750308277648628e+02,-4.728255947720826953e+02,-4.388450244236312301e+02,-5.306746241908816728e+02,-3.413262255368825890e+02,-4.211288246008646183e+02,-2.179178933401430811e+02,-4.192186066164609883e+02,-5.275562297714650413e+02,-9.744724811686904786e+01,-3.871895801337641387e+02,1.135265990588532361e+02,-1.848836620891717644e+02,-4.732958980910058244e+01,-4.643978188682319796e+02,1.829170568225287639e+02,2.958466980745711226e+02,1.264696502049346236e+02,-2.832135553698924468e+02,-3.664660863756734557e+02,5.340731816831251422e+01,-1.551035185842727628e+02,-2.629956877471738608e+01,-2.213871969153830719e+02,-2.291423158109111000e+02,-1.889540676699664630e+02,-4.242554489432178570e+02,-1.104068143138345022e+02,-1.471687943863615260e+02,-1.177368910248335681e+02,-4.208011076724637860e+02,-4.172056951565796226e+02,-2.534683643175214627e+02,-2.562100695210585286e+02,-4.452755886803209364e+02,-6.386704074900235355e+02,-1.725531460091672784e+02,-2.760025427487379375e+02,-2.288445339728466479e+02,-2.899663231764149600e+02,-3.447831347554574677e+02,-1.634727727020474504e+02,-3.326597432444486913e+02,5.587929872976718570e+01,6.457712610481905813e+00,3.826002246678092433e+01,-8.202445511142758505e+01,-1.965512709591221210e+02,6.519146316299332966e+01,-2.411729917463187576e+02,-1.608267238517158830e+02,-3.933457589099950837e+02,-2.425615838203057706e+01,-2.726399500373474893e+02,-3.599887785400898110e+02,-1.471617941864566887e+02,4.000032249192679501e+01,1.470401375466997251e+02,-1.159441333623819901e+02,-3.024154152683202597e+02,-1.957675245017819066e+02,-2.990000753849436705e+02,-1.954761682646026486e+02,-2.501061858447553163e+02,-3.189398866640689221e+02,-4.998464465534474357e+02,-3.784979075306782192e+02,-1.844739666189628338e+02,-3.763893928240669879e+02,-2.524347457308503238e+02,-2.802013108922653259e+02,-3.229106841454084815e+02,-2.182519975331227329e+02,-5.812845201031827855e+02,-4.277683235659505954e+02,-5.802309849765097169e+02,-4.785092725262464910e+02,-4.070205546843201319e+02,-7.173297633519921419e+02,-2.494353553389337037e+02,-5.603351451447314275e+02,-6.648983134171976417e+02,-6.136716806482227184e+02,-5.870346323999577862e+02,-6.464017099232071359e+02,-4.494926242241790533e+02,-5.368996009295202612e+02,-4.075750186602874123e+02,-5.494473413797879857e+02,-4.238219260370239567e+02,-5.888606912039621193e+02,-4.549362457299890252e+02,-5.253085770603562423e+02,-2.296013106892232258e+02,-3.856282612007735224e+02,-4.283489055084991151e+02,-3.768791973161024771e+02,-4.429761438587026987e+02,-3.727353720335548815e+02,-5.326813344566385240e+02,-1.025055258489775838e+02,-1.835996836414923905e+02,-1.432061008572621859e+02,-1.488811835893214095e+02,-3.181668123599406499e+02,-7.748328519929453932e+02,-1.037756231343734044e+02,2.653753425597300293e+02,3.228584903918157920e+02,1.589067536600225594e+01,-7.894915146350326722e+02,-7.034185403666258480e+02,-2.009037967068099420e+02,-1.765809119065792459e+02,-9.764186344360442149e+01,-1.150503916866655914e+02,-1.719032058940437082e+02,-2.029143819164215756e+02,-8.813955389196581791e+01,1.366639333109616814e+02,-1.536431238942640221e+01,-8.036483673848846365e+01,-1.892381372476181127e+02,-1.572443863844421230e+02,-3.036151066937950418e+02,-3.123834515893695425e+02,-2.788116116114538841e+02,-1.630099852974094006e+02,-2.518397125161637859e+02,-1.939635624375923157e+02,-1.977923527535914729e+02,-1.229923680203379206e+02,-1.779775296261991571e+02,-2.209400441719405421e+02,-3.176577305491447305e+02,-5.415390518789719181e+02,-6.366693933665711711e+02,-8.562222972900136710e+02,-8.775894508884739480e+02,-9.360131598889594216e+02,-7.039154403976642698e+02,-6.410396296560001019e+02,-5.318997519581012057e+02,-8.071806839453505518e+02,-2.800381300245433067e+02,-4.100851810118605840e+02,-6.022676653838310585e+02,-4.260833214536506262e+02,-6.255913651576114489e+02,-9.047058458041542508e+02,-9.404259442189234051e+02,-7.292207183104582100e+02,-9.199137340474255780e+02,-5.268886054843171678e+02,-4.091831050519597284e+02,-6.317692960580999397e+02,-2.799833354299128132e+02,-2.635096403827209315e+02,-8.162771591192744154e+02,-4.464256051077201732e+02,-5.968360132376665206e+02,-6.744866105957290756e+02,-8.170289254523843283e+02,-8.386489783193981111e+02,-9.045491360826435994e+02,-7.091296291163619117e+02,-6.833202567034323920e+02,-4.501261441220617030e+02,-3.492867692643110331e+02,-3.577954160811140127e+02,-6.732088896249764502e+02,-8.177847762137373593e+02,-3.046991936470461724e+02,-6.262274417380623390e+02,-7.500183502187246631e+02,-5.525810447408697428e+02,-6.811692671158237999e+02,-6.291604501938046496e+02,-7.016463388791755733e+02,-6.743358850030064104e+02,-7.026740430804655944e+02,-7.524456475680708536e+02,-7.318926923671792792e+02,-7.404474634554329668e+02,-7.897796237756356277e+02,-6.246088062394979943e+02,-7.420623822792525743e+02,-1.199791939415990782e+03,-1.040886851932397121e+03,-8.121088591897071183e+02,-6.570509844338213270e+02,-9.003502785316127301e+02,-9.158715746584198314e+02,-8.956705928387889344e+02,-1.124952922936011873e+03,-7.897926423625455072e+02,-8.959510245507640320e+02,-8.557590415784294464e+02,-1.119645718371494922e+03,-8.982014389261555607e+02,-1.000557728503030489e+03,-1.540107267498464807e+03,-1.073869327138878589e+03,-8.717014691448534904e+02,-8.776756368843568907e+02,-9.751088482460518208e+02,-8.312532067798418893e+02,-8.599683538399336840e+02,-8.430651410481584662e+02,-8.280240513151439927e+02,-9.097605107845936345e+02,-8.266415723206362145e+02,-7.697498854080365618e+02,-1.182602475610444344e+03,-1.217418352122958595e+03,-1.334375736374359576e+03,-8.553944774670571860e+02,-9.596859059038355326e+02,-9.238817161518176135e+02,-1.066769342470718811e+03,-9.516883737861049894e+02,-9.056001565808217038e+02,-1.173325433506088757e+03,-1.091947063361440541e+03,-1.085386576794331177e+03,-9.907854348504631616e+02,-1.018438238834218510e+03,-9.423693364411496987e+02,-1.075644999969583068e+03,-1.181180881369857616e+03,-1.133871546251879863e+03,-9.964504468334675948e+02,-7.026915084209213092e+02,-8.881260477050345798e+02,-8.080768985041825090e+02,-7.475775249288847135e+02,-9.721798310755410739e+02,-9.499378714086710715e+02,-9.140724045736528751e+02,-5.904915032440287632e+02,-5.720051010382044296e+02,-8.534902547009629643e+02,-7.960215848302516406e+02,-7.354685403404838553e+02,-1.092190795455867374e+03,-1.224944637640099700e+03,-1.043763906391169257e+03,-9.812928086816021960e+02,-1.116048514446370518e+03,-1.057839557399273872e+03,-9.568777992152461138e+02,-7.462294846306338059e+02,-8.676194765676323186e+02,-1.140769722167505051e+03,-1.124710920238986773e+03,-1.034590953509065457e+03,-9.211591750759080242e+02,-7.617679436934504338e+02,-1.042403785187941821e+03,-8.939851628363361442e+02,-8.560680500430422626e+02,-6.540114341206135578e+02,-4.460913450720221931e+02,-4.767491067135299545e+02,-7.372828735483720948e+02,-5.606835881422009606e+02,-5.574126931737473569e+02,-6.159001950697851271e+02,-6.062112418536928544e+02,-7.344935601448108855e+02,-5.344940676451999479e+02,-1.000683801806196698e+03,-1.200737302934341415e+03,-1.550073015033513457e+03,-1.148863308823278885e+03,-6.515588287165472821e+02,-7.783993238997469462e+02,-9.219786347249329310e+02,-5.710327301376554487e+02,-7.052985481782814077e+02,-6.252029715474243403e+02,-7.684271397923914719e+02,-7.300994336831221290e+02,-6.711624429124300377e+02,-1.015499434692218756e+03,-7.602785759159462486e+02,-9.723868689417511177e+02,-1.123550466561416897e+03,-7.655516691098607680e+02,-8.516551697606971629e+02,-9.781850770949222351e+02,-1.296031105748588061e+03,-1.324387008892504809e+03,-1.226853084503492710e+03,-1.925769002853971188e+03,-1.595534303735306594e+03,-7.661722630962703988e+02,-1.049120103157143603e+03,-1.642176601676030259e+03,-1.710079436493587082e+03,-1.610991349691467349e+03,-1.486202956234963494e+03,-1.335025054616894522e+03,-1.564951552450822646e+03,-1.406941727034018641e+03,-1.428873851780207133e+03,-1.164991375933711652e+03,-1.358735184617026334e+03,-1.830053599722972194e+03,-1.271150538042577864e+03,-1.424049293494688982e+03,-1.754445244182912802e+03,-1.835481964392934742e+03,-1.608091554283180358e+03,-1.638520402523783559e+03,-1.515075102411384705e+03,-1.923440055993385613e+03,-1.650340408748427308e+03,-1.631322533812116944e+03,-1.530429796030975012e+03,-1.262677769851108224e+03,-1.173951432011611359e+03,-8.496644170157652525e+02,-1.027203445257473049e+03,-1.041103793296329059e+03,-1.161934572765629582e+03,-2.360280700037878432e+03,-2.509497074621551292e+03,-1.677080795809809615e+03,-9.517731816076142195e+02,-8.256418115857650264e+02,-1.597824396434428081e+03,-1.031431521538387869e+03,-7.284072261124915713e+02,-9.301333190218244908e+02,-9.141389044140253191e+02,-1.009080261340801712e+03,-7.461348427416811546e+02,-6.710420504063697535e+02,-8.379098718690599981e+02,-8.552246487908435029e+02,-1.092481731601956653e+03,-7.377023049276560869e+02,-9.468675561737471753e+02,-6.165044520042808927e+02,-6.616716519505554288e+02,-6.278614471667102634e+02,-7.053908065472631961e+02,-7.268235934596184507e+02,-6.057751718610081753e+02,-1.115312597990847962e+03,-9.195130808107904841e+02,-1.041700750568611966e+03,-1.018540674530697515e+03,-1.437209930417287296e+03,-1.195975116831867354e+03,-1.064182506146144533e+03,-1.102894607922595242e+03,-8.212363368416804406e+02,-9.159668236132312131e+02,-8.076438120053102239e+02,-1.053706154999662886e+03,-9.825553830621840916e+02,-9.553299774179303085e+02,-1.186976406483878463e+03,-1.229928096974380196e+03,-1.199934948242195787e+03,-1.085721278660641701e+03,-1.036124153121539166e+03,-6.503802869751981461e+02,-5.692850754761003600e+02,-9.239157090414837512e+02,-7.817037795594010277e+02,-5.366939311294465824e+02,-6.870211021722614078e+02,-1.126220166694821273e+03,-1.114312757370730878e+03,-1.278218237034694539e+03,-1.214231863967476102e+03,-9.731149070318801932e+02,-1.372732606828667485e+03,-1.311822591100745285e+03,-1.116822462094132106e+03,-8.334288025310979720e+02,-1.056391463994787500e+03,-1.148333427256812229e+03,-1.049772473058609876e+03,-8.275360886026111302e+02,-8.015432199785041121e+02,-5.912955020064224527e+02,-6.628432014331194750e+02,-6.266063577574025203e+02,-7.871989219024691238e+02,-3.453854835359598496e+02,-2.869030347868891795e+02,-6.805980577295996454e+02,-7.545936255615820301e+02,-1.024989014740624953e+03,-8.380829886028250257e+02,-7.639194531949749489e+02,-3.841516721416450650e+02,-4.820387148749457538e+02,-6.625891268461012942e+02,-6.172255919152717070e+02,-5.807762132996856508e+02,-4.803598244157996078e+02,-9.120741090344274653e+02,-7.398549081987968066e+02,-8.292861593077052476e+02,-7.827005431958450572e+02,-7.384428563221310924e+02,-1.085826614600269068e+03,-9.712656700626355359e+02,-7.573377955648793431e+02,-7.321890696134050813e+02,-6.705380588501510601e+02,-7.637471115682031950e+02,-9.132362173925151865e+02,-6.536076917210434658e+02,-8.284475536768626398e+02,-7.991981606489533760e+02,-7.468997608442520004e+02,-9.417466627738738225e+02,-9.748513044391709172e+02,-1.353653574657446143e+03,-1.064232155254529289e+03,-1.464991675952143169e+03,-9.279229516523034818e+02,-8.349875742546786341e+02,-9.310959035715005712e+02,-8.599284253935977631e+02,-1.056456374285442962e+03,-1.162426274560431239e+03,-1.166560334634990568e+03,-1.111767985848292710e+03,-1.314607839791683773e+03,-1.127343558191325883e+03,-1.180713715717907689e+03,-1.210644186748479569e+03,-8.191532136164225903e+02,-1.379815956693684029e+03,-1.494573462549895112e+03,-1.356520659546584056e+03,-1.343290504588060685e+03,-1.142068429761922971e+03,-1.170595146231259605e+03,-1.006846649571286207e+03,-1.155376372633203118e+03,-1.101938849158301991e+03,-8.756261772462239605e+02,-1.226670497107956635e+03,-6.055072401788671641e+02,-5.935029880890429013e+02,-5.527336974511180188e+02,-5.751927695646002121e+02,-6.648453495575290617e+02,-5.927077758865164014e+02,-6.521396235004635855e+02,-5.661750859174590005e+02,-7.268112246247112580e+02,-7.440229452333031759e+02,-1.112216119106517681e+03,-1.199945794444842477e+03,-5.295177986935516401e+02,-9.312677589112050782e+02,-9.945152829699761696e+02,-8.536634417203980547e+02,-6.238682282979267484e+02,-9.768526651281938484e+02,-8.589327236232921905e+02,-7.258069394767726408e+02,-7.075882441717678830e+02,-5.176682543969488961e+02,-5.338531934699839212e+02,-7.066383010403022809e+02,-5.178711778106959400e+02,-4.504964519071126006e+02,-6.990709600541836153e+02,-7.046740231197800313e+02,-5.887395716372998322e+02,-6.343824519260469970e+02,-5.683740403370323975e+02,-4.274165481649761773e+02,-5.020915411754270394e+02,-6.150350668384154460e+02,-7.831210603906849883e+02,-6.037410591487328020e+02,-4.929598828653215037e+02,-5.649429603976049066e+02,-7.926566199231124301e+02,-4.245183360256050946e+02,-7.492133689366808085e+02,-8.574265133499764033e+02,-6.556929162284752692e+02,-8.268432436627842890e+02,-9.280439084299655406e+02,-1.014250169592071870e+03,-7.924025981522731854e+02,-8.960057005799185390e+02,-1.063412866613399729e+03,-8.790523049245236962e+02,-9.433608581765519148e+02,-7.829129667041746643e+02,-9.752935315786403407e+02,-8.440162945046813547e+02,-7.433143286568233634e+02,-8.775707604566139253e+02,-9.544363243631420346e+02,-8.579558172773133720e+02,-9.779055533094207249e+02,-9.386616579489952983e+02,-1.479478919337878324e+03,-1.230069885172095383e+03,-9.222984824229234846e+02,-9.260081040261629823e+02,-9.174695953608950276e+02,-9.455974567887750482e+02,-8.786101004360809839e+02,-1.146921880324759741e+03,-1.490385892933154082e+03,-1.757368566531455144e+03,-1.676366120703323531e+03,-1.192745621460848724e+03,-1.213764921921336509e+03,-1.096247662757044054e+03,-1.070088110971097194e+03,-1.280367686855377542e+03,-1.168665534267922339e+03,-1.501953484842350917e+03,-1.138946224952090006e+03,-1.134482064101713149e+03,-1.259006722060575839e+03,-1.028989421725480952e+03,-1.078020630725223555e+03,-1.012643139288507655e+03,-1.138953962427885699e+03,-1.261051664126584910e+03,-1.082406843645680965e+03,-1.023825128073859105e+03,-7.994291863083336693e+02,-8.055423470112860969e+02,-9.178101458395749432e+02,-8.833444012180679010e+02,-4.208696211392793884e+02,-9.145989981227435237e+02,-1.045159205390341413e+03,-8.646033105501087448e+02,-1.043741855746372721e+03,-1.025302580147005301e+03,-1.315734076635986867e+03,-9.118147353528394206e+02,-9.766056770461759697e+02,-1.220439753894450632e+03,-5.889807560013268812e+02,-4.721355530789704744e+02,-6.774756043541173085e+02,-7.882348682043376584e+02,-7.376905624521083382e+02,-6.206265704152450553e+02,-6.833973090083119359e+02,-5.648740390530651894e+02,-4.665488188813949364e+02,-5.294361403408088336e+02,-7.280236164774266854e+02,-4.881053987793180227e+02,-5.897656554402558413e+02,-6.545779006644559104e+02,-4.792952146762474399e+02,-5.552451641399509299e+02,-9.760648333265000929e+02,-6.567472838923615654e+02,-5.198800523261184026e+02,-8.874874049558886782e+02,-8.850674137637578269e+02,-8.575485258981213974e+02,-1.012090978621085924e+03,-6.727990097533906919e+02,-1.507588265267897214e+03,-1.464443936253182073e+03,-1.147971591066896963e+03,-1.206297393047013884e+03,-1.100696552950034857e+03,-1.241562997005396483e+03,-9.166983705433499381e+02,-1.072046999823046235e+03,-7.111822387859264154e+02,-1.257879041730179324e+03,-8.681738376995325552e+02,-1.162478354944095372e+03,-1.141309565223407162e+03,-1.393174563961195418e+03,-1.238436836371135541e+03,-1.032085184918219738e+03,-9.511864137500052720e+02,-1.234539481540233282e+03,-1.196402569720603196e+03,-1.376328448413418300e+03,-1.072574553881323482e+03,-8.889672007344179292e+02,-9.740006796354659855e+02,-9.883878739369815776e+02,-8.801591383439595120e+02,-1.167023853146272359e+03,-1.298388592266838259e+03,-1.306190503929972238e+03,-1.106282778852304091e+03,-9.545819504016350265e+02,-1.154579561350300764e+03,-8.184750441156220404e+02,-7.147556052419089383e+02,-7.832415970081149226e+02,-9.645194659222729570e+02,-7.553613896979667288e+02,-7.867273406267154314e+02,-6.697176515410054662e+02,-5.758121951741733255e+02,-5.716813320997838446e+02,-6.915136504525153214e+02,-5.635392011757770661e+02,-5.251538491212772897e+02,-7.528109519566988865e+02,-7.286202113950729427e+02,-9.799756081658579205e+02,-1.010231591788472770e+03,-1.601565009005020329e+03,-1.706592956524619467e+03,-7.550168896610515503e+02,-7.959505031045899841e+02,-7.706058169039326913e+02,-5.366563313194756120e+02,-8.223786881585357378e+02,-6.741579433686147240e+02,-4.822516749733317738e+02,-2.912634462928900803e+02,-5.226110049703997902e+02,-2.005527566181945645e+02,-2.889838024111687673e+02,-4.661776514064011963e+02,-4.334974269905281972e+02,-2.519107116328165432e+02,-2.601316736929430249e+02,-2.979551477070093597e+02,-1.298853205247909841e+02,-2.784599410077568109e+02,-3.032568526736887407e+02,-3.433283583499263045e+02,-1.743730278811282233e+02,-3.813167821890387472e+02,-2.855864915555642938e+02,-2.590446577553436782e+02,-1.476064488006134638e+02,-3.627537350609168811e+02,-2.651650605394993363e+02,-6.803426759744638730e+01,-1.202328183063489462e+02,-3.653102199741953768e+02,-1.401402489738254076e+02,-2.206060560420633010e+02,-4.709115469628596884e+02,-1.608802513685803603e+02,-7.487680416166597297e+01,-7.625099124147652674e+01,9.332635029686582584e+01,2.992954459310346920e+02,1.771837896650000630e+02,-2.309790793204189185e+02,-6.424015322650683402e+01,-2.184022209551312699e+02,2.936872412581734579e+02,2.331037375193564571e+02,2.559817321547339475e+02,2.498704356044907513e+02,4.449006844864495633e+02,4.229559098241730908e+02,1.761594578259715718e+02,-3.431114581084578390e+02,-4.114571907414145926e+02,-3.665102696102753725e+02,-7.652768868297528115e+00,4.921461418702897959e+02,-8.459631249963746313e+01,1.243963287720891344e+02,1.254934289273927561e+01,-3.264237339186677787e+02,-5.230555375337544319e+02,-1.428665802725059848e+02,-7.787668318161061620e+01,1.878200800152599754e+02,-2.960997035625680951e+02,-6.484681073460749303e+02,-6.291632304612008966e+02,-4.963659299493411936e+02,-5.768920637011748340e+02,-3.969749878676024650e+02,-8.453497707322726455e+02,-3.689704465731905998e+02,-4.312427592621432382e+02,-6.009528208158055804e+02,-7.508257032269614228e+02,-8.479449240957017082e+02,-5.798606433063696386e+02,-4.408932994201763904e+02,-5.039268813103007005e+02,-6.293767065310501039e+02,-6.953145461261260607e+02,-9.592733711047810630e+02,-4.540958723648453770e+02,-6.019737332515801427e+02,-4.669118947546357958e+02,-4.735702582649198007e+02,-5.778789210340858062e+02,-6.782842319692655337e+02,-6.724237432151516032e+02,-4.857062629366856186e+02,-7.337103516573909019e+02,-7.828871973940322277e+02,-7.112725982924400796e+02,-6.129673875970504469e+02,-6.839133222489740547e+02,-5.837283036314072433e+02,-4.521960396721105440e+02,-7.656067097877423748e+02,-6.304197892004444839e+02,-3.986740682791682957e+02,-5.694807882311393996e+02,-6.826031968200115898e+02,-7.473562163236065317e+02,-8.819820943657383623e+02,-6.903784968314598700e+02,-7.290991372990731634e+02,-9.278016212201408734e+02,-7.997436455982124244e+02,-8.132199194126953898e+02,-8.117077842077392233e+02,-8.418969316191925145e+02,-8.676549293134098662e+02,-8.465294674193386300e+02,-5.704766216526400058e+02,-8.168575646493651448e+02,-4.645665671630807196e+02,-6.003950217547525199e+02,-5.623895909695704631e+02,-6.855341312777912890e+02,-4.890541879576504130e+02,-7.349772258286020588e+02,-7.727430437075865939e+02,-7.711665747978415766e+02,-5.325279090527064909e+02,-6.897361835248256057e+02,-4.564730087484676346e+02,-2.670205912125571217e+02,-4.277784299985583516e+02,-3.454340696733705158e+02,-2.970505417605779712e+02,-3.034490801407783351e+02,-2.229758878099669062e+02,-1.903216602582528481e+02,-1.245154056477517770e+02,-2.699942728334326603e+02,-4.516455994069713711e+02,-1.169981509684205037e+02,-2.341917120951940774e+02,-2.461354906103761095e+02,-6.775942520516946388e+01,-2.821500606013215702e+02,-2.301776810541033456e+02,-3.642448263798232801e+02,-1.630578714398797047e+02,-6.431156956272184289e+01,-3.586699990086372622e+02,1.318961204345470151e+01,-1.766818383194923854e+02,-1.675609251033007467e+02,-2.236888472050841301e+02,-6.281359611036378965e+01,-3.919930328856910933e+02,-2.663560882304020652e+02,-6.016177297199078566e+01,-2.809692228605005084e+02,-4.462530577885323169e+02,-7.013922256640996693e+02,-6.301861143346727658e+02,-3.009222907025931590e+02,-1.886906773707028151e+01,-7.035064279560242539e+01,-5.945140305762782873e+02,-6.113903848343107938e+02,-7.272628505099889935e+02,-7.622538331327946253e+02,-5.296965809860816989e+02,-2.595948074844629900e+02,-1.182752692194085000e+02,-1.235430107337094796e+01,-3.898423570399808114e+01,-3.767239275213569272e+00,1.661985700657195935e+02,-2.422621481754994193e+02,-4.366399082100211899e+02,-5.551718715654881180e+02,-5.656698261007752535e+02,-5.302855632915811839e+02,-7.205387325186190992e+02,-7.838581355974172311e+02,-6.520490697617544811e+02,-3.647316295300620368e+02,-4.062470848540200450e+02,-6.168099886987711216e+02,-6.912379022475086003e+02,-7.076041330024665967e+02,-3.508497067724944145e+02,-5.187510899011788297e+02,-6.124929619493308337e+02,-7.690645723365421418e+02,-1.035203984129339005e+03,-7.620706879031390599e+02,-6.416724755499587900e+02,-7.597392065508943233e+02,-6.710153205834899381e+02,-6.267677547253099419e+02,-8.608684187617934640e+02,-6.781921601828311168e+02,-8.447285217956197130e+02,-8.995150862491968837e+02,-9.978450279719972968e+02,-7.015215433610890159e+02,-8.937506184717692577e+02,-1.031196812317894000e+03,-9.292903078600461413e+02,-8.271073369088030631e+02,-6.080618115762185880e+02,-9.242255775272042229e+02,-8.226157924195083524e+02,-6.881768591199755747e+02,-8.269484115782922800e+02,-7.073846117342129673e+02,-8.997134427498538116e+02,-7.738661684533428797e+02,-8.297800438422054867e+02,-6.093952024932167433e+02,-9.062813038543988569e+02,-8.719360761104811672e+02,-1.203862011428884898e+03,-1.087346887391060363e+03,-9.870893585629039535e+02,-8.761390512556366730e+02,-8.249630681745222773e+02,-7.385098038414909070e+02,-8.625985015231860871e+02,-9.628030051748422693e+02,-6.769607512986688107e+02,-8.993204680055017661e+02,-8.619292512481915765e+02,-7.395000633565571206e+02,-5.689209564707796289e+02,-6.731331321442102080e+02,-8.464395920681183725e+02,-6.389496175190561189e+02,-8.077592871528095202e+02,-4.434968921876077275e+02,-6.883234978557766226e+02,-5.825628890899497492e+02,-6.635524501856307324e+02,-7.602009223332740930e+02,-7.067623560089701868e+02,-2.576828132641297771e+02,-5.188141548701117927e+02,-5.958243940763767341e+02,-4.175359237246255475e+02,-4.119320079700069073e+02,-3.493731416550451740e+02,-4.393225926522444524e+02,-3.347442099127866868e+02,-2.453953995538694528e+02,-2.428624829745265856e+02,-1.866899945139772399e+02,-2.328060108704631261e+02,1.814528352551943158e+01,-1.463097897876394882e+02,-2.421840512862388550e+00,1.486621803959045565e+02,-1.666492320248406998e+02,4.200707150652684163e+01,-1.241453941839654647e+02,5.634253926130588752e+01,-2.350243747638387504e-01,-5.653445082623349549e+01,-1.398060871188517069e+02,-8.620691436869731206e+01,-1.701877537459074290e+02,-3.391665973768871822e+01,3.249608467020339049e+02,3.273073521880222643e+02,6.645486792238921225e+01,-2.699858711391876227e+02,-6.153119130803503367e+00,3.460767112489948545e+02,4.394585804511407900e+01,2.633925128645458358e+02,-1.295794482378931889e+01,1.188787781670523884e+02,-1.746459965330359410e+01,1.788102027211672294e+02,-8.276000431478215091e+01,1.604987023585822783e+02,-1.234987495004257028e+02,-2.629499601691330781e+02,-1.240220038087795729e+01,1.397969558455208698e+02,-1.346386858070195842e+02,-2.833015631923823321e+02,-2.835912989659309460e+02,-1.100889537489411509e+02,-3.521895834599382624e+02,-2.352887412834170391e+02,-9.462582804962235627e+01,-2.720538490752909411e+02,-2.911012201444838752e+02,-1.868923430425174388e+02,-1.959274499610405087e+02,-1.558939427804384650e+02,-2.315588620787170271e+02,-6.030040630455800965e+00,1.607182238419140958e+02,8.581859981970393392e+01,-1.859496582009547012e+02,-1.669208934208031678e+02,-1.174041962023742229e+02,-1.849653854206212884e+02,-2.304910396616313619e+02,-5.980401518242325665e+01,1.895879366540344222e+02,3.748570551289262767e+02,8.443873081833598349e+01,2.075005859049290393e+02,1.457793699793526798e+01,1.388220528322582084e+02,-1.372433139433961742e+02,6.082673289245987291e+01,-2.514643467331129045e+01,-2.003535199734841967e+02,7.615899513512989927e+01,-8.595852568757305789e+01,-2.217552901662793374e+01,-4.856360357334500577e+01,9.302914237236055328e+01,2.705788932546294063e+02,5.281792883384019888e+01,-1.205517785042260641e+02,-2.482147870273706758e+02,-1.124212646941873572e+02,-2.329871232244643409e+02,-3.655263176238409528e+02,-4.726068680172656968e+02,-2.767369053711057632e+02,-1.883477949254138366e+02,-5.460103240792152519e+02,-4.844917138712828546e+02,-4.576128912385116223e+02,-6.530051083380769796e+02,-3.932635936348723362e+02,-4.235552675975724242e+02,-3.584116819176799709e+02,-4.456680769050667550e+02,-4.030995736374859462e+02,-6.888886125133018368e+02,-4.798600977908936329e+02,-4.851975181787694282e+02,-6.266543778018545936e+02,-2.636604540726887649e+02,-2.554365262661280838e+02,-3.151605442009511648e+02,-2.761612075649708231e+02,-2.948625202495326789e+02,-4.070618007882455345e+02,-3.219167529814550903e+02,-4.611197797915878027e+01,4.985316798091521378e+02,7.069922012960021220e+02,1.091079044929169868e+02,-1.609453438804516168e+02,-2.669161482772500449e+02,8.870194372091702917e+00,3.887527410622066100e+02,4.599992549180256560e+02,-1.744938679805788979e+02,-4.523171834656158694e+02,-4.435396671891860478e+02,-2.641135267158928741e+02,7.492562829851897277e+01,6.014307514620918482e+01,8.691595222317855018e+01,-1.362570727037718257e+02,-5.718448705451800151e+01,-1.200168032845892299e+02,8.170851438353508911e+00,1.242512362158515486e+02,-1.083936057213441018e+01,-2.323762246712294655e+01,-2.827127374729188887e+02,-1.710223091853418964e+02,-8.310433369908906798e+01,-1.256603025677924279e+02,-1.632201293236087452e+02,-1.295461313614289907e+02,-1.007686536440658074e+02,-2.885911526526195416e+02,-2.048650184332237814e+02,-2.550689933437927550e+02,-2.292710623343594989e+02,-1.687156511379953940e+02,-5.562446707672344246e+02,-6.053716018712226514e+02,-6.735253782123711517e+02,-9.762059453550859871e+02,-5.456204780469128082e+02,-4.836391356207420245e+02,-4.002706288707728390e+02,-4.664593463891175134e+02,-4.822111448010614367e+02,-6.033971190991439926e+02,-5.867755407734612163e+02,-7.007600036362633773e+02,-6.735015055679208444e+02,-6.263498822202921019e+02,-7.834475312915501490e+02,-9.799906105344928164e+02,-7.400186194640144777e+02,-1.215591641866651571e+03,-8.918819337787222139e+02,-6.320191034580495852e+02,-5.228994490707785872e+02,-3.584580136206172938e+02,-5.996059126081910335e+02,-7.075504396871048129e+02,-4.412660040680093516e+02,-6.351541670355470615e+02,-6.321407996467041812e+02,-8.951372424212029273e+02,-1.073371144099724006e+03,-9.118092006807863754e+02,-5.312227060771652987e+02,-6.916432718248611309e+02,-3.582119801785352138e+02,-4.464748050791126843e+02,-1.293574373251657050e+02,-4.433070818334832666e+02,-3.807636253603834007e+02,-5.187043640236652209e+02,-3.861579428590449652e+02,-2.114424828303604613e+02,-4.170823464281543238e+02,-3.212881839150850283e+02,-5.312241611057515911e+02,-4.914690064054681784e+02,-2.626844015070950036e+02,-3.863104058877775628e+02,3.411751938045540555e+01,1.355626817558761843e+02,-1.466079782356231647e+02,-3.823889604418434374e+02,-3.312645355413607149e+02,-1.743141509838096397e+02,-4.818918683506620937e+02,-3.566989368085656906e+02,-4.784514585421530342e+02,-6.411916324762412387e+02,-8.941676381207342956e+02,-1.490817615149663879e+02,3.616650828727347289e+01,1.094521018779812209e+02,-2.428195705296582219e+01,-2.481342363635688457e+02,-1.098083290891749044e+02,-3.093683031425246668e+02,-2.326977311152967332e+02,-1.608889888413833944e+02,-2.574248521870582067e+02,-3.564904178221636357e+02,-3.512922789916862030e+02,-6.076396364917793562e+02,-4.915527872900170223e+02,-6.342645278049926105e+01,-1.740680270188817076e+02,2.268078465087882023e+01,5.563129172515316441e+02,-3.552802067002634772e+02,2.227128583597041995e+02,-3.308272525555756260e+02,-3.295349861305937793e+02,-3.975173410089993240e+02,-2.959472468507365193e+02,-2.639133688938306932e+02,-4.356629558198400218e+02,-2.726885571127381240e+02,-4.310619351995015904e+02,-1.446802270440672373e+02,-1.977065646993644918e+02,-8.637932007249219168e+01,-5.325864702769860060e+01,1.391904062553495010e+02,4.460936314131322433e+01,-3.062675352320392790e+02,-1.578568134675660986e+02,2.969297930691357124e+01,1.551121873512933576e+02,-2.839230033446796142e+01,-1.364526308266248975e+02,-4.067414715867855648e+02,-1.256352564973722679e+02,-4.863854557485958026e+02,-4.245023339336969457e+02,-3.808791283504896228e+02,-4.434502208161344470e+02,-3.759763637472307778e+02,-5.689332228139998051e+02,-7.045578317704357687e+02,-7.534087554289530999e+02,-8.592610038079042170e+02,-1.045193958267719836e+03,-7.286810181116646845e+02,-8.723707242794437207e+02,-1.086108182380019571e+03,-9.956915533166086334e+02,-1.331574309256461447e+03,-1.497388160253399747e+03,-1.458089508352394432e+03,-1.743976471913589421e+03,-1.891614688935867662e+03,-1.766473574633434055e+03,-1.924631493999871509e+03,-2.067177639364050265e+03,-2.017561850628091179e+03,-1.967813185164839297e+03,-2.133285668034740411e+03,-2.243756964173354845e+03,-2.065709807907403956e+03,-2.118517561599860528e+03,-2.373556078954596160e+03,-2.295033110591416971e+03,-2.372058443524847007e+03,-2.313351177940552589e+03,-2.602153824426569372e+03,-2.658676832734197887e+03,-2.493579343209478338e+03,-2.585501730545715873e+03,-2.618900266519964134e+03,-2.779292642546125535e+03,-2.624334073228930265e+03,-2.522246372236910247e+03,-2.895946260241706113e+03,-2.618302648844226951e+03,-2.658294319854086098e+03,-2.741460411582178494e+03,-2.660032651978723607e+03,-2.706920293065117676e+03,-2.680086732016107817e+03,-2.843990138275894878e+03,-2.791905849345115712e+03,-2.752005245532391200e+03,-2.836908022636180249e+03,-2.837956256194079742e+03,-2.746220776560996455e+03,-2.933306584187540466e+03,-2.981875280067736639e+03,-3.074603183756101316e+03,-3.052436937771457906e+03,-2.793025445426713304e+03,-3.019417051541066030e+03,-2.850035985388910831e+03,-2.849568361401419679e+03,-2.892793825189014569e+03,-2.916146287320603278e+03,-3.094433642348890771e+03,-3.028541371129569598e+03,-3.141951382764873415e+03,-2.985008681126106239e+03,-2.960964787952810184e+03,-3.458441551447282563e+03,-3.202668967799531856e+03,-3.274131466413753515e+03,-3.280103742502899877e+03,-3.560619529215241528e+03,-3.294334718413623705e+03,-3.489230314919866032e+03,-3.612504447849594726e+03,-4.012552512297260364e+03,-4.052616951943461117e+03,-4.267067120321064067e+03,-3.959453486762723514e+03,-4.327119079813795906e+03,-4.408804795831669253e+03,-4.396634442529639273e+03,-4.931200215633046355e+03,-5.087621078778563970e+03,-5.292650678873281322e+03,-5.851762092013716938e+03,-6.447981947240248701e+03,-6.880481154539778800e+03,-6.902603149749749718e+03,-7.339463598395105691e+03,-7.606386888694809386e+03,-7.585863750197839181e+03,-7.770084862328380041e+03,-7.878529948556786621e+03,-7.624069827345491831e+03,-7.664442365975659413e+03,-7.750881890828335600e+03,-7.949620117927905085e+03,-7.856596831377899434e+03,-7.997792284379889679e+03,-8.045375598371587330e+03,-7.996546127592757330e+03,-8.120073457384960420e+03,-8.052312041947144280e+03,-8.090045093044815076e+03,-8.167658693297180434e+03,-8.293491818247384799e+03,-8.289006007483611029e+03,-8.260120703760683682e+03,-8.282306339411428780e+03,-8.357367897121723217e+03,-8.389676163211024686e+03,-8.210873647386444645e+03,-8.272135918315161689e+03,-8.385051333507906747e+03,-8.348510872930331971e+03,-8.422527655247744406e+03,-8.301149568061906393e+03,-8.268089399504498942e+03,-8.396317825751797500e+03,-8.445572073162238667e+03,-8.292288389480287151e+03,-8.438962146798032336e+03,-8.372132212787797471e+03,-8.479508764959415203e+03,-8.412664377203145705e+03,-8.362354058416378393e+03,-8.340186101638752007e+03,-8.526737109181081905e+03,-8.425204772433880862e+03,-8.495176249656382424e+03,-8.466993130617007409e+03,-8.561481962563630077e+03,-8.549349409003332767e+03,-8.422336651355570211e+03,-8.561150483174222245e+03,-8.401151466544539289e+03,-8.608748525627283016e+03
-2.962918976918451335e+03,-5.054068881328839211e+02,-6.334231471373122986e+02,-4.428480268565560891e+02,-4.759700909670647775e+02,-5.212199472326248042e+02,-6.401971714801941289e+02,-9.321239691743046478e+02,-7.854580521834568572e+02,-1.034606379568645707e+03,-7.961350514534644844e+02,-6.797310198864861377e+02,-7.549616192567846156e+02,-6.661200669260933864e+02,-8.285846606159584553e+02,-7.218996344749598393e+02,-7.949538264585196430e+02,-8.600622351625202100e+02,-8.727175764917387824e+02,-9.182181987929608340e+02,-7.353345675468879108e+02,-9.340757122891978952e+02,-9.673037259933612404e+02,-1.160016897126751701e+03,-1.026892985643591146e+03,-1.098903283304957995e+03,-1.096814699431269219e+03,-1.226302573473808934e+03,-1.082730912485921635e+03,-1.247199674992368045e+03,-1.028473693456833644e+03,-6.136205199504156553e+02,-6.479303141787897857e+02,-8.254199734946641911e+02,-1.295337648365435598e+03,-1.286213600088573003e+03,-1.192870701314611097e+03,-6.655048499103891118e+02,-1.018980691803696004e+03,-1.088605390813606846e+03,-1.232057322099458361e+03,-1.107207042733048411e+03,-1.266983252060937048e+03,-1.324198599470727459e+03,-9.330521775214422178e+02,-9.129127426591338690e+02,-1.148703022327157441e+03,-1.162207373118866599e+03,-6.916783262396655800e+02,-9.086304908305796744e+02,-7.765857588477167610e+02,-8.166681901634507312e+02,-7.678638298281036896e+02,-1.050226917967247118e+03,-1.115545852568005103e+03,-7.960426207788511874e+02,-1.011123942673129932e+03,-1.099679578573610797e+03,-6.213875023048294679e+02,-1.005282826194679046e+03,-1.123374501741840731e+03,-1.037318743384058962e+03,-1.132785733267471642e+03,-9.788843841703876478e+02,-1.027202412668800207e+03,-8.271934298884582404e+02,-6.221841424772994742e+02,-6.579011431498757929e+02,-7.692480362300909746e+02,-6.394898139096064824e+02,-7.100110266202618732e+02,-5.066751198719091462e+02,-5.779820734109721343e+02,-8.167355804986425483e+02,-7.109949112619622156e+02,-8.306607321730988360e+02,-1.118665780537197634e+03,-8.784712832941856959e+02,-8.521660017589430254e+02,-1.271613919711542849e+03,-1.079788781870706771e+03,-8.686742756082578580e+02,-9.931116247883319375e+02,-1.012525673469663616e+03,-1.135400123230553845e+03,-4.113929374632692770e+02,-5.973664648308169944e+02,-4.032846878630435867e+02,-8.690755740539400449e+02,-8.199264071707752919e+02,-9.288678517514083524e+02,-7.066774876309405045e+02,-6.469826414458284489e+02,-8.310495475380785138e+02,-1.049623578237022684e+03,-8.528922008671161166e+02,-9.133506561994279309e+02,-1.003256561348842638e+03,-6.971142722036541954e+02,-7.504191475946145147e+02,-9.272238381692909570e+02,-9.019112419805259151e+02,-9.114698700344301869e+02,-7.128636352582836935e+02,-1.027462294520675187e+03,-6.349863642626572755e+02,-5.934287227646721021e+02,-7.634576056129947119e+02,-9.620406212660532219e+02,-8.172383906913746614e+02,-9.028245547637339996e+02,-9.409133215678956503e+02,-1.168166261068405674e+03,-1.282944022530108441e+03,-1.161351216468932080e+03,-1.139719911617473826e+03,-1.097120069096759380e+03,-9.752098054407117615e+02,-1.213104565045635354e+03,-9.522409215173963730e+02,-6.340780399831401155e+02,-8.538238663386052849e+02,-6.700010397548849141e+02,-7.533843841951718332e+02,-6.418844267485051205e+02,-7.601664690648824489e+02,-5.590024181408357435e+02,-6.607341474297620607e+02,-7.524045660109381970e+02,-7.057740929025644618e+02,-7.613775470453897469e+02,-8.290795551942514976e+02,-1.100780670647432544e+03,-6.882226585329240152e+02,-1.011294187432399440e+03,-1.315492722270242894e+03,-9.115792562442861708e+02,-6.539842197835057505e+02,-7.317552821343284677e+02,-6.513309780675966749e+02,-8.315112688853490681e+02,-8.029454532631116308e+02,-1.201813510435412809e+03,-1.013918774397561037e+03,-7.679564260500214914e+02,-1.222295932680644455e+03,-1.021905501980975032e+03,-1.357249855623613712e+03,-1.526853469943497203e+03,-1.675531130017976920e+03,-1.350112994495711519e+03,-1.247574835319693648e+03,-1.284441630198155735e+03,-9.116293886848072816e+02,-1.068348473961154014e+03,-1.068778544569359156e+03,-1.167500014257791008e+03,-1.190747186792463026e+03,-1.051530238087447287e+03,-1.162578325166828563e+03,-9.200890263843565435e+02,-1.164754499774067426e+03,-1.459473305446241511e+03,-1.798200221617344141e+03,-7.070228904749346839e+02,-1.053214561298713306e+03,-9.959912536894119057e+02,-1.102687405293707798e+03,-6.718446806557064974e+02,-1.304387788015863862e+03,-9.448785319929588695e+02,-7.387357621218086479e+02,-1.007976891662595335e+03,-8.824257242558741154e+02,-8.506335872639681384e+02,-7.811097098994041517e+02,-8.953175326459647749e+02,-1.096743781666698851e+03,-8.966398593257160883e+02,-9.281119826448623371e+02,-1.068258014447509595e+03,-1.016554782797189660e+03,-1.056443605663315566e+03,-9.951189333559320858e+02,-1.208112159435047033e+03,-1.123766898693431585e+03,-1.261512555539975892e+03,-1.252915471705247001e+03,-1.438346469386734498e+03,-1.560805847781133934e+03,-1.447057246545856287e+03,-1.517128438105683927e+03,-1.642397760946349763e+03,-1.700501017569573150e+03,-1.509083619033476907e+03,-1.447348814970722742e+03,-1.507949139013096783e+03,-1.492029707955620324e+03,-1.763702509689206181e+03,-2.055089121778959907e+03,-1.755283420423809957e+03,-1.902453848284382275e+03,-1.833748851050561370e+03,-1.803094168197443196e+03,-1.600506459755730702e+03,-1.691575598839495797e+03,-1.828164418986459168e+03,-1.638349198658811247e+03,-1.465048879445842203e+03,-1.607806601528291594e+03,-1.696184585395588783e+03,-1.469260729527572721e+03,-1.711665884529339564e+03,-1.275407343972176932e+03,-1.322540082967300350e+03,-1.605606668877471975e+03,-1.392387491790284457e+03,-1.370185615091904992e+03,-1.497217644454778565e+03,-1.732440592258394645e+03,-1.309143894222511335e+03,-1.159760074307476771e+03,-1.416803455534123259e+03,-1.141623372989383142e+03,-1.113910788701774436e+03,-1.161454406740681634e+03,-8.779462875301774147e+02,-9.640965686564845782e+02,-1.082065926844406022e+03,-1.003676626226953658e+03,-6.416618027098024868e+02,-7.593220891077896795e+02,-1.052621668934991703e+03,-8.232478233400213412e+02,-7.558440492992605186e+02,-8.826771697234569274e+02,-9.690140744919024200e+02,-7.497133525675603778e+02,-7.979238133123890293e+02,-1.121932579510230198e+03,-7.576035126270982119e+02,-9.572362489192287285e+02,-9.278996748123216776e+02,-1.197568388668694297e+03,-8.050010182959740632e+02,-1.135228318060000220e+03,-1.104752302140722350e+03,-8.035349849504480062e+02,-7.781308008642135974e+02,-8.559064375141030041e+02,-9.352537559108832284e+02,-1.104834168342558314e+03,-9.096207718033068659e+02,-9.925736706884481464e+02,-9.191536756838390829e+02,-1.042427072922104344e+03,-9.800147144238178498e+02,-7.937919159822122310e+02,-7.574933699607545350e+02,-6.083299423988834178e+02,-5.203252234122121536e+02,-4.004261241156192455e+02,-6.035073209369397773e+02,-8.007176018303747469e+02,-3.710163966983027422e+02,-6.771115422905652395e+02,-7.640983300367280435e+02,-8.434849272059598206e+02,-5.748631758461485788e+02,-1.128157963805198051e+03,-1.343117043749118011e+03,-1.086615815532736178e+03,-1.098943205981937353e+03,-7.829122655759008467e+02,-6.131348426694171394e+02,-9.971388036380643598e+02,-8.768881356395575040e+02,-1.116785954861400114e+03,-1.410702525089075152e+03,-8.473881673560508716e+02,-8.213749940855722116e+02,-5.912033444880567004e+02,-7.199570592569446035e+02,-8.936265736448765438e+02,-6.380876989883116721e+02,-9.438560192834461304e+02,-5.485418349915022418e+02,-9.628517001123234422e+02,-1.102374361897760991e+03,-1.167531959129958750e+03,-1.134859312614196824e+03,-1.285579614190856091e+03,-1.047518266791185624e+03,-1.269606849859293106e+03,-9.016752517014778050e+02,-1.015244441409602814e+03,-9.727894334779936116e+02,-1.069702504865324954e+03,-7.311906482280231785e+02,-7.637838540330753858e+02,-1.158615356508605601e+03,-8.829451428018189745e+02,-6.783388524804743156e+02,-8.740775609237374510e+02,-8.050194212261458233e+02,-8.977075323929195747e+02,-7.919248046682683935e+02,-1.017970332419758165e+03,-8.941036706637976295e+02,-1.005339707822036871e+03,-6.270376379975263035e+02,-1.040477935457458443e+03,-8.998048632238730988e+02,-1.056386434311976245e+03,-1.104090938999121136e+03,-9.889810681353737891e+02,-1.068216329745058374e+03,-9.848831927239352808e+02,-1.102551513785558427e+03,-8.709604213410668763e+02,-1.315321425531401928e+03,-1.111176253728048550e+03,-1.023498820976444449e+03,-1.126011570549736462e+03,-1.105327466901412436e+03,-1.099417051912201259e+03,-1.332013063168412600e+03,-1.263174488306161493e+03,-1.136262864613700231e+03,-1.038667408311065174e+03,-9.388855243975211806e+02,-8.725904980775108015e+02,-9.663076317200252561e+02,-9.855746833091362760e+02,-1.397291308083346621e+03,-8.266807784012736420e+02,-1.065692328786014741e+03,-9.777048886379750456e+02,-1.161016878190951047e+03,-9.376696137854047493e+02,-7.787283812644443515e+02,-6.454375168956805737e+02,-5.296520738838439684e+02,-5.123552814069927308e+02,-5.170356567357833910e+02,-8.891122273274638701e+02,-9.937930469950551924e+02,-6.266983163894336712e+02,-6.054403184155396502e+02,-7.826652603760080638e+02,-8.063337204192039280e+02,-8.844198918872589275e+02,-7.178138520917779033e+02,-8.219639108363837749e+02,-9.838870045340929664e+02,-1.071465619829802563e+03,-7.904706206167542177e+02,-6.562891900237756317e+02,-6.152069985040321853e+02,-7.769233679695144019e+02,-6.621141580519281433e+02,-1.120020090072413041e+03,-7.590081522538825993e+02,-6.239545957313686131e+02,-9.368490414950871354e+02,-5.463435347054049771e+02,-3.716072830846588886e+02,-7.208277051520806253e+02,-4.254535577445869308e+02,-6.220057761103216762e+02,-7.591193425590054176e+02,-3.568127893743768482e+02,-7.717536000509056748e+02,-7.638514712394911612e+02,-6.770300868851501264e+02,-1.117063611358793196e+03,-1.209751666061126571e+03,-9.925646171780442728e+02,-1.262881618686149295e+03,-9.348985048585410595e+02,-1.123835673669056405e+03,-1.032248938048128139e+03,-1.402238403054937862e+03,-8.922356226153959824e+02,-1.015965845297818078e+03,-9.257287555645532393e+02,-1.416986223075059343e+03,-1.717397508839880857e+03,-9.282301956745866391e+02,-1.271716704789351752e+03,-1.093981089288318344e+03,-9.315412269883229328e+02,-1.005825915478516094e+03,-1.158896125054222466e+03,-9.931499079087777773e+02,-9.230357586802075502e+02,-1.004951719897381849e+03,-9.212920769102527174e+02,-9.268549621413234263e+02,-9.385788688556156103e+02,-1.056200215942409841e+03,-8.353591460682067691e+02,-8.284215418607885795e+02,-9.609612910008156632e+02,-8.461797076696327622e+02,-1.005195629543407449e+03,-9.213799713011546828e+02,-7.963039436822011794e+02,-7.972793899194239202e+02,-1.181228839077536577e+03,-8.570766809324550195e+02,-8.491609035864953512e+02,-8.768090715934237096e+02,-1.105612051919793657e+03,-1.000195668073933689e+03,-7.495864449085524939e+02,-1.150125125522960843e+03,-1.075877705917151616e+03,-1.167368699984202067e+03,-1.562818541967677447e+03,-1.485166607468354414e+03,-1.643308380647312106e+03,-1.281040022827039820e+03,-1.526183759093940580e+03,-1.219481529424570681e+03,-1.034448284055341674e+03,-9.634451966448361873e+02,-1.293169981923651449e+03,-1.910386400809316228e+03,-1.515428497287089158e+03,-1.421891433510219940e+03,-1.304153481532516935e+03,-1.275891160241196758e+03,-1.304078121807325942e+03,-1.251544478149358838e+03,-1.519799047701811105e+03,-1.574034009393169072e+03,-1.503086686124092921e+03,-1.497545131483911518e+03,-1.359444556364997879e+03,-1.040973857721140121e+03,-1.316455309123398138e+03,-1.474446166764755162e+03,-1.553683033703080127e+03,-1.452071607170546031e+03,-1.382671080462337159e+03,-1.154529545070565064e+03,-1.374509573242709848e+03,-1.404594372690663249e+03,-1.046746320071253876e+03,-1.049998294040986821e+03,-1.070704322083342277e+03,-1.099382763903678551e+03,-1.081523970339580046e+03,-1.222675860041993019e+03,-8.959808529525180347e+02,-9.457667604312391632e+02,-1.190414673559124367e+03,-6.135553418313318161e+02,-7.066627389043439962e+02,-1.171712306004621269e+03,-1.245985631377918480e+03,-9.514895570753152469e+02,-8.106116823313450368e+02,-1.028722097359818690e+03,-7.206534203187295589e+02,-1.003675344190853593e+03,-8.579462422039316607e+02,-4.382227169143119454e+02,-7.771796577910774886e+02,-7.555317517473456519e+02,-8.122948686746342446e+02,-7.411042559662073472e+02,-8.534352552597208614e+02,-9.445143023563324505e+02,-7.256297929727343217e+02,-5.611439705881849704e+02,-4.012790580981722997e+02,-2.926485312964204013e+02,-4.511134646621172806e+02,-5.929016878116871112e+02,-6.661819022624032414e+02,-5.455817975592683524e+02,-5.204460354861139422e+02,-1.003650525855807473e+03,-6.922674575145717881e+02,-7.321700371895254875e+02,-1.105468731239548561e+03,-6.393415680277802267e+02,-8.402420409346275392e+02,-6.649832614150146810e+02,-6.472633990627537059e+02,-6.549516093597142117e+02,-1.254251816023756191e+03,-1.191184773257008601e+03,-1.080830197478707987e+03,-1.041968092422268910e+03,-1.194725963721851258e+03,-1.318502993844177581e+03,-8.077037691573551683e+02,-1.194773474784388782e+03,-1.123901857866094588e+03,-1.057750838092001004e+03,-8.405982395468990944e+02,-1.055012051324366439e+03,-6.755118225107451053e+02,-7.845187088504225130e+02,-9.184538421031982125e+02,-1.171142536297348670e+03,-9.463055162717321309e+02,-9.094161081342076614e+02,-1.073739240171944402e+03,-9.153045673738949972e+02,-1.362527774932235161e+03,-1.185257987336764927e+03,-1.518772552014238499e+03,-1.557891277277208928e+03,-1.800009847806369635e+03,-1.628925218265936564e+03,-1.333050948340009199e+03,-8.594420062685685480e+02,-1.044859825827554232e+03,-9.294448639220080395e+02,-1.092413342168430290e+03,-1.019174452375683813e+03,-1.067110857852283971e+03,-6.081364956588546420e+02,-9.148364130407992434e+02,-9.357865803592462726e+02,-9.649018905213453081e+02,-1.053226290422704324e+03,-1.104025880430008328e+03,-9.802729023038108380e+02,-1.233941481595356436e+03,-1.132181383389794064e+03,-1.257032828614958134e+03,-1.337225549067300790e+03,-9.087892576891749741e+02,-1.285071209849399111e+03,-1.197955593333138040e+03,-8.047222065178269759e+02,-9.802634124020698891e+02,-9.576675328875539890e+02,-1.010595672025156773e+03,-1.432347763553801769e+03,-1.306758559094889733e+03,-1.112175820073663544e+03,-9.324244234679379133e+02,-1.101625538955146567e+03,-8.990855194544756159e+02,-1.173093041083812295e+03,-7.962982583934380045e+02,-1.233883751443811207e+03,-8.831117018448987892e+02,-7.811087829471828172e+02,-9.521521757843538580e+02,-8.796855793336652596e+02,-9.060718247212953429e+02,-7.360173622523576569e+02,-8.829686591285033046e+02,-5.567457243514237462e+02,-6.107665986259750071e+02,-6.456607938495944836e+02,-6.731442835337122688e+02,-7.163709463649933014e+02,-8.300278040740759025e+02,-6.957446865791492883e+02,-7.673158667059446998e+02,-8.436222847542536556e+02,-8.336960964014820092e+02,-7.570159525614369613e+02,-9.368734167924640133e+02,-1.197819717808651376e+03,-8.017259904448324050e+02,-4.354182984465384720e+02,-6.297970019162422659e+02,-7.945819528473534774e+02,-7.642152745921433734e+02,-7.353772510704061460e+02,-1.018226975304773191e+03,-6.864445279707335885e+02,-8.005163572481436631e+02,-8.208156630145058443e+02,-7.865206962393369849e+02,-7.328319369875715665e+02,-8.813323636702980366e+02,-8.702473836705925123e+02,-8.308858449463031093e+02,-9.129334216386648677e+02,-9.188401132147255339e+02,-9.279752352859868552e+02,-8.033248392188997968e+02,-1.330173551298978055e+03,-9.583637045609788174e+02,-8.655268235690754182e+02,-8.795281835914092881e+02,-9.660399879876144951e+02,-9.154007748524071530e+02,-1.010560025231217423e+03,-1.400332855454832725e+03,-1.019620592682331790e+03,-8.768920763212094016e+02,-9.641631874287959363e+02,-1.258966287076004392e+03,-1.740238380382262221e+03,-8.916839671236524509e+02,-1.286751384606998727e+03,-9.379052969327210576e+02,-8.475152002544912193e+02,-1.000446029505008937e+03,-1.044017264507072923e+03,-7.159196219280911464e+02,-9.118086858567237414e+02,-8.342129123804497794e+02,-5.978169922944896371e+02,-1.048860370391032575e+03,-5.249751687841994681e+02,-5.177285230226083286e+02,-6.952743767294614372e+02,-8.103833536743494506e+02,-3.789967194844687697e+02,-4.781273736045752685e+02,-5.586359529488025828e+02,-6.041155925370604791e+02,-7.788881008541409301e+02,-7.323469382250312947e+02,-4.927548166211139460e+02,-4.194346874524186433e+02,-6.094730529124174154e+02,-8.252014363863421522e+02,-6.846161323355647710e+02,-7.413678483765800138e+02,-1.094903401116525856e+03,-1.049470770844577146e+03,-8.889541244703171969e+02,-7.944021944991909550e+02,-8.117986128927243499e+02,-8.402326067568208146e+02,-9.992442264881115079e+02,-9.760767324937947933e+02,-5.592049090151915607e+02,-8.502258001971429167e+02,-7.477203302565936838e+02,-1.025470011644802980e+03,-9.350359440727293077e+02,-7.568118730606871623e+02,-8.345582765489289159e+02,-8.822398059436668518e+02,-9.467573623091318495e+02,-8.884369978103642325e+02,-9.268214694419560828e+02,-1.195222952128696079e+03,-1.508794319316172277e+03,-1.253830925427579132e+03,-1.191152246437419308e+03,-1.260013266671904603e+03,-1.147971826307674291e+03,-8.874607778609811248e+02,-1.425016214966619827e+03,-1.260464182505420922e+03,-8.844052114455564606e+02,-8.930738852741380924e+02,-1.067544518223557134e+03,-6.071892719449872402e+02,-8.471057468066895808e+02,-1.122210258174796309e+03,-9.642921912025767597e+02,-9.918813471612951389e+02,-7.847144254575375726e+02,-9.063478431297583029e+02,-6.572246259266701145e+02,-1.225825800970801083e+03,-9.949563791302134632e+02,-9.137341289706860152e+02,-9.652095795350968501e+02,-1.122732504525763034e+03,-1.173824277102813994e+03,-1.054078922086871444e+03,-9.346322185945840602e+02,-6.389012545907279446e+02,-8.630565918031617230e+02,-1.080877252556664644e+03,-7.237453443000981679e+02,-4.617818968589810993e+02,-8.004288709617486575e+02,-1.345775607243455852e+03,-7.540354381311096859e+02,-5.875302417573757339e+02,-7.097970932800187711e+02,-7.822109486878034659e+02,-8.522504893041541436e+02,-7.970745431400542884e+02,-9.787673705561821862e+02,-4.932320338883322393e+02,-5.694249520524688251e+02,-6.099731043395848928e+02,-6.820877496762410601e+02,-7.837746501967128552e+02,-9.793120751552581851e+02,-8.941097532238989061e+02,-5.910930596179275653e+02,-7.884176030939769362e+02,-7.553193607047243177e+02,-6.558658809115996746e+02,-7.481062554903443242e+02,-7.974356665292864363e+02,-8.062673692850182761e+02,-9.485371674395275932e+02,-5.081343668664543429e+02,-8.619766640470097627e+02,-8.140803513583546192e+02,-4.171557685792478196e+02,-1.045272908631335213e+03,-1.033889216954351241e+03,-8.516144070590513593e+02,-9.269099673391008309e+02,-8.530834636572865293e+02,-6.560753507041902139e+02,-7.387432660510728510e+02,-6.604962687969573381e+02,-7.970041847020761452e+02,-8.638563422190321717e+02,-7.007627346627148199e+02,-9.745845236127755697e+02,-6.137923484727223240e+02,-8.252470645235384836e+02,-1.256441160966536472e+03,-7.955335418986892364e+02,-7.643443187084590136e+02,-1.158697771280143115e+03,-1.095024033648800241e+03,-8.391034083143714497e+02,-9.316269088991668923e+02,-1.084081050044599579e+03,-7.686629301962891532e+02,-7.415499883649702042e+02,-9.310163999190987170e+02,-8.192445744535070844e+02,-7.172114437572013230e+02,-1.120917283689865144e+03,-9.933667955914949061e+02,-8.669080130559948429e+02,-8.940009226597785528e+02,-8.376948547192807837e+02,-9.239738209482115963e+02,-9.192540048326827673e+02,-1.035231066056589725e+03,-9.558389146698182230e+02,-8.332456331726417602e+02,-9.373174927645146681e+02,-9.256560121818699827e+02,-7.371733574208018354e+02,-8.920022726196184522e+02,-1.142621503521022078e+03,-6.472796250014434918e+02,-7.786736567816938077e+02,-6.648769410421542716e+02,-7.464260848063133835e+02,-5.508662966519715383e+02,-1.070072502398005327e+03,-1.049634551504452702e+03,-5.007719182266793041e+02,-5.914524446434461424e+02,-5.817501874348295132e+02,-6.282121663442542285e+02,-7.710284846666127123e+02,-7.977061754464839396e+02,-9.838875632145800409e+02,-5.555695785263067137e+02,-7.366534447519849209e+02,-7.689798407326946972e+02,-8.000380922752159449e+02,-7.214215720211846019e+02,-8.005484368939767137e+02,-7.514910049696533179e+02,-8.540669583229419004e+02,-7.652503189385165570e+02,-8.734207461776520631e+02,-9.102892251553616916e+02,-1.068227020515245385e+03,-1.181277683729949331e+03,-7.636825083595488195e+02,-7.442899139495820009e+02,-6.196917523022585783e+02,-7.784516729573542761e+02,-8.286052436957421605e+02,-8.275497786594474974e+02,-7.133886414898820476e+02,-6.270647483347393063e+02,-7.002531163103087692e+02,-8.700297895728069761e+02,-5.514538675880586425e+02,-8.858479416148180690e+02,-1.123530424247331212e+03,-1.008473519509646280e+03,-7.401286908162462623e+02,-6.779784828613589980e+02,-7.466299457433563020e+02,-7.062525306859788543e+02,-8.288059050860944126e+02,-6.697413923357280510e+02,-8.241982612042152141e+02,-4.401415299676875748e+02,-5.500854447298613650e+02,-6.176170193131310953e+02,-7.896126006592929798e+02,-4.261988957002446341e+02,-8.109884811900867589e+02,-7.722463432561705758e+02,-6.051068582491516281e+02,-6.545976783003857236e+02,-7.762995809457705718e+02,-5.527771406334767335e+02,-5.564459786641652954e+02,-6.212178587935375162e+02,-6.345699690115104659e+02,-3.670771871616062185e+02,-4.316830115756013697e+02,-5.878991972486396662e+02,-4.869832083993405263e+02,-2.961495653562687380e+02,-8.808100118621106276e+02,-4.618388462607114775e+02,-5.513907080814601613e+02,-5.638060060382561005e+02,-3.474043205896062432e+02,-4.882570384164458801e+02,-4.290246957258716520e+02,-6.651773496641777683e+02,-6.641118838551437875e+02,-5.419740847838670561e+02,-6.925198259721179284e+02,-4.570400219567192153e+02,-2.796607112654787670e+02,-6.914674861506327943e+02,-7.367523379311933240e+02,-3.246693978822646613e+02,-5.177819629024234018e+02,-9.763454940868639369e+02,-7.492532579604459215e+02,-9.327707469246427081e+02,-8.309913972828315991e+02,-6.492254158464345437e+02,-4.132266812976823189e+02,-7.361164303393229602e+02,-7.583283051967231359e+02,-6.236838929774954750e+02,-6.528827814558183036e+02,-1.197406379401636968e+03,-7.247197716650865686e+02,-6.976055646593191568e+02,-7.934488107381048394e+02,-6.508430859347405431e+02,-6.506148417258157224e+02,-5.433603313384804778e+02,-6.334892857541208286e+02,-4.831121507977998135e+02,-5.638819868247293243e+02,-7.705538353634051418e+02,-5.760353987820883503e+02,-7.754582820913819887e+02,-8.957147831135565639e+02,-7.109933910220900088e+02,-4.521124438908054231e+02,-2.530863634528203931e+02,-4.455537075184827245e+02,-3.142757523966805024e+02,-4.246979583893985932e+02,-8.443438149237890684e+02,-5.769507778334245813e+02,-4.309012790858444646e+02,-6.513854976422360323e+02,-6.623777003897287159e+02,-6.989660936611809348e+02,-5.803661186990440228e+02,-6.023564545628407814e+02,-5.018847632051773644e+02,-4.681961176178696178e+02,-5.295934059326086754e+02,-6.236631545755767547e+02,-2.565258427458132360e+02,-3.913954022631554039e+02,-3.662218514355026855e+02,-3.367452609796690695e+02,-5.370209148038383091e+02,-4.404123590594603570e+02,-3.025222977422135955e+02,-4.095749333789137836e+02,-4.223450337688589116e+02,-7.024287673450596685e+02,-4.367296552902890880e+02,-5.547408217229667571e+02,-3.934635633588287646e+02,-3.379819646593439302e+02,-3.256928210453442603e+02,-2.158354168332003553e+02,-3.828155290347997379e+02,-5.245954883514725680e+02,-4.973733749251535983e+02,-4.391474758083783172e+02,-6.428162812732091425e+02,-5.108722817224800110e+02,-9.130275173686396784e+02,-8.801545635051506906e+02,-5.777275403226415165e+02,-7.002465384927049854e+02,-7.515544042641006399e+02,-5.328427006741995910e+02,-6.203646563765884139e+02,-7.885097018491462677e+02,-5.062917892728550555e+02,-4.257132665893342391e+02,-3.636728622666157662e+02,-4.581036392770444650e+02,-4.783032244295715714e+02,-7.185012397653133576e+02,-4.470679550987014750e+02,-5.270556885460364356e+02,-5.502080336416805721e+02,-5.392793773531749366e+02,-4.927647656177542217e+02,-4.588907041245547589e+02,-4.572261265559498042e+02,-7.240166887512305038e+02,-3.901164287172786089e+02,-1.271256625906908653e+02,-1.608127951873634629e+02,-2.055668412364348683e+02,-1.975114158000845919e+02,-1.561111016858215521e+02,-5.372823535411191642e+02,-3.104872722543116765e+02,-2.422578002387829201e+02,-2.228088316620155069e+02,-2.668200039560520054e+02,-2.235221050544946024e+02,-1.743335432219329846e+02,-4.516140075278182167e+02,-3.755925944693559586e+02,-2.632015417714726482e+02,-4.586409596580639345e+02,-5.387614082974062057e+02,-2.594323769928878392e+02,-2.141612342696299152e+02,-6.385120953595408082e+02,-3.498182761332528798e+02,-6.908900628702583617e+02,-5.779318541632176220e+02,-5.155620166501430504e+02,-6.204398200876214560e+02,-5.235086234395465681e+02,-7.449181088649763751e+02,-5.656214509698590973e+02,-9.230048677740153380e+02,-6.167522518039688748e+02,-5.537464054665741742e+02,-6.512735062733894438e+02,-8.269808925810489200e+02,-9.362165826505248560e+02,-7.441391988950047107e+02,-7.906184789016942887e+02,-7.960668575383826919e+02,-9.032620444413277028e+02,-1.012457596478002870e+03,-8.641597836963737791e+02,-7.389737451299459963e+02,-9.668248744774469969e+02,-6.793157728345405530e+02,-3.845614241649551559e+02,-6.142042938331164805e+02,-8.576206810438079629e+02,-1.108124320203169646e+03,-9.751200147723095597e+02,-8.923141091210316063e+02,-8.011834268156894723e+02,-8.849951763394535647e+02,-8.918541417747478590e+02,-7.906595752681057547e+02,-1.232400736525670027e+03,-6.968497401327956595e+02,-7.388943974178228018e+02,-8.713028065634549648e+02,-8.573272070060389751e+02,-7.962168666122859122e+02,-8.071574253755620703e+02,-7.848192741184448096e+02,-8.127018029423251164e+02,-9.073263782831753588e+02,-8.347442428107239039e+02,-1.151006298956162482e+03,-1.074332715325186200e+03,-9.308518733943921006e+02,-8.298188016250740020e+02,-9.315329752053480661e+02,-1.008928092086629590e+03,-1.076317741847401066e+03,-9.889109999250226792e+02,-9.372827917327595060e+02,-1.393932842513576816e+03,-1.275560476125945797e+03,-1.175172451920743697e+03,-1.004671255645998372e+03,-1.276816044178962784e+03,-1.029370794749235301e+03,-1.286492860050209174e+03,-1.175059735467946666e+03,-1.183266190990588711e+03,-1.099368973377528846e+03,-1.019996812677703474e+03,-1.109994956123897282e+03,-1.011381256052362687e+03,-1.081240162310383312e+03,-1.135347079525356548e+03,-9.930298528079207472e+02,-9.441835351985557736e+02,-1.278144202494284855e+03,-1.333881689005335375e+03,-1.232284110596986466e+03,-1.215019829897430554e+03,-1.047227626763070703e+03,-1.160678593729612885e+03,-1.246987967556599870e+03,-1.411021507558442408e+03,-1.720182916305795970e+03,-1.182310659011883672e+03,-1.502439271015861323e+03,-1.012768740165062582e+03,-9.903139996849217823e+02,-1.407679111074962293e+03,-1.680163767844426275e+03,-1.646110320242370335e+03,-1.071708563671352749e+03,-1.196034704578242781e+03,-9.547481715417195574e+02,-7.708074260601154037e+02,-1.049431631313967046e+03,-9.987466177073398512e+02,-1.111374280177439232e+03,-8.371396615164052264e+02,-1.132369327341100416e+03,-8.608720408735184719e+02,-8.385430748473704625e+02,-5.938735163724384165e+02,-6.392891634624479593e+02,-7.611672567903590334e+02,-7.985946631178574080e+02,-6.600045394776025205e+02,-7.704454892671875541e+02,-9.036830939834540004e+02,-9.011612489257240668e+02,-8.908821403538240702e+02,-7.246037269317829441e+02,-9.561018067548303634e+02,-1.035098040222455211e+03,-8.434489992334176804e+02,-7.945331131187633673e+02,-7.469105226663662052e+02,-8.105387354728359242e+02,-7.631608977721573410e+02,-8.949256599650357202e+02,-1.076320835896121480e+03,-9.121575220576291940e+02,-9.322662380535109605e+02,-8.366734042534668561e+02,-8.000666590730561438e+02,-9.509019209820093010e+02,-1.213301284633579144e+03,-9.133438329586493865e+02,-8.788989143204735228e+02,-9.137084404997833644e+02,-1.022720056176886374e+03,-1.154268076494006891e+03,-7.876659085949856944e+02,-8.337288179173870049e+02,-7.568463014154134498e+02,-8.375336631166626375e+02,-8.673575841534236588e+02,-8.408326875967081833e+02,-6.383939073126960011e+02,-9.133715113974983524e+02,-8.213522067085117442e+02,-7.285800981003769721e+02,-6.269184811981523353e+02,-6.930917837120362037e+02,-8.742798777349505599e+02,-7.814125283627994349e+02,-9.239264295659604613e+02,-9.240451117897546283e+02,-8.963459866183460463e+02,-7.993908285748167373e+02,-1.015047850065549028e+03,-9.968361850976891674e+02,-9.154091625004174375e+02,-1.250160281436572177e+03,-9.680146012662021349e+02,-1.014199933022379128e+03,-9.955492250009075406e+02,-8.770904251410468078e+02,-8.601266440017158175e+02,-9.527237639461341132e+02,-7.177227453856000920e+02,-6.792095837290083864e+02,-5.726372492644029535e+02,-8.145845669287796227e+02,-7.991521538621661875e+02,-9.527727265085551380e+02,-9.128183923549026986e+02,-8.483820380025409804e+02,-7.437188511195172396e+02,-7.208188956591220631e+02,-4.477844743316306904e+02,-1.001741751464774893e+03,-1.209612096981920786e+03,-7.989925625011547936e+02,-7.585658472164500381e+02,-5.807264759803798597e+02,-5.141438108060782497e+02,-1.074946997943069391e+03,-1.132806625655664448e+03,-1.122617782145484171e+03,-7.547677395155817521e+02,-9.674371261159842561e+02,-9.216129649187118957e+02,-6.474781715086666054e+02,-1.157737961325750348e+03,-1.205960755140594301e+03,-7.632451134481507324e+02,-7.345832424907964651e+02,-4.258039804387315144e+02,-5.459127122665183833e+02,-5.284495185438614726e+02,-6.076017232753204098e+02,-3.725331706597872881e+02,-5.319433880764142941e+02,-6.465980605965817176e+02,-5.678322192681097249e+02,-5.418448893571647886e+02,-8.641737971002862650e+02,-6.733427332676977812e+02,-7.053359732260885266e+02,-6.293987325469153120e+02,-8.003971323864439000e+02,-4.278064085504703939e+02,-6.858528407745042159e+02,-6.437707903225507380e+02,-6.198320085589921291e+02,-7.209932335073053764e+02,-6.826873714979009264e+02,-8.914417365080337277e+02,-6.712935619852069067e+02,-8.508411313318154043e+02,-8.635190967474435411e+02,-1.043048877735355290e+03,-1.471413275976226487e+03,-7.831114669086474578e+02,-5.947703158186677683e+02,-6.867643644023332854e+02,-6.433206791679665457e+02,-6.450336606047865189e+02,-1.304646331196637220e+03,-1.098149461101603492e+03,-1.208597707358116168e+03,-1.382088161415182640e+03,-1.129689600706938563e+03,-1.001541128292759936e+03,-8.302084040532745348e+02,-9.323723844982282571e+02,-9.728257858311917516e+02,-9.714117689082968354e+02,-9.768742689020540411e+02,-5.768002620754962209e+02,-1.117898683748762323e+03,-8.663087185700768487e+02,-6.381273701458862888e+02,-6.220620178467939922e+02,-1.049872740535622370e+03,-1.143035741995882063e+03,-9.026191821010247622e+02,-7.535251073503279713e+02,-9.026891984363865049e+02,-1.017864560141002812e+03,-8.246090557499292117e+02,-8.655417533445693152e+02,-7.815948711885691864e+02,-7.773531915542018851e+02,-8.955037372117174073e+02,-9.968434414404290465e+02,-9.198254017663077775e+02,-6.975739471197036892e+02,-1.056818359373268095e+03,-9.051076287409234737e+02,-8.007308011144789361e+02,-7.372821430568470760e+02,-1.137147258190836283e+03,-1.402233658943066530e+03,-1.346022555015852049e+03,-1.033146052006191894e+03,-7.284759405420422809e+02,-9.102241871260619064e+02,-8.647388911576454120e+02,-8.946141519077095836e+02,-8.087115569787193863e+02,-7.388740303187547624e+02,-1.292731146758418845e+03,-1.232098985805363554e+03,-1.097300547429250400e+03,-8.031021328466100613e+02,-8.334556425938765187e+02,-8.723895833931698007e+02,-8.274969300220406012e+02,-8.781854968379202546e+02,-4.226031501086360436e+02,-7.597729686960844901e+02,-9.714051482592133198e+02,-1.010375940233408983e+03,-1.009300609452425078e+03,-1.201554543516943568e+03,-1.000294464621071711e+03,-5.759535238460817936e+02,-6.970204307031553981e+02,-1.083682711694651971e+03,-7.720027575003388165e+02,-1.179153366844441280e+03,-7.685853817315932019e+02,-6.070783809952584988e+02,-4.357747951971400653e+02,-5.257625437189328750e+02,-8.979206714753627239e+02,-1.171311752638500820e+03,-1.258556647328409326e+03,-9.338619212979010626e+02,-7.973498220038467252e+02,-5.790561949347145401e+02,-1.077715560896404440e+03,-8.457730154874718664e+02,-1.059410876113050335e+03,-1.228097809434120109e+03,-1.032924890594053750e+03,-3.322007776340765304e+02,-4.361157779178719238e+02,-4.693695811144054915e+02,-6.040153038860003107e+02,-8.394225925715992389e+02,-6.798176459935277762e+02,-7.843123141060997341e+02,-4.676022619323208573e+02,-3.339484543140066535e+02,-7.683616113289908753e+02,-8.927123966629389997e+02,-1.257281811914363743e+03,-4.615993705915072951e+02,-8.075017442779252406e+02,-7.087943391001413147e+02,-6.336984443520641435e+02,-8.486421508718124187e+02,-7.275626768047682162e+02,-5.957353228089009463e+02,-7.161677623041869083e+02,-5.534705921018904746e+02,-7.295775080937481789e+02,-8.293674730677939806e+02,-1.091727941032483841e+03,-8.783541106141969976e+02,-9.894470820534304494e+02,-6.949814898023198566e+02,-3.261140755767696646e+02,-4.772218947148929828e+02,-5.886214463161043113e+02,-5.163183742851617808e+02,-6.499644938902717968e+02,-3.883947165408473552e+02,-6.536224435566128932e+02,-2.805360177974580438e+02,-3.017858470195481573e+02,-4.735170278980693865e+02,-5.717997547041694588e+02,-4.474873102988180449e+02,-4.858733962941732898e+02,-7.870444679137438015e+02,-4.366503402963633107e+02,-9.906690286776852190e+02,-6.851031226167236809e+02,-9.082664739785717529e+02,-6.255755301906108343e+02,-9.466982100536495182e+02,-8.080493116742804887e+02,-9.192823321486014265e+02,-9.555215496361722671e+02,-8.652752358892118991e+02,-1.177471654438385713e+03,-1.561453525105864628e+03,-1.155816464620945681e+03,-1.183859501552212123e+03,-8.566075490117723348e+02,-9.031247619693555180e+02,-1.047224797198982060e+03,-9.818442126630657185e+02,-1.526869045886514414e+03,-1.294516073195087301e+03,-1.394935881265255830e+03,-1.021898156410868069e+03,-1.030152903464843803e+03,-1.075960456597535540e+03,-1.164633600916322393e+03,-1.531824297474421655e+03,-1.345457832169986204e+03,-1.255885278770101650e+03,-1.253700779602933608e+03,-1.005644356458378297e+03,-1.119911852796690482e+03,-1.456417684438837568e+03,-1.311725534176555357e+03,-1.365671200348572256e+03,-1.168133435167879725e+03,-1.376850391989832133e+03,-1.333590747919364048e+03,-1.492009098055524191e+03,-1.356876983458315408e+03,-1.195290976127010254e+03,-8.597699355965111181e+02,-9.163942824244679741e+02,-1.213375353298840309e+03,-1.216671532073873550e+03,-8.337786118321164395e+02,-9.835025536097557506e+02,-6.393562083959591291e+02,-1.220524833019569996e+03,-1.255596709585031022e+03,-9.164349325043651788e+02,-9.792064506662375152e+02,-1.050404082227076287e+03,-9.936667896777253191e+02,-1.011763997921465034e+03,-1.079827581300928614e+03,-6.338434330234367735e+02,-5.141030216686766607e+02,-6.854384994256621439e+02,-5.998240284080177389e+02,-8.607988337282222346e+02,-7.098654240757996376e+02,-9.060391513588624548e+02,-8.849363117942009467e+02,-8.409731918095488936e+02,-8.666191645336205056e+02,-7.005016697167867505e+02,-4.928088082721373553e+02,-4.363912602314858873e+02,-5.066531152392942658e+02,-6.300009878963957135e+02,-7.035112591506208446e+02,-6.481460178412353343e+02,-5.797670728785363963e+02,-5.501226807838268087e+02,-9.599890386882045732e+02,-8.129678672267866659e+02,-7.563158685598086777e+02,-1.159372868450146598e+03,-7.382740093100960621e+02,-7.320112312385214182e+02,-5.935268404676311320e+02,-6.746725047421970203e+02,-6.529635267204195088e+02,-9.806908972906874169e+02,-9.435450840457745016e+02,-8.830768685170853587e+02,-8.529604400517539489e+02,-1.136338285527879634e+03,-1.291762686209669710e+03,-5.282986819014242883e+02,-6.142281681744227626e+02,-1.237495891582850390e+03,-1.113245225756061700e+03,-7.586226466838454598e+02,-8.047439593122569477e+02,-7.245468534109128314e+02,-7.185930687106996402e+02,-9.785262446515899910e+02,-1.066880507286113243e+03,-1.491823611331763459e+03,-1.327590608223749996e+03,-1.515978230986929475e+03,-1.038701967058036189e+03,-8.396396586189800928e+02,-1.088357223694025151e+03,-1.065783553903127086e+03,-1.083026614552454248e+03,-1.153071428923012263e+03,-1.071436759082409708e+03,-1.268475324165825896e+03,-1.009214317974267033e+03,-1.031657473547862992e+03,-9.790558091056443573e+02,-1.090056726434829216e+03,-9.702875780958830774e+02,-1.326078741554511453e+03,-1.031466746409433199e+03,-1.315284112914894195e+03,-1.068135673960079657e+03,-9.326624090035876407e+02,-9.610793911347693665e+02,-1.200013400048830135e+03,-1.114134464384831745e+03,-1.202683264070005862e+03,-9.755873022543153184e+02,-9.480530727378458096e+02,-1.159945853358385193e+03,-8.276345009013600702e+02,-1.108142297827149832e+03,-1.194897199527341400e+03,-1.107444713466039957e+03,-8.541554557553688483e+02,-5.586786867766577416e+02,-6.354170469912988892e+02,-6.092848280642565442e+02,-1.099962647739913791e+03,-9.995745781847035687e+02,-8.980585305835966210e+02,-1.104574317557894119e+03,-7.192444133685320367e+02,-7.094790755865248002e+02,-8.302183186910685890e+02,-1.112437064807613297e+03,-1.068609510524846883e+03,-7.534596000777860354e+02,-8.304814918648797857e+02,-8.355339872411743727e+02,-7.200784540523616215e+02,-8.273313452303739268e+02,-6.101179383707860779e+02,-5.207376183146125186e+02,-9.814395513852100521e+02,-9.130469757265982480e+02,-6.359691103532323950e+02,-7.260258195051785606e+02,-7.792041674630597754e+02,-7.134137977420302832e+02,-5.749483351568767375e+02,-6.645347338471024159e+02,-7.686316182235223096e+02,-1.021453755726551663e+03,-1.049186504327526563e+03,-8.543794180422528370e+02,-6.009406975750539459e+02,-3.013015627215611971e+02,-7.128502868187902095e+02,-5.960168034676154321e+02,-6.482187657127461762e+02,-6.767908866423285872e+02,-9.759880660107660333e+02,-4.470512700117220675e+02,-5.820858665187304268e+02,-7.732922589716795301e+02,-6.906809278728949266e+02,-1.086706971033208902e+03,-8.944951054075829688e+02,-9.213351993681834529e+02,-8.917847381905417024e+02,-1.203860090387919627e+03,-9.356292055268464765e+02,-6.500282828648616942e+02,-1.025031521388074225e+03,-9.025363951728631946e+02,-1.144104305780368122e+03,-7.890053148242790257e+02,-1.227412305119435132e+03,-9.304990406450236833e+02,-7.968299290672869120e+02,-1.117351368253240935e+03,-9.075478321525215506e+02,-7.752889943573229630e+02,-7.749933735887145758e+02,-6.105036472461376889e+02,-5.482320664743805310e+02,-4.791287029237256547e+02,-3.076042590940797368e+02,-7.044535202693723477e+02,-3.644777012532942990e+02,-7.071341411305404563e+02,-6.888150770677056016e+02,-8.637287762347767739e+02,-6.762231832735304806e+02,-5.642621604107688427e+02,-4.463710536548748564e+02,-2.106660438076710875e+02,-5.382400687455731259e+02,-6.497313264063856195e+02,-7.448639103373305943e+02,-4.741705326133029530e+02,-9.254802796973051500e+02,-6.426081615062299761e+02,-6.113937295614642835e+02,-6.299435264001101586e+02,-8.716531961313727379e+02,-7.337667733450238075e+02,-8.693260046795984408e+02,-7.611973755216067730e+02,-8.516304455950735246e+02,-7.078044382493989133e+02,-8.383007644631176163e+02,-9.098299979523275169e+02,-7.186252552446205755e+02,-6.230558530326156870e+02,-6.450649461194992682e+02,-5.759166305557482701e+02,-6.554757866236554946e+02,-7.946590582898895718e+02,-8.297218879490918653e+02,-8.525331530637758988e+02,-1.116891713102334734e+03,-5.273522572391389076e+02,-5.276012100148129775e+02,-6.649867738995412765e+02,-6.214394646603774390e+02,-7.115228728704166770e+02,-8.691758807559644993e+02,-5.976785075139334822e+02,-8.458279711103876934e+02,-7.363816367461716936e+02,-7.810140256178943901e+02,-8.393332116997506773e+02,-9.192582390455810355e+02,-8.439740681928733466e+02,-6.789765269199707518e+02,-8.588574898711658534e+02,-8.671847540028861658e+02,-9.490638602505232484e+02,-6.795603299147009011e+02,-1.184295898740563644e+03,-1.250642475482177133e+03,-6.865377842404941475e+02,-6.912623051110087999e+02,-6.895626109037322067e+02,-6.149551202377103891e+02,-7.057414532651744139e+02,-7.436150155950995213e+02,-8.206664378798739108e+02,-8.693667990624676349e+02,-7.522700085647633159e+02,-7.203159692986929485e+02,-8.437116608232636281e+02,-7.979713200126776655e+02,-1.186492697351407514e+03,-8.034898422278650969e+02,-6.887473118936843548e+02,-1.058846888979446703e+03,-7.028647965213957605e+02,-1.015913563945060559e+03,-1.120937660385885465e+03,-9.186768248951948408e+02,-7.286855435785346344e+02,-7.654190737257506498e+02,-7.448243405597692117e+02,-6.947461039215090750e+02,-5.900221526847503810e+02,-9.408952775488246516e+02,-9.423873690225274231e+02,-6.984935199851919378e+02,-6.127279424846788061e+02,-7.600141097498360523e+02,-9.151044176070131471e+02,-8.688109364100134826e+02,-6.684153331878760582e+02,-6.208364357633704458e+02,-3.872473481849087875e+02,-5.455315581675135945e+02,-5.328028924950472174e+02,-7.645171784390852281e+02,-8.066408754802225758e+02,-9.196471271763109598e+02,-8.099049497300417215e+02,-6.826096763301663941e+02,-5.413382978276241602e+02,-8.208791401662821272e+02,-7.239327195495200158e+02,-7.053872238318429027e+02,-6.880446816266262431e+02,-8.059939747326195629e+02,-6.173537324466817608e+02,-4.022726603126286022e+02,-3.716353234477170986e+02,-5.572421112492636439e+02,-3.081521719142147049e+02,-8.512702460943010010e+02,-8.430783642912949745e+02,-4.688842531469567803e+02,-5.074820804184283816e+02,-7.170017311537594651e+02,-4.437288824334826245e+02,-3.757501142134231600e+02,-6.425408004247581175e+02,-6.975444442200339381e+02,-4.213376068986135010e+02,-7.994606791340249856e+02,-7.274313395253205954e+02,-4.857958786079549327e+02,-9.532612831726524973e+02,-9.787213807874181839e+02,-5.581009493240294432e+02,-9.612165525272303057e+02,-9.343445991220289670e+02,-7.137181848950887115e+02,-1.031971000980349800e+03,-9.816477604938818331e+02,-9.406867409431307578e+02,-7.683152450649690763e+02,-1.076660790016268265e+03,-9.084039424547341923e+02,-9.219994912430398699e+02,-7.934162037172644659e+02,-1.204197146694266848e+03,-1.000491941684282665e+03,-9.669143126784849755e+02,-8.344850259386065545e+02,-7.752167391319530907e+02,-8.338615836017356742e+02,-7.589685968665863811e+02,-9.350174302150098811e+02,-8.318454876067723944e+02,-6.919686639619008020e+02,-5.542343584888283203e+02,-7.403809546483521444e+02,-1.069096206410338482e+03,-5.974733672117644119e+02,-1.108766002686696538e+03,-7.713737066566552585e+02,-6.618087062276320012e+02,-7.896853218859074559e+02,-7.546493224760804424e+02,-7.670097642882535638e+02,-8.412131778120984791e+02,-7.730502712868250228e+02,-5.937714244930477889e+02,-5.931600620799421222e+02,-7.122003650737215139e+02,-6.936088765152824180e+02,-5.764811814624627004e+02,-5.253816772438724456e+02,-9.935099753876872910e+02,-6.955714321510379250e+02,-7.481475356326873225e+02,-7.382966245731643085e+02,-5.936167826257762954e+02,-5.777109776685662155e+02,-6.643891871954822363e+02,-7.973375349387309825e+02,-6.418807707794064754e+02,-6.849264163437918569e+02,-8.094135340984794311e+02,-9.182953967102121169e+02,-7.960383123256643785e+02,-1.336054817083130274e+03,-7.216915522637865479e+02,-7.009092208740162278e+02,-7.270634200471392887e+02,-9.103429525332066987e+02,-9.586987388207303411e+02,-6.434047719303976010e+02,-9.293681306822904844e+02,-6.820271846571649803e+02,-6.862459337056262711e+02,-8.200801796280616145e+02,-6.238459777021512309e+02,-7.997214060162614260e+02,-8.815795058815632501e+02,-1.196323587356168218e+03,-9.313745230842328056e+02,-7.154252397551496188e+02,-6.750231803227844694e+02,-7.663898124388806536e+02,-9.250645766834270489e+02,-4.772356733136056164e+02,-6.491170906399501064e+02,-4.701177747515020542e+02,-4.251045010726357987e+02,-4.084185422905715654e+02,-8.737314958751188669e+02,-8.717334716174544837e+02,-9.207218919164572526e+02,-7.657905231712734349e+02,-4.225094853310280882e+02,-4.422839404380438282e+02,-7.415675421922717305e+02,-8.988659135601611752e+02,-4.802531895909994546e+02,-8.240757853244513171e+02,-4.943759446186921309e+02,-6.764615269586142858e+02,-3.638572005131968581e+02,-6.997861693659648381e+02,-6.140373581072049092e+02,-2.168001924228157122e+02,-8.124186793604430932e+02,-6.522433719098122538e+02,-3.357999678912466948e+02,-3.800762730043635429e+02,-3.391863305467550731e+02,-6.712561722676214231e+02,-3.384119860866395015e+02,-7.053804179511444090e+02,-1.004549468341698685e+03,-6.899389023164170567e+02,-8.971232032971572607e+02,-9.019319786209500762e+02,-5.204159270583307944e+02,-7.580504879077346914e+02,-1.170803828245672776e+03,-9.001640769926568737e+02,-1.122240172421033776e+03,-1.044912375189843260e+03,-9.543310089333728001e+02,-8.837492865554906984e+02,-9.078220738200197957e+02,-7.931750090958860255e+02,-7.942229084216151023e+02,-7.469120799440331666e+02,-7.115009321159168394e+02,-7.700030959438986429e+02,-8.142988392407785341e+02,-1.116371818660749341e+03,-9.407611812396144160e+02,-6.635877414818601210e+02,-8.431338806025025860e+02,-8.171804227100030857e+02,-9.300312130948896083e+02,-5.967342984013941987e+02,-6.850290180986298765e+02,-6.112282568872155935e+02,-5.847484452040666838e+02,-6.909287391331884010e+02,-7.166117146728024636e+02,-6.044849402356771861e+02,-6.505107858452626033e+02,-8.578906920303190873e+02,-4.941961332129412767e+02,-5.497211199138630491e+02,-4.951496617195630279e+02,-7.672548472867229066e+02,-5.154714421419836299e+02,-6.786754312238613238e+02,-5.131734841894812007e+02,-8.047928914957441293e+02,-6.644968199334184646e+02,-8.451523411915109136e+02,-5.431947340333443890e+02,-6.754372621792124392e+02,-3.796605219686940700e+02,-7.650618815192476632e+02,-4.563256214454212341e+02,-3.924241726823622685e+02,-6.567106318555670441e+02,-5.113448996324988229e+02,-5.170203293477261468e+02,-5.186386602630689140e+02,-5.466482615779032130e+02,-6.254028811315555458e+02,-7.400238795780724104e+02,-6.142264608502484862e+02,-6.545457882421079603e+02,-6.356746253064138727e+02,-6.292591155554687248e+02,-5.162323681296243194e+02,-5.015449741493609395e+02,-5.747741333881031096e+02,-4.355893685630982759e+02,-3.570022149656737724e+02,-5.354386616213962498e+02,-5.743171546795829272e+02,-5.283032602976097678e+02,-5.541107055416932781e+02,-4.476095209880660377e+02,-6.325601471170379000e+02,-5.118959035625989031e+02,-4.456972660706774150e+02,-8.317871268736794264e+02,-6.138048816939660810e+02,-5.183684070174483622e+02,-3.929229778731886427e+02,-3.484576062045782123e+02,-4.276520496309413488e+02,-5.417448695387104181e+02,-5.778304991793752379e+02,-4.543416473367851722e+02,-4.844084409089837209e+02,-3.285413502260566361e+02,-5.211404787822539220e+02,-1.738689190836327612e+02,-9.362979115439563316e+01,-4.157559876041602251e+02,-4.278481911875843480e+02,-3.519151245714874676e+02,-2.546113527717715215e+02,-6.577018521430278497e+02,-2.930243171405354587e+02,-5.326479984666335667e+02,-2.152228700281627880e+02,-8.271988266687958458e+01,-5.212501376648473297e+02,-2.329495280439073213e+02,-9.450755314336754509e+01,-2.089571386694445607e+02,-4.064940056296948683e+02,-3.690674243049976440e+02,1.104819761216620577e+01,-3.518565531164607023e+02,-2.415675836191683459e+02,-1.856886816355171561e+02,-5.159422982536320887e+02,-3.305707951772687920e+02,-5.820561959290192817e+02,-4.053015623139617674e+02,-1.327480798007965745e+02,-4.319431025283457757e+02,-4.497603187572693741e+02,-4.193841730445707299e+02,-7.444371013006848443e+02,-4.580439494740770670e+02,-4.905556939880499385e+02,-4.117076370524595177e+02,-5.760768144096215337e+02,-8.502699891282659337e+02,-5.916030746659832857e+02,-7.391488613207810658e+02,-5.706349326221525189e+02,-8.173317295779693268e+02,-7.732879115897726479e+02,-7.698552552346518496e+02,-7.188972701446105020e+02,-6.488059324253681552e+02,-9.742051449039261115e+02,-1.085518650759020602e+03,-7.085206354632530292e+02,-9.153997885137011963e+02,-8.958491356382694448e+02,-1.004079237813216650e+03,-1.047453452281440150e+03,-1.044657625713302195e+03,-7.153112493624685158e+02,-8.467054589794296362e+02,-5.375389426023134547e+02,-9.427014634517025797e+02,-1.036969235228398702e+03,-1.250129273604063201e+03,-7.342221401628758031e+02,-6.638584540687827484e+02,-7.084499741697693480e+02,-6.545788546516514543e+02,-5.759938951190773651e+02,-6.892266562790932767e+02,-7.305272066469785841e+02,-5.728670361095928456e+02,-6.309225811410867664e+02,-6.772396255817498059e+02,-7.423617295291053324e+02,-5.851648802812404710e+02,-5.646266454611043173e+02,-7.739271758953062772e+02,-6.258020158785494687e+02,-5.532791664649294034e+02,-7.509031975875266198e+02,-7.903468950244043754e+02,-7.221045388647205527e+02,-1.021641990455886798e+03,-6.925973694083893406e+02,-7.705724693873961542e+02,-7.465928587013416973e+02,-8.516154131550465536e+02,-8.894024766188846343e+02,-1.003548241241779579e+03,-7.108231506906546429e+02,-7.427438841869848147e+02,-9.106549196016376300e+02,-1.004061094381612861e+03,-9.432597140072552975e+02,-1.063578696151978420e+03,-1.018784825079477855e+03,-1.271781396893819647e+03,-1.158998053569430340e+03,-1.036828806068831227e+03,-8.112480013915367181e+02,-6.838709089008237925e+02,-9.309903896037694722e+02,-9.087691377170467604e+02,-1.138833153076585177e+03,-1.102181858558228214e+03,-9.875792856867014962e+02,-1.059837184712118869e+03,-1.114554782589279512e+03,-1.067740120832255798e+03,-1.101060954677860082e+03,-1.120210138548244686e+03,-1.277903905291823776e+03,-7.931214808982576869e+02,-8.090011109110553207e+02,-8.177177262469808738e+02,-8.923336700202535212e+02,-1.238782238244908513e+03,-1.019318035050369076e+03,-8.348400983620276747e+02,-1.163413479312871459e+03,-1.782160705750256284e+03,-1.309653580089668139e+03,-1.203405105408452528e+03,-1.027993198149670434e+03,-1.016673515280237098e+03,-9.911213335176927330e+02,-9.500436875038767539e+02,-6.659725249234352304e+02,-8.735317010388228027e+02,-1.049129132402762025e+03,-1.056619173784704799e+03,-8.930079323356986833e+02,-7.864411504078668713e+02,-9.135546131334433539e+02,-7.286761704795389960e+02,-6.279680278391454067e+02,-7.756547679673465154e+02,-6.588654940355927465e+02,-7.186886313299817175e+02,-7.838127372226306306e+02,-7.732979429443645358e+02,-8.034325307172450721e+02,-9.927136471856720163e+02,-8.173219208996788439e+02,-1.237346344674348074e+03,-1.012570417113237340e+03,-8.408955771333646680e+02,-9.313850042941523952e+02,-9.012186454542394358e+02,-1.064472269442414245e+03,-1.017598843487382965e+03,-1.273535863703165433e+03,-1.130497608536407142e+03,-1.102781933908065639e+03,-1.013878986309213133e+03,-1.010290171482178266e+03,-1.011662971196370449e+03,-9.646180969674809376e+02,-1.536368900535920147e+03,-1.093294298206039230e+03,-1.059680653351209685e+03,-1.019010994790469795e+03,-1.095487079281765091e+03,-1.079655587728240334e+03,-1.118580041002907819e+03,-1.001904310218621958e+03,-1.065621382690570272e+03,-1.070924548906721157e+03,-1.001412391513006924e+03,-9.334386756917605226e+02,-9.747317603377971409e+02,-1.227081628847021420e+03,-1.203595568884664544e+03,-1.038120331700581119e+03,-1.069273935886520803e+03,-1.072646695212744817e+03,-1.088096047447887031e+03,-1.101085124467680089e+03,-9.710012710586688627e+02,-9.394148242289686550e+02,-8.331146756787345566e+02,-8.243473551814929579e+02,-8.294399995175390359e+02,-8.543864214196823923e+02,-8.920254096006350437e+02,-1.265936312634802789e+03,-1.090540664179643500e+03,-1.202179585380030858e+03,-1.088383645775933246e+03,-1.154710098949136636e+03,-7.639652665967698795e+02,-7.299402610299446224e+02,-6.953775623179770946e+02,-7.563078586510002879e+02,-7.867632043442386021e+02,-6.601505841956145559e+02,-9.014403260998710721e+02,-9.438051786633481015e+02,-1.043566218412171111e+03,-9.497808182378585116e+02,-9.475602691487988523e+02,-1.212269930007713356e+03,-1.323545577102179323e+03,-1.090356186386064792e+03,-9.926859537120108143e+02,-6.990613263941085052e+02,-1.066592128929221872e+03,-9.211803705478433812e+02,-9.477370602162307023e+02,-1.240141500442814049e+03,-1.286325393148661988e+03,-1.268123714041577614e+03,-1.226003016408197027e+03,-8.446114745449013981e+02,-1.068703285690959092e+03,-1.229471894742307995e+03,-1.069237180015323702e+03,-1.117246233189562645e+03,-7.403640832900209716e+02,-8.726028750504784739e+02,-9.825799620127229446e+02,-9.788020723703791646e+02,-1.139426906456885717e+03,-9.924598118210185476e+02,-8.315733546150279381e+02,-6.110583663043177012e+02,-9.124081351996630929e+02,-9.715958903932846624e+02,-1.378540711514809118e+03,-1.665664608022506172e+03,-1.675405379808335283e+03,-1.186005329264950433e+03,-1.058044233316744794e+03,-1.417860099310355963e+03,-1.362805377316102749e+03,-1.366896289010760029e+03,-1.257151675316410092e+03,-1.340966584058946637e+03,-1.243199306958596935e+03,-1.439431316942646163e+03,-1.308744423751743852e+03,-1.315766569304184031e+03,-1.369198914460862397e+03,-1.399324903174892370e+03,-1.270117833568592687e+03,-1.365229997356661443e+03,-1.425406602912582457e+03,-1.413931137422950542e+03,-1.744206057843829512e+03,-1.896164350611967620e+03,-1.744948703944030285e+03,-2.403600388702730015e+03,-2.431815620124523775e+03,-1.730319619840870473e+03,-2.026451157535879474e+03,-2.101114476532345179e+03,-2.103138744393644629e+03,-2.123839801125262056e+03,-1.960147946809820041e+03,-1.951526176992457749e+03,-2.069352806198072358e+03,-1.916349478417695536e+03,-1.909765413645868648e+03,-2.428267482255967479e+03,-1.906668150476382834e+03,-1.593222033972076133e+03,-1.951446264698258346e+03,-2.009809894780959667e+03,-1.596074103221617406e+03,-1.488224496918015575e+03,-2.201413721072995941e+03,-1.804941920659732887e+03,-2.180019829214536912e+03,-2.000587930978159420e+03,-2.273483648524436830e+03,-2.006484823280933824e+03,-1.822926930661621554e+03,-1.793040478718758550e+03,-2.007128936836831599e+03,-1.595447148831809955e+03,-1.556115171416281100e+03,-1.672323597887138703e+03,-1.680501614609271655e+03,-2.623761286139527328e+03,-2.679255627261684822e+03,-1.868259870964050606e+03,-1.585675672668364314e+03,-1.514243793946176538e+03,-1.799747669134275839e+03,-1.440050784320624189e+03,-1.160432829989812262e+03,-1.198842496986088690e+03,-1.414128205759936463e+03,-1.480531507933558714e+03,-1.544204168573365678e+03,-1.244647760444476262e+03,-9.691721636391696393e+02,-1.504395314012378094e+03,-1.162324991471231442e+03,-9.607916301660258114e+02,-1.110628876053884596e+03,-1.177853747010866073e+03,-8.550284870388240961e+02,-8.038664943069902620e+02,-1.178417896127242784e+03,-9.063373332948879124e+02,-9.346795400772352878e+02,-1.211056377615447673e+03,-6.893557800832380735e+02,-8.792201676672940494e+02,-8.789821470012143436e+02,-1.386818076734784654e+03,-1.262045987479825271e+03,-1.143486631810784957e+03,-1.396220325170960677e+03,-1.337027247976039462e+03,-1.196741361610621880e+03,-1.133842418624240736e+03,-1.402311384628391352e+03,-8.339603520841096724e+02,-8.624143627367313911e+02,-8.792220946391107645e+02,-9.210077024530614835e+02,-1.467040393381004606e+03,-1.417131959762966062e+03,-1.432949354905015753e+03,-9.594605433747075267e+02,-7.472616969303701353e+02,-4.751205867019349398e+02,-7.682988618795689035e+02,-8.030256001740308420e+02,-7.401369369266226386e+02,-6.208652666016981811e+02,-4.866111815719607989e+02,-6.195028851223099764e+02,-1.397011774312275747e+03,-9.818613213851861019e+02,-1.050955902678564598e+03,-1.017086787579054999e+03,-9.171476323493835707e+02,-7.997668952382240377e+02,-9.515931468682601917e+02,-1.133736866887619726e+03,-7.447767727516825289e+02,-8.243500733655821477e+02,-8.287411813866763168e+02,-1.091097975063280273e+03,-1.431370969614385785e+03,-1.457062844979861438e+03,-8.818565082024570074e+02,-1.043772987990782212e+03,-7.589798000281641635e+02,-8.359140569042917832e+02,-4.815566016300899719e+02,-6.167692693859730753e+02,-8.817485401770147746e+02,-9.573874829570015663e+02,-8.781392158359892619e+02,-8.000121898986544693e+02,-7.172745844889941509e+02,-7.993799463942488046e+02,-9.753337534891502401e+02,-8.813699915484032772e+02,-1.126055026589314821e+03,-7.347785197160858388e+02,-8.144561752464235269e+02,-8.295358644189966526e+02,-8.638595555719723507e+02,-1.211715766879516195e+03,-1.062535377010187631e+03,-1.074172941169187879e+03,-6.743070918382713899e+02,-1.394115294870456637e+03,-1.074630354254115218e+03,-1.255770689152821888e+03,-1.097079669431026787e+03,-1.001728277892504821e+03,-9.568362214835561872e+02,-1.122883717944227101e+03,-1.132676238576957530e+03,-1.472630940228640156e+03,-1.383920713786647866e+03,-1.469326970246759629e+03,-1.766529937477669137e+03,-1.509328143640728058e+03,-1.276558162695193687e+03,-1.314725523478064588e+03,-1.481284827426840366e+03,-1.487725665199221112e+03,-1.660430686251499083e+03,-1.547085816348235767e+03,-1.334385575190673535e+03,-1.498510554576672121e+03,-1.571177215420559151e+03,-1.724216681872975187e+03,-1.815372505403277046e+03,-1.690181865882904731e+03,-2.117997094941282739e+03,-2.432481519169758030e+03,-2.082928214139809825e+03,-1.822337393942545077e+03,-1.578123239284303509e+03,-1.768601848296820663e+03,-1.775507210023291464e+03,-1.617520720066140711e+03,-1.757578063593771503e+03,-1.456113978818838859e+03,-1.693109503272813754e+03,-1.419559089963521728e+03,-1.210015554307932689e+03,-1.491391913462804951e+03,-1.531198326043919224e+03,-1.094377135520127467e+03,-1.051752178557354910e+03,-1.067504281389073640e+03,-1.004373085375104893e+03,-9.728911791324555907e+02,-9.286398102269880610e+02,-1.300735427351558428e+03,-1.355428446310125537e+03,-1.029396267179046390e+03,-1.301886307609839832e+03,-1.444566373245984551e+03,-1.065109566230508108e+03,-1.030555613927796458e+03,-1.173514626022423954e+03,-7.265819565803695923e+02,-8.690179166587081454e+02,-8.883996211926812521e+02,-7.382498019755406631e+02,-8.925138399658092112e+02,-8.551698463745451591e+02,-9.909789848068303399e+02,-8.423170345173244868e+02,-7.765036245625306037e+02,-6.941082783461511099e+02,-8.387401125524032750e+02,-7.030790158623913157e+02,-6.879509058832021537e+02,-5.034843118517377434e+02,-5.809444596863380639e+02,-6.494525041726551535e+02,-1.125467235550551777e+03,-8.012174777702991832e+02,-6.299707094560378664e+02,-9.188973655130108682e+02,-8.527242187663575805e+02,-8.712194823896791149e+02,-9.193242360993226612e+02,-1.109018084578161506e+03,-8.900760624290356873e+02,-1.164607924771229136e+03,-9.497810009424464397e+02,-7.209269192492452021e+02,-8.109867051402159177e+02,-1.105650460104095828e+03,-1.146424853344467920e+03,-9.756172678739542334e+02,-1.084291453486215005e+03,-1.091062669109448507e+03,-1.196423073680839479e+03,-9.901503885867564350e+02,-1.240855386612628536e+03,-1.095119615048199648e+03,-1.191736701253775891e+03,-1.018596127455161763e+03,-1.101881657958561163e+03,-1.080312104787126145e+03,-1.051241077599025630e+03,-8.876776942328287987e+02,-9.399665446474770079e+02,-8.442762117272395699e+02,-8.312675115352910780e+02,-1.178174686502365830e+03,-1.117797040651272710e+03,-1.607156664389130128e+03,-1.701396075750342334e+03,-1.804085606373997962e+03,-1.897468158204700558e+03,-1.338381754766735639e+03,-1.067024436321714347e+03,-1.099093391575411033e+03,-1.187201423913821145e+03,-1.090483238040690594e+03,-1.107875782976488608e+03,-1.105222563109505245e+03,-1.049301855848797459e+03,-1.328828927924680556e+03,-1.190956502658717909e+03,-8.939226919639837661e+02,-1.190784741698994821e+03,-1.154915733751795642e+03,-1.075578887843999382e+03,-1.240682159718142884e+03,-1.142754216858754944e+03,-1.217638045038822611e+03,-1.250660791733565475e+03,-1.261220402662826473e+03,-1.459733456843308431e+03,-1.371021778549561759e+03,-1.311752217137083790e+03,-1.440760810806802965e+03,-1.464623785104128274e+03,-1.075502875292226463e+03,-1.045637709044647863e+03,-9.558489727565524845e+02,-1.348442496367822969e+03,-9.918926783735986419e+02,-1.513579546271446816e+03,-1.317645600533620836e+03,-1.254356564006379813e+03,-1.004513765714155852e+03,-1.222947393114994611e+03,-1.138489116212620047e+03,-1.238384030362299200e+03,-1.274885713404903754e+03,-9.300871110718736645e+02,-1.052642384146895438e+03,-1.103052243969350457e+03,-1.094502897091150317e+03,-9.006115440331626587e+02,-8.430867123154451974e+02,-7.706050568317767784e+02,-9.106684241921449257e+02,-8.457620061612767586e+02,-6.004336842062638198e+02,-8.920552246547374580e+02,-1.024840360713576956e+03,-1.020911914595292046e+03,-8.766805572769881110e+02,-8.989532409302139513e+02,-1.177723745506585146e+03,-1.146334590351202905e+03,-8.506324294704377280e+02,-1.400932171695119905e+03,-1.538743602299341319e+03,-1.113506548840604410e+03,-4.922177388366959008e+02,-2.814869245664124264e+02,-2.605738208545151906e+02,-9.219104018304014971e+02,-8.815454160026679347e+02,-9.593423666852609131e+02,-1.126515286108327473e+03,-6.886925058856731994e+02,-1.049466453709399957e+03,-7.242176170146196910e+02,-6.249448012625529145e+02,-4.621230006166208000e+02,-7.730969579567788514e+02,-3.695026245114307812e+02,-3.880389686984748323e+02,-6.074571204675396530e+02,-6.704688962380089379e+02,-9.100426336616728804e+02,-7.627989053255284944e+02,-9.166781434920490028e+02,-1.025085450555207899e+03,-8.944587567304602089e+02,-1.099468576838205763e+03,-1.090632552967283345e+03,-1.105964724998139445e+03,-8.094041519553816215e+02,-1.105457418272061659e+03,-1.139404597771858334e+03,-8.929913829456850181e+02,-1.014811878715947159e+03,-1.318307029447201103e+03,-1.532488618320006026e+03,-1.439408267226894395e+03,-1.072811925847605380e+03,-1.005067478817072470e+03,-9.608996659781180369e+02,-9.649542847890443227e+02,-1.143085241051481489e+03,-9.452916734693112630e+02,-8.335505171656570838e+02,-9.514810893697024312e+02,-8.589720678301068801e+02,-5.524227884119430882e+02,-8.126071837618998188e+02,-1.390444418047023646e+03,-1.463065379776026930e+03,-5.822718316634534403e+02,-7.951161227666673312e+02,-7.386919595095071145e+02,-3.801373126915706848e+02,-4.743417341488287207e+02,-5.402947270157961839e+02,-4.911042572552731826e+02,-4.206289270212595284e+02,-6.059622273320435397e+02,-5.464694685950613575e+02,-4.758624325975624743e+02,-5.712041461509725195e+02,-8.496946977794265194e+02,-7.512593070043578791e+02,-7.110632457906690433e+02,-6.132748533609476453e+02,-4.445823187490759096e+02,-6.137680911598255307e+02,-5.960191658009805451e+02,-5.212172857514823363e+02,-5.655105543447097034e+02,-8.025474107475799883e+02,-4.094321428891005326e+02,-3.579204172842468097e+02,-6.467321044818429527e+02,-3.499437204635531771e+02,-7.091751247205877462e+02,-4.579110356104570769e+02,-3.633201956451703154e+02,-4.735604148396180335e+02,-7.550764044534276991e+02,-4.219295016684105804e+02,-6.052710059936628113e+02,-8.544717608220321381e+02,-8.355396570587575980e+02,-7.587679172087590587e+02,-7.635262984376780651e+02,-6.210721796701545827e+02,-5.631743963414323844e+02,-5.763388791477794939e+02,-9.733860685531459467e+02,-1.030127867362405141e+03,-7.220814365310086487e+02,-6.802407186603072660e+02,-6.302697765060540860e+02,-5.225391902853976944e+02,-5.553610172603883939e+02,-5.209675656247529787e+02,-5.667251106256210278e+02,-5.767913845668654176e+02,-6.943556401681985335e+02,-5.567592503024624193e+02,-9.647917730143062727e+02,-7.318885145611617418e+02,-1.148298070822901991e+03,-6.002761024595158688e+02,-6.442829798641985235e+02,-8.250009261523439363e+02,-9.479173266600347461e+02,-7.908750719217850929e+02,-6.637894203720877613e+02,-7.276722560526845882e+02,-7.494265150730445839e+02,-7.192534446629431386e+02,-6.056685179174346558e+02,-6.635083059002782875e+02,-4.488758303615397836e+02,-6.879563368892127073e+02,-1.215965874092816648e+03,-6.163473723907490012e+02,-4.281143643556974894e+02,-7.726641297322163382e+02,-7.173597562932935716e+02,-7.207238262782184393e+02,-8.928973625064369344e+02,-6.900451408607643771e+02,-8.131440685707505054e+02,-6.737618528469445209e+02,-6.696133993060713010e+02,-7.608746444749674538e+02,-7.561650266157707847e+02,-1.054949821821369142e+03,-8.602409014796558040e+02,-1.001276236775646680e+03,-8.327086014058065757e+02,-8.782334048968551770e+02,-9.044336355120514099e+02,-8.272613883740370966e+02,-1.066790337354724670e+03,-9.063842925900053160e+02,-6.997339730767963601e+02,-6.686320438552913856e+02,-7.546114188394255962e+02,-8.894472425834624119e+02,-9.372223378584671991e+02,-1.026936269968499801e+03,-1.176653067672489442e+03,-8.460200202273473451e+02,-9.282876335360607527e+02,-8.991346660216850069e+02,-7.111766130928289158e+02,-9.326790548330072852e+02,-9.258462914984704639e+02,-6.830211317436710488e+02,-6.577192313586641603e+02,-4.498641108095933987e+02,-9.836408739083581168e+02,-9.554445091724041959e+02,-8.779815510918392647e+02,-9.970824136384026133e+02,-8.428920362772942099e+02,-8.400872975051305502e+02,-8.695315709696184285e+02,-7.375306533012985710e+02,-7.331420168098348995e+02,-8.619233221353931640e+02,-9.552449848276451121e+02,-5.841212470985755090e+02,-6.975426778357632429e+02,-7.578038435064877376e+02,-6.108630069667069620e+02,-6.645025213191742068e+02,-1.165027391877011269e+03,-1.135165349981266445e+03,-9.240034440979418378e+02,-7.206888044440893282e+02,-8.746995455439417810e+02,-6.028198812844118493e+02,-6.847931669700271868e+02,-8.439283902944571309e+02,-6.001076815195033305e+02,-8.578696498183084032e+02,-8.435949459442166471e+02,-8.533517580595271284e+02,-8.792338260979923916e+02,-7.404787553331577783e+02,-7.639866074370199840e+02,-8.036346416713945473e+02,-7.264142897761814766e+02,-8.806174195028060012e+02,-8.210918542530253035e+02,-4.849205957689333104e+02,-6.298071107454260300e+02,-7.698010188931536959e+02,-4.687238097212141383e+02,-5.937355209853185443e+02,-6.284074246827601655e+02,-5.611333971721328453e+02,-5.932746974908654920e+02,-9.189331128682391636e+02,-7.968980468579898115e+02,-7.347050106048382077e+02,-5.201542772698360295e+02,-6.975973635173633056e+02,-9.772318361183952220e+02,-5.891326384766488218e+02,-5.616749068067049393e+02,-3.972022037338671225e+02,-7.690746258265216966e+02,-8.394294093759511952e+02,-9.735658053825574143e+02,-8.245564594747463616e+02,-9.762346979757545569e+02,-1.162949963780134112e+03,-5.051698022132438837e+02,-5.391942058293875562e+02,-6.879141655092378187e+02,-9.260586885685472680e+02,-8.007921863944309280e+02,-8.104101321090854526e+02,-5.609218149639975763e+02,-7.423260680252689099e+02,-6.936379586430174413e+02,-7.496220673121624714e+02,-6.446884226568492977e+02,-9.396450421547197038e+02,-1.054046150354314022e+03,-1.083317406012678248e+03,-7.118989727075489782e+02,-7.034466604474939686e+02,-7.884926814712853229e+02,-7.286587495697059467e+02,-9.362298876961683618e+02,-7.211290999423699759e+02,-8.518136543688311804e+02,-6.283796455420470011e+02,-6.753082357427356328e+02,-5.462872909458194499e+02,-7.558238044700615319e+02,-4.747467921274896980e+02,-7.611440824827487859e+02,-8.043784494740827995e+02,-5.330580566333301249e+02,-7.428547305875654274e+02,-1.151038451426393522e+03,-9.072090097789058518e+02,-7.933426223562287305e+02,-9.233792682126934324e+02,-6.664199840275560973e+02,-6.000747925892881085e+02,-6.965016709816361526e+02,-5.994408975694763058e+02,-6.759119340922572974e+02,-6.513266961417821221e+02,-1.083526078063870955e+03,-7.211906203616582616e+02,-7.135806260679856905e+02,-7.542571212203872619e+02,-8.108717749148373741e+02,-7.614065470948058874e+02,-6.447388812750308489e+02,-5.975976264704917185e+02,-9.165212767372237295e+02,-8.917331699500177820e+02,-9.074547660335517776e+02,-8.254547380684358586e+02,-4.391496186553824828e+02,-1.051419334694946428e+03,-8.987376573720848683e+02,-5.556379645729069807e+02,-6.508951452227477148e+02,-6.887515515107337478e+02,-6.701153531001593819e+02,-6.504945112907537350e+02,-9.798896235631068521e+02,-4.600431275611136925e+02,-6.005919410002233008e+02,-7.630422068936406959e+02,-5.531024402269272287e+02,-7.127853531559610474e+02,-4.750930705730411887e+02,-1.005381760570398910e+03,-6.742794676581703470e+02,-6.752766784497972594e+02,-6.816431435749907450e+02,-4.840470622189429264e+02,-7.145022184012301523e+02,-5.804920775077669077e+02,-6.800771900621959958e+02,-5.329909599373152105e+02,-6.676278452371216190e+02,-6.745619983961385060e+02,-7.542691881962404068e+02,-4.962643962528467227e+02,-5.969686784270910493e+02,-5.599832555611801581e+02,-4.761368518956965090e+02,-5.548504691383884619e+02,-4.836340396466434868e+02,-4.377026258823162266e+02,-5.134138488936713429e+02,-6.487932113841370665e+02,-6.442032824982145485e+02,-3.916879380440645377e+02,-3.802972829139653754e+02,-4.435360600123680115e+02,-7.171773317848585521e+02,-3.957119002612188297e+02,-4.025901129847729294e+02,-5.286260275273193656e+02,-2.671357441126323238e+02,-3.790270039149420427e+02,-2.360564760134863604e+02,2.354287319170242654e+01,-1.059637931486656299e+02,-3.164134062566905641e+02,-4.116235721889345314e+02,-4.232544563244234723e+02,-4.512550300349350891e+02,-2.903992746085170324e+02,-3.716126866987991662e+02,-2.330317174324080156e+02,-7.721119067888832888e+02,-4.377988024353957144e+02,-3.946290858383732711e+02,-3.811662424856058919e+02,-2.880981018479895397e+02,-5.585172717789838543e+02,-2.939957490620943190e+02,-3.207420219164852142e+02,-3.295833451305655899e+02,-5.521591164190011796e+02,-6.056232530447807676e+02,-6.955582755874661416e+02,-4.193138258497838251e+02,-2.746031111658356849e+02,-5.035032579833989530e+02,-6.309063118269892811e+02,-4.620428973592407829e+02,-4.859007728284924497e+02,-3.307060901240308795e+02,-4.690214629935433663e+02,-3.409660811530948195e+02,-2.672817581657604933e+02,-1.160964906547026914e+02,-2.991173070234270881e+02,-3.740781458948130194e+02,-1.641334825557468093e+02,-1.296279267589171980e+02,-1.566611351154515432e+02,-3.831152001103516795e+02,-1.908256062041343171e+02,-4.532082897034928237e+01,-2.201354957665441816e+02,-4.888446442798215230e+02,-2.099591725765643559e+02,-6.202588046102198405e+01,-1.081846871635569300e+02,-2.482949379113151167e+02,-1.467108032773730315e+02,-1.784487124493988404e+02,-5.058673627271528517e+01,-2.964474078718664884e+01,-5.667333059086454341e+02,-6.026119555283487728e+01,-3.028584360437081955e+02,-3.511739648911604377e+02,-3.351084044397639445e+02,-3.560856771266973055e+02,-2.710757477468307570e+02,-4.116329267416050470e+02,-3.331945636012695786e+02,-3.382266546553564126e+02,-2.920242159465828422e+02,-6.264140138352175882e+02,-5.153828284009892968e+02,-2.766381460239958869e+02,-5.186773400675139101e+02,-6.827318364734740044e+02,-5.722013852341501661e+02,-6.826993748302612630e+02,-6.996909159832462137e+02,-4.994773260761057827e+02,-5.208286330928566485e+02,-8.825011951396772929e+02,-8.442327492485103448e+02,-8.987169329187199764e+02,-9.268482743907927670e+02,-9.012125255174516951e+02,-7.671979390849102174e+02,-1.089938809207571012e+03,-1.126735474148242702e+03,-8.516467659084357820e+02,-9.139053169867004272e+02,-7.882108247470893048e+02,-9.716024870542573808e+02,-9.521162468712934697e+02,-8.389567206164884965e+02,-7.998592535185259749e+02,-7.644974555077459399e+02,-6.012830065304567597e+02,-5.886839247857067221e+02,-7.175064857083817742e+02,-5.961587235987650502e+02,-8.966730095160925202e+02,-7.719748052276490853e+02,-5.797121373636020962e+02,-6.698793358983200505e+02,-4.425822739251414077e+02,-6.447717817577661208e+02,-3.979103284791365240e+02,-7.963099907025341508e+02,-5.741566743101730026e+02,-7.126448664630834173e+02,-5.887856971523945049e+02,-6.152579209460027414e+02,-6.659934473523599081e+02,-5.566599395400103276e+02,-7.457806266091588441e+02,-6.111448269043343089e+02,-6.302853371370254081e+02,-5.606570680797381101e+02,-6.313586069357247652e+02,-5.954476297508499556e+02,-8.290300088696272951e+02,-8.649682338269474258e+02,-8.372571892593825851e+02,-8.075093123092499354e+02,-1.155453305119910056e+03,-8.983668625496718505e+02,-6.322112151628630272e+02,-9.590249887557944248e+02,-9.505289146320169493e+02,-8.377971916995171568e+02,-1.032224064438919868e+03,-1.145922780882224743e+03,-1.186605743316861208e+03,-1.291147794585789143e+03,-1.211246818363116972e+03,-1.156223872277931832e+03,-1.132519297541609376e+03,-1.215143300240187727e+03,-9.990755109515597496e+02,-9.834677626238728863e+02,-8.797850719930228252e+02,-1.278929964496153843e+03,-1.173649540861396872e+03,-1.173588551171769723e+03,-1.240086631031043453e+03,-1.406759302331428898e+03,-1.465765020969695797e+03,-1.351649372447784344e+03,-1.252230571956973563e+03,-1.103955679484279244e+03,-1.111912453998417732e+03,-1.174724823359848187e+03,-9.824941283525390645e+02,-1.174578009615973087e+03,-1.165889854342177387e+03,-9.006878090391893465e+02,-9.735460974338479900e+02,-1.091877465787502615e+03,-1.669673265832678680e+03,-1.557290298896075456e+03,-8.666709815364885117e+02,-1.087520807000951208e+03,-7.452845526874070856e+02,-7.279913715040449915e+02,-7.560067964225821697e+02,-5.307722808010231574e+02,-6.038768690072063237e+02,-3.246333696554498829e+02,-7.717145877517668850e+02,-7.150844952820445997e+02,-4.950749617649710217e+02,-5.003703733457830367e+02,-6.419667063409156071e+02,-5.540129192083804810e+02,-4.069112527444102625e+02,-4.865862159089381294e+02,-4.746998704016129977e+02,-7.865964090900540668e+02,-3.657165128522956365e+02,-4.443912472960932973e+02,-3.833449105230038754e+02,9.470570689978990231e+01,-7.584476016101286859e+02,-4.466399513520922255e+02,-6.334928926501772821e+02,-6.959668474103294784e+02,-7.500477473691989871e+02,-4.823671044400423398e+02,-5.858091115019843755e+02,-4.222324147257054392e+02,-6.551121588914512017e+01,-7.694082826774511830e+01,-2.166072831734679482e+02,-3.135585751183759271e+02,-3.456674523734230320e+02,-1.949361999913608088e+02,-4.057466990589713305e+02,9.193166040458160637e+01,1.458127350075879463e+02,-1.865371310506766349e+02,-2.335226262371469943e+02,-1.818659672363737059e+02,-2.584624573270363044e+02,-5.006459576254693502e+02,-5.262381097397848180e+02,-2.066691473062956561e+02,-3.626076977676626711e+02,-3.738301186810298304e+01,3.615419583762696902e+02,-4.245657352388497543e+02,-9.337398475003845988e+01,-4.394502669212511137e+01,-3.221389430733265726e+02,-7.797549612261701668e+01,-3.229502370490409930e+02,-5.088974842453633869e+02,-4.939446975030344902e+02,-3.807194239999374759e+02,-4.022155048635551111e+02,-4.880217351484042183e+02,-5.518151155396928971e+02,-5.188264552169551962e+02,-6.382653729534956710e+02,-6.550129217283028993e+02,-6.440704776899133321e+02,-7.902282246597251287e+02,-7.695522814912139893e+02,-6.709458260489020631e+02,-7.572878123189623238e+02,-7.043154156977391267e+02,-6.056384965846862087e+02,-8.177580196354692816e+02,-8.523552375096026026e+02,-8.518525967369660066e+02,-7.658199264171969389e+02,-1.063544739173124299e+03,-1.012214360995113225e+03,-1.015725711044266291e+03,-1.109852825493412183e+03,-1.407541903423307758e+03,-1.604899526289687856e+03,-1.610075284097202257e+03,-1.661414731078216391e+03,-1.788688537245313910e+03,-1.640674951128698012e+03,-1.715152982514131054e+03,-1.677939580809374320e+03,-1.626806108086872655e+03,-1.818320416853270217e+03,-2.020950871758381481e+03,-1.966917812286176968e+03,-2.023265786665022461e+03,-2.171034457339385881e+03,-2.043684164673963551e+03,-2.356239930837164593e+03,-2.441089333233651359e+03,-2.460480015583646036e+03,-2.350071057579894386e+03,-2.338555096283425883e+03,-2.432735420697393238e+03,-2.786231586862252698e+03,-2.610396746713397988e+03,-2.501300824146507239e+03,-2.779613956980135299e+03,-2.822385584914550691e+03,-2.945068802911891453e+03,-2.872157143312314474e+03,-3.042444594007637534e+03,-3.146698521282766706e+03,-3.082242151931904573e+03,-3.067923168853063089e+03,-3.349377464593464538e+03,-3.271583586506599659e+03,-3.433951110309396427e+03,-3.257201411480046318e+03,-3.342409886211929006e+03,-3.384420786861544912e+03,-3.519036587042485735e+03,-3.671002634609896631e+03,-3.412534455619488654e+03,-3.528279836154395525e+03,-3.567238005478524428e+03,-3.724937232407790361e+03,-3.567968093036734444e+03,-3.379830032485516313e+03,-3.348702467168999192e+03,-3.523638677416183782e+03,-3.559966846921847264e+03,-3.534832670453820356e+03,-3.594034933245576212e+03,-3.546115911035212321e+03,-3.513931728972870133e+03,-3.371188026806290964e+03,-3.563587857879047988e+03,-3.782723934087955513e+03,-3.883436806891207652e+03,-3.769552493622547445e+03,-3.705233386164957665e+03,-3.582229557455407303e+03,-3.717953043416178843e+03,-3.811480764771767554e+03,-3.956292827526984183e+03,-4.163158494257608254e+03,-4.444334769845076153e+03,-4.024583128650815524e+03,-4.334805005559845085e+03,-4.013226154240057440e+03,-4.634109480233706563e+03,-4.712457040127385881e+03,-4.655579251623601522e+03,-5.087222497741317056e+03,-5.311080656606654884e+03,-5.487375264500538833e+03,-5.483109586064470932e+03,-5.966842864663190085e+03,-6.372555681436324448e+03,-6.440450256808788254e+03,-6.885951477696464281e+03,-7.245107735885155307e+03,-7.396070937769347438e+03,-7.577336040871341538e+03,-7.559666340556761497e+03,-7.760958907223281130e+03,-7.849723150498613904e+03,-8.031925576252115206e+03,-8.038842802515793664e+03,-7.906786528577535137e+03,-7.996971314895261457e+03,-8.062797503035225418e+03,-8.050583208217637548e+03,-8.126865973596712138e+03,-8.252263034700066783e+03,-8.320939992724059266e+03,-8.191494460740026625e+03,-8.215629523271061771e+03,-8.274419770062457246e+03,-8.320783471396323876e+03,-8.391127323360480659e+03,-8.352648323660472670e+03,-8.349769967432945123e+03,-8.345781972384877008e+03,-8.563577182009241369e+03,-8.530808137219013588e+03,-8.620425080261615221e+03,-8.480874091335303092e+03,-8.559120142763040349e+03,-8.522995623901000727e+03,-8.588985694686172792e+03,-8.421043660475450451e+03,-8.525923014068210250e+03,-8.584009456028061322e+03,-8.646757334868683756e+03,-8.541256457757230237e+03,-8.612567176069431298e+03,-8.584568240233500546e+03,-8.851891455640499771e+03,-8.814414664023261139e+03,-8.592638013822011999e+03,-8.636994471706162585e+03,-8.828410801257656203e+03,-8.765727150258426263e+03,-8.652306159280695283e+03,-8.807245834124070825e+03,-8.753741646015221704e+03,-8.656629961978624124e+03,-8.741138439030022710e+03,-8.847496809916061466e+03,-8.644975551293762692e+03
-3.298720050250745771e+03,9.086495671403599772e+01,1.998009474259617946e+00,-2.185885961498408392e+02,-6.603282630768831041e+01,-3.011434812282565758e+02,3.111731301722277863e+02,4.189006822058274793e+01,1.273832628044798412e+02,-3.605816077087439453e+01,-6.847714695579844602e+01,-2.426301682920122289e+02,-2.526207768910656455e+02,-4.192474103763620406e+02,-5.717072737538442198e+02,-3.267592445150870617e+02,-3.672588981666318659e+02,-3.604797523099499017e+02,-4.136936447158592500e+02,-5.738653161050326617e+02,-3.391391689372734390e+02,-3.790833965701256147e+02,-4.035672232910416142e+02,-2.876407984482095799e+02,-5.711914891470066777e+02,-5.891073043043784310e+02,-1.109134972793136285e+03,-8.497755816879496251e+02,-8.331226234957765655e+02,-6.445895689676610800e+02,-6.542970093541605365e+02,-4.550060077348427399e+02,-5.037278984367183625e+02,-3.754072762721609706e+02,-6.481282401134430984e+02,-6.344360689559503044e+02,-6.923076540935602452e+02,-4.011803549734034959e+02,-2.511898443095679454e+02,-7.789689196527244803e+02,-7.950612730386607154e+02,-5.011501511611980959e+02,-2.762946975599292045e+02,-4.759018981309690162e+02,-6.333862000011735063e+02,-2.246768303381773535e+02,-3.627615455501060637e+02,-3.814775968031397042e+02,-1.860891701061481172e+02,-3.443913750913311560e+02,-2.383773838103590208e+02,-5.926188650861496399e+01,-2.889260527686111573e+02,-3.126204556114938669e+02,-5.764664273795690406e+02,-3.005382571413923642e+02,-4.957664626109535675e+02,-5.357505788310442085e+02,-5.457971903597044729e+02,-5.038168779266520687e+02,-5.934086887974395950e+02,-4.490453139226849544e+02,-4.672158258427409692e+02,-3.664631958717787938e+02,-4.398734478166157373e+02,-2.396879016741643795e+02,-4.391713690244927193e+02,-4.757205309323095435e+02,-3.117388898435051487e+02,-3.284132671512846855e+02,-7.062024678360660346e+01,-1.490797347891812024e+02,-2.624656341073223871e+02,-2.389217670077354967e+02,-3.043132882194744866e+02,6.431117368973536941e+01,1.400408095601432024e+02,-2.608431801908873240e+02,-3.990014182925142450e+02,-5.862424209252210403e+02,-3.348207319626940262e+02,-6.045446644501614628e+02,-5.394759155127554777e+02,-4.170582074177862069e+02,-9.038136285903609632e+02,-3.914316457507526934e+02,-9.094036475101461292e+01,-3.024470711510767273e+02,-9.845085424428685883e+01,-4.184243164874715148e+01,-1.007033513691578719e+01,-1.535972573351589290e+02,-4.481037041173846660e+02,-5.873919102210170422e+02,-1.497496019334221273e+02,8.539839046506563136e+01,-3.346151892292924117e+02,-1.950970154327765727e+02,-8.824775957068686694e+01,2.492099576901114233e+01,-2.089690782935028892e+02,-8.576367424300218545e+01,-2.053469151958182124e+02,-3.049224482759868806e+02,2.148394975816494252e+02,-4.318516957596045813e+00,-1.730467395970981670e+01,1.204726094496243718e+02,-3.218739076056331783e+02,-8.603499669240551384e+01,-1.470732455079445344e+02,-2.732396070991165971e+01,3.332155876238141445e+01,9.824338448573513460e+01,-4.340438923822600827e+02,-5.007314011762647965e+02,-3.071957685710599435e+02,-4.387087726572335669e+02,-3.449022143333070858e+02,-2.077274847617439946e+02,-2.308014683510374709e+02,-3.991474865488704040e+02,-5.428734636997866119e+02,-3.950729335221521410e+02,-3.093138145686345410e+02,-4.350045595743837339e+02,-2.903390629659700153e+02,-4.381957842858633967e+02,-4.295166129241865747e+02,-2.118668653685451204e+02,-4.193234405528701245e+02,-1.510930815743930111e+02,1.390847000311602528e+02,-4.812113406920357193e+02,-2.937928263288187622e+02,-7.066453977625750440e+02,-5.572698437656134729e+02,-8.149335179886876404e+02,-4.711734394226906488e+02,-2.624873033848032833e+02,1.070242414198582992e+01,-4.242626678044607615e+02,-5.909802439775592120e+02,-8.074973271985998053e+02,-6.802325109568831749e+02,-5.701393082426216097e+02,-5.562400018173393619e+02,-4.602607996025967623e+02,-6.235793406633752056e+02,-6.017586315258287186e+02,-6.876830122436656438e+02,-7.285409042864851017e+02,-5.170506443123921372e+02,-6.442557420125609724e+02,-4.192739667143956694e+02,-4.763361881931938910e+02,-3.482100663671616303e+02,-2.777180136921662097e+02,-4.484339912635401788e+02,-3.643775750379822966e+02,-5.543769559457695095e+02,-6.382909137006475930e+02,-1.175724101328440611e+03,-1.610503675059842180e+03,-6.367449765292996062e+02,-6.134389186482302421e+02,-5.047151035919155220e+02,-3.346574113186200634e+02,-5.376726082286206747e+02,-4.895091296678214690e+02,-5.110543624821800108e+02,-3.142522127296027747e+02,-4.143136016512953574e+02,-3.691274943137351556e+02,-3.768269558340624599e+02,-1.495713785360533734e+02,-3.779588392051233541e+02,-3.247462809381389661e+02,-1.961241780306406781e+02,-2.013493643563689375e+02,-5.620983394023775190e+02,-5.059076502067243837e+02,-4.612861631130199385e+02,-5.722162356301943191e+02,-4.839763360812721658e+02,-7.596453478754158368e+02,-7.920023214550479906e+02,-8.250485895922669215e+02,-7.256754640961222549e+02,-5.594738102764309815e+02,-9.012406262337558474e+02,-8.911843477962446514e+02,-9.813880736844710100e+02,-1.096389184452404379e+03,-1.102739654981688773e+03,-1.174374697481365274e+03,-1.405770749267096562e+03,-1.359579119173507934e+03,-1.185293463749915418e+03,-1.625274045732246577e+03,-1.360581589317570661e+03,-1.496753536435773640e+03,-1.198640957653961323e+03,-1.223115755699031524e+03,-1.396901493049292412e+03,-1.406741622562387192e+03,-1.324717187852827919e+03,-1.180807292994424870e+03,-1.209802718632941833e+03,-1.352111931448293490e+03,-1.395444828361990403e+03,-1.035623765489730431e+03,-1.432184848910354731e+03,-1.191897220291851227e+03,-1.052765631104709655e+03,-1.227484784042540241e+03,-9.471084905991660889e+02,-9.770487934814480013e+02,-1.058898088127079063e+03,-1.032321524552314941e+03,-9.347541578847669825e+02,-9.229044731680114637e+02,-7.616259088769037362e+02,-8.910184588831903056e+02,-7.754465867029945230e+02,-8.310816742926214147e+02,-7.566258151054330483e+02,-7.989193261552164813e+02,-7.453661437089134552e+02,-9.262058606652674371e+02,-6.483275714684716604e+02,-4.936920984519091462e+02,-4.267219497392006247e+02,-7.974332013319087764e+02,-6.672925828037161864e+02,-9.324301545965255400e+02,-9.344764073320294528e+02,-9.528473187241648930e+02,-7.480828706285673206e+02,-6.937464187894740917e+02,-6.425514636220674447e+02,-7.817619722516629963e+02,-7.689733559245951255e+02,-7.770798644282341456e+02,-8.489339074831445942e+02,-8.254433478655173531e+02,-8.437511121181662475e+02,-6.727565192323747851e+02,-6.712376397357852511e+02,-1.015759484793124898e+03,-9.477977293978551643e+02,-1.202461972931760556e+03,-6.399514116479596169e+02,-6.164364065448706924e+02,-6.976778697923421078e+02,-8.553486778255128229e+02,-7.540857680527318507e+02,-5.434971483986596468e+02,-6.844633045260565041e+02,-6.973920016134749176e+02,-7.483088147670830494e+02,-8.765987944681210138e+02,-9.076124264914367359e+02,-8.742377155092869998e+02,-9.271995864555869957e+02,-8.201475382099815761e+02,-8.055540736733598806e+02,-5.782648558587022762e+02,-8.767637198696490941e+02,-1.250540110260084248e+03,-1.438388036000508237e+03,-1.247397925567151333e+03,-7.449075820367348797e+02,-1.196807678464081846e+03,-9.171107672874111358e+02,-1.078817203318979182e+03,-1.143610677187782812e+03,-1.049311512067018157e+03,-1.243633994794649198e+03,-1.001879178802622846e+03,-9.560457865193461657e+02,-8.574505606224639678e+02,-9.139557184025588867e+02,-9.259877911185724315e+02,-8.747983986326170225e+02,-7.220548162906037533e+02,-9.020352583880951443e+02,-9.741399033170222310e+02,-9.633438346106427161e+02,-1.274476588222917144e+03,-1.204471036253072953e+03,-1.364658813275414104e+03,-1.162497211380684121e+03,-1.128185711197898627e+03,-9.272703373093902428e+02,-8.441354393729299090e+02,-1.144170444347640796e+03,-8.928083051111223085e+02,-6.918748758567586492e+02,-8.973734335630153964e+02,-1.187353241374295067e+03,-1.194350527902469821e+03,-1.019495255588243708e+03,-8.942456143273827820e+02,-8.428225026328943841e+02,-1.160319574293642745e+03,-8.548958712850178472e+02,-9.079204548468840130e+02,-6.671467146099012098e+02,-8.568973422547477412e+02,-9.999174707600739112e+02,-9.173178182151983719e+02,-8.094641132944697119e+02,-5.663008139463652242e+02,-8.554395227588354373e+02,-5.026673523695446306e+02,-9.058305605553166515e+02,-9.020774775156529586e+02,-9.630399783847931303e+02,-5.610313732961993765e+02,-7.205642097417361356e+02,-5.389730595523579950e+02,-1.038275610144528400e+02,-8.022431941520642340e+01,-6.498772637814913651e+02,-9.544165024080119792e+02,-1.050262112580238636e+03,-8.320128399487042543e+02,-6.542537393978542468e+02,-6.899302977605514116e+02,-7.910455433037736839e+02,-7.307315792089078741e+02,-8.664983600987198997e+02,-5.764864482948952400e+02,-8.977505230085591847e+02,-4.051689374272372106e+02,-7.984098505436327287e+02,-6.329814096429895471e+02,-8.370911207311426097e+02,-6.935601658745300711e+02,-7.170965772300202161e+02,-4.799585839089338606e+02,-4.392848790632705231e+02,-4.768668325012693572e+02,-4.202879045300665553e+02,-5.712010062742065202e+02,-2.964102185645020882e+02,-5.133713745311948742e+02,-5.279364684718609624e+02,-4.284867918512705955e+02,-5.416135933819787169e+02,-3.041585708284799239e+02,-3.362096552350463980e+02,-4.771447287877539907e+02,-4.876511707803599052e+02,-3.323999261319465859e+02,-3.466233670491483281e+02,-5.567467183209549830e+02,-5.771588451375511113e+02,-2.271523496263648667e+02,-3.367228264717961110e+02,-5.195611721883547034e+02,-4.181494635518107543e+02,-3.268456897771131935e+02,-7.224412373110066028e+02,-3.315973628918033569e+02,-4.477948224626634328e+02,-5.825728946028302744e+02,-4.129235412194897208e+02,-4.618426455084119198e+02,-6.140618224561220586e+02,-6.641305833862274994e+02,-7.960098512800229855e+02,-9.430442892342758796e+02,-6.127445843892688799e+02,-5.820656480408251809e+02,-7.658066328894703929e+02,-1.065320872244879865e+03,-8.552651714743966522e+02,-7.064013071970330202e+02,-6.474714966346780329e+02,-6.260131233324240156e+02,-8.536367774233096952e+02,-6.489613155414938319e+02,-6.420704435474955289e+02,-8.330878817324389729e+02,-7.909276446975396766e+02,-1.271099728481960028e+03,-4.251301161388697096e+02,-6.959140986886799283e+02,-2.982686486456526609e+02,-3.967119621456943150e+02,-4.751700036351468270e+02,-4.929424688255399474e+02,-4.079239134694140603e+02,-3.141671867944560290e+02,-1.532158461163475067e+02,-2.086340503394928305e+02,-6.548796002447375031e+01,-3.415777741527220996e+02,-3.850911513579341090e+02,-1.133355875090515497e+02,-3.636286361397228575e+02,-4.269761603964308279e+02,-5.059821015741888459e+02,-8.465025476117755261e+02,-6.395940528621357544e+02,-8.815742381585115481e+02,-6.608852762127547749e+02,-8.256698769221127350e+02,-5.447395487952975373e+02,-7.956833148788357448e+02,-7.955692642811820861e+02,-9.737807202153996968e+02,-1.141680270480381296e+03,-8.777446310756129151e+02,-9.389349106203684414e+02,-7.807754722798825924e+02,-1.035199250891445217e+03,-1.508674678226804417e+03,-1.190089083400336449e+03,-1.616407522263859391e+03,-9.094353049775750151e+02,-1.415225970630145184e+03,-9.726472210695383183e+02,-1.266670729721861562e+03,-1.069971927422137696e+03,-1.412798980495322894e+03,-2.168568668484192585e+03,-8.627222441350336339e+02,-1.184454890591321828e+03,-9.672423550520092022e+02,-1.198923659758647773e+03,-1.097621454356351023e+03,-1.198188225393053472e+03,-1.453045514587915477e+03,-1.358219018806795702e+03,-1.394275346304666073e+03,-1.228561040928306284e+03,-1.134730273490922173e+03,-1.317120541616276114e+03,-9.552390564106558486e+02,-9.241407420589165440e+02,-1.127337094202917342e+03,-1.096136308788521092e+03,-1.030298189575900551e+03,-9.156237233426481907e+02,-1.102910901245968262e+03,-1.126940157682947756e+03,-1.030344920868126337e+03,-9.544678298272710890e+02,-8.886197383947371691e+02,-7.720080404600302018e+02,-7.862213088356837716e+02,-7.245629778565006518e+02,-6.613350385693746603e+02,-7.090775538208114313e+02,-8.109509198958782008e+02,-5.090400084065694273e+02,-4.668210652141621608e+02,-5.768989512916627973e+02,-9.221051387900176906e+02,-6.614959272315400085e+02,-7.059266091034118062e+02,-7.447833358798776544e+02,-6.005094319974217569e+02,-7.347136488196202890e+02,-4.894850993730002529e+02,-6.068926953325549221e+02,-5.110207415352617772e+02,-4.817923680723101256e+02,-7.148209325362840900e+02,-6.136976569784726507e+02,-6.702907549883823322e+02,-6.399725629997374199e+02,-6.054730486147419697e+02,-4.202481676064012390e+02,-6.276990077108507649e+02,-8.016959138286902089e+02,-7.957368951656198988e+02,-7.951705488861406366e+02,-6.094794585773314566e+02,-5.749075712648823355e+02,-4.422367802329379174e+02,-7.657481945443211089e+02,-7.113065204560831489e+02,-7.357673562866759767e+02,-7.429887681712959875e+02,-7.572456110425005136e+02,-9.901021334736180961e+02,-8.485723052187690882e+02,-1.080057897725250768e+03,-9.898504983549507870e+02,-1.172802777506321263e+03,-1.265846725229817821e+03,-1.021264507466081909e+03,-1.202609110326331347e+03,-1.269049925849138617e+03,-9.998324565732109477e+02,-8.812425202074009576e+02,-9.146992208961821689e+02,-6.882721651378997194e+02,-7.403079751309185212e+02,-7.500567202474713895e+02,-9.821505274062860735e+02,-9.174856062826121388e+02,-1.132023267651267588e+03,-1.504243991673232813e+03,-6.492885090412572708e+02,-5.438410044587709535e+02,-5.803343456551579038e+02,-7.306252967592477034e+02,-6.141174773805414588e+02,-1.052936749355906159e+03,-1.104304937538621516e+03,-1.436516684804297711e+03,-1.443348001567700749e+03,-1.237033504453640035e+03,-1.147636216336958114e+03,-8.786640718745513823e+02,-8.420044666668111404e+02,-1.129437299010003244e+03,-1.333484170593826775e+03,-1.286080163169837306e+03,-7.662650024820580938e+02,-8.608723171725058592e+02,-8.526075460212442749e+02,-9.344413272924359717e+02,-8.352323322524157447e+02,-8.021030560951381858e+02,-8.240778481129862030e+02,-8.812388632533420605e+02,-9.496941375754263390e+02,-8.404306350794877289e+02,-9.244651105938633009e+02,-1.144811163031361502e+03,-1.094192559300656285e+03,-1.030622676767136454e+03,-8.904826720142177692e+02,-6.459800276697151276e+02,-2.993680513594067634e+02,-3.168129042919409812e+02,-5.889292568995163037e+02,-8.429448736155516144e+02,-9.781603488825053319e+02,-8.414307446002330835e+02,-7.732782578186113369e+02,-6.770701793058317435e+02,-5.124471189720583197e+02,-3.544461933224079644e+02,-4.635490495199563838e+02,-4.048760926912283367e+02,-7.259733614632880290e+02,-5.821028222766759654e+02,-5.735719320375291090e+02,-7.069748661774507354e+02,-6.756540500595991716e+02,-7.082901694549765352e+02,-4.418183000827752949e+02,-4.016673321469785378e+02,-7.924021532277569122e+02,-8.145137115966947476e+02,-7.267197991032569462e+02,-7.372694936562576231e+02,-7.774918380243573210e+02,-5.781351063038359825e+02,-4.115929616028180362e+02,-4.017128200824686814e+02,-5.365279604521334704e+02,-1.404658883941913814e+02,-2.030612373436423468e+02,-5.064750247800216698e+02,-9.793689484131716654e+02,-5.050019325203993503e+02,-2.503980851696825596e+02,-3.082047964264204438e+02,-5.330941058273418776e+02,-8.051268852251837416e+02,-3.831170110132379705e+02,-5.946511941806173809e+02,-3.277882131717623224e+02,-6.670739752933891396e+02,-6.624486945676876530e+02,-9.582678243885311531e+02,-7.253951317229684719e+02,-6.183058711761243558e+02,-3.558873961569724997e+02,-5.517872671985505804e+02,-1.061766207606508260e+03,-8.826057991318722316e+02,-6.499107228981637263e+02,-6.027822577458358637e+02,-7.531583789054402587e+02,-3.896764901751961929e+02,-6.987333430628882525e+02,-9.733240445814764144e+02,-7.283518892841145771e+02,-7.229937015045150019e+02,-7.466787662395900043e+02,-9.370372386308314390e+02,-7.522439786853637997e+02,-6.176890263880350176e+02,-8.984571552012195070e+02,-9.375047027393380858e+02,-1.305755096285890659e+03,-6.560130192702313252e+02,-8.002349659567832987e+02,-6.451240754806478890e+02,-5.116528419643044572e+02,-3.465158422336928652e+02,-3.679965445676421041e+02,-5.379372129831942857e+02,-5.436457287859849430e+02,-5.334027747557167913e+02,-5.444951556935243389e+02,-7.359571756392278985e+02,-4.246561230623221377e+02,-4.765231055523688042e+02,-5.130060546554980192e+02,-4.115445983835326729e+02,-2.960693321188162486e+02,-5.645667478493089675e+02,-6.792138047038082505e+02,-6.776838811329798773e+02,-8.440395009109506645e+02,-4.041798168139636118e+02,-6.514832080703484962e+02,-7.940166961258872789e+02,-7.005736267301311955e+02,-6.241516054021748232e+02,-7.691625940965955124e+02,-6.631205583650659037e+02,-8.435398379230559840e+02,-5.992149143419893562e+02,-6.885190852816969027e+02,-7.058957573231964489e+02,-5.585125151419720169e+02,-7.108370765890824714e+02,-6.471697131164966095e+02,-7.028281334564128429e+02,-7.539243586916359163e+02,-7.225700177089079261e+02,-6.193543424681317902e+02,-9.161308088447110549e+02,-6.929797199359263686e+02,-5.161267656726508903e+02,-7.420277059638173114e+02,-8.761440876071105777e+02,-5.733967679201354031e+02,-6.595281964178611815e+02,-6.578261211919912057e+02,-6.669907482301626942e+02,-7.146673376503579220e+02,-7.483633157321648923e+02,-4.621271957464831530e+02,-3.527009987511614781e+02,-2.646702684568465429e+02,-4.447532809605056627e+02,-2.760656916642909096e+02,-1.883048828532527068e+02,-2.393075411797872221e+01,4.110844937848065683e+01,1.382384846369046727e+01,9.120527683944800401e+01,9.980348905160076356e+01,-1.368328163614212940e+02,-4.640037790322952560e+02,-3.767515823314527665e+02,-2.074726956358962013e+02,-1.193862638875475000e+02,1.661305292461863132e+02,-1.732438551903931341e+02,6.626663273728746617e+01,-3.759116791227421572e+01,-1.558419798062215023e+02,-1.736505756801084885e+02,-2.098586168127321514e+02,-2.881534518268500733e+01,-4.235687691557470771e+02,-7.786022229550354723e+01,1.804246312810066115e+02,2.417173746963090935e+02,1.129529818217425259e+02,-2.067764415934144040e+02,1.854245339841740474e+02,-1.465618355898416780e+02,1.579681207689484381e+02,-6.860852868915054614e+01,-7.188089593255483578e+01,-3.367884179253487105e+02,-3.274430320926356899e+02,-5.828222366780903485e+01,-1.886777851493877165e+02,-2.423180587487563002e+02,-2.976988149332185003e+02,-1.244146955847177765e+02,1.808440717688051791e+01,-8.185165755749954997e+01,-4.612684697080470642e+01,-4.560297829042954731e+01,3.940602636313661833e+01,-1.150423722914093787e+02,-5.706815340638206635e+01,-7.506045596523938457e+01,-1.084228241491300082e+02,9.029123587663073636e+01,2.441136551769730545e+02,2.784215678698323018e+02,1.478991584099591705e+01,4.763592798509704380e+02,4.225851728073319009e+02,7.383267031118151635e+01,9.877786500804023717e+01,3.190491991312393907e+02,3.007696150898692622e+02,3.096423849067112997e+02,3.722959741624950425e+02,1.603688037446474652e+02,1.633130539961382794e+02,-1.367176953221754445e+02,-9.350967987825157479e+00,7.969446255879626051e+01,2.765856098556761822e+01,-1.353378325071838617e+01,8.281694958519005922e+01,1.293295967369218147e+02,-1.289996352998023781e+02,7.805164662917380269e+01,-1.360063828734277536e+02,-1.636176311650747834e+02,-1.401979308198474428e+01,-1.804991329684979462e+02,-1.964404567003787463e+02,-1.957316742342486009e+02,-2.100184188664471208e+02,-1.660027294780344960e+02,-2.006357212392133249e+02,-2.230371107609994397e+02,-3.308576730876569059e+02,-7.932430240186907895e+02,-1.637181399549665457e+02,-1.184634094224813907e+02,-1.436756978148771395e+02,-4.726780678603904562e+02,-3.428608509324163265e+02,-3.055220922489897930e+02,-2.530449696827024866e+02,-3.881363688293419045e+02,-2.827439139131195702e+02,-4.347543225351197407e+02,-3.119971007646232692e+02,-1.657294667481470185e+02,-1.958330566904987791e+02,-2.917715333887909992e+02,-1.873608139969457511e+02,-1.750364446913496579e+02,-2.939748488946509042e+02,-2.525599044582990587e+02,6.358192783505600687e+01,-1.953641156429629575e+02,-6.012529838360139820e+02,-1.847006372174528792e+02,-1.451251790399100798e+02,-9.655757668528514159e+01,-1.569318296694578407e+02,-1.562904027600926042e+02,-2.118388078865632167e+02,-4.554591058975094029e+02,1.452045313718514308e+00,-2.302601014587582142e+02,-3.948395621081566560e+02,-2.923864673754244450e+02,-1.485360026452597140e+02,-1.560732486837564466e+02,1.556433636084665295e+01,-8.968669112431541635e+01,-2.829333712433338519e+02,-1.350080188370550047e+02,-3.032042934772061926e+02,-3.905326275463045249e+02,-5.877168910935668009e+02,-1.688922616628095739e+02,9.341781414154098684e+01,3.074690371985039405e+01,-9.544508182793305195e+01,-1.808964264116382026e+02,-2.594308677649126480e+02,-5.593416569751673251e+02,-3.926249574944288270e+02,-1.711715038697727209e+02,-5.899445351753518025e+02,-3.189574188585593220e+02,-5.172955770685925927e+02,-9.723829904701418627e+02,-9.817152572279551350e+02,-4.012074021457897857e+02,-3.524335526205229598e+02,-3.779674893189199452e+02,-4.479963445360857577e+02,-5.148118758040411649e+02,-3.728111716433281231e+02,-3.193594796172657198e+02,-3.410726887992332763e+02,-3.697306967973383394e+02,-4.412845805907830936e+02,-4.046817123960374261e+02,-2.372357354652645824e+02,-2.442183571357630569e+02,-3.201724073593373987e+02,-2.604952939071392848e+02,-2.424261549669059264e+02,-2.110055216982349293e+02,-1.295797942932918829e+02,-9.869851821359387145e+01,-3.619652942240636548e+02,-2.722870027957359298e+02,-2.897215347148051592e+02,-1.877051255473134006e+00,-4.848349599836882362e+01,1.798545816755012652e+02,-1.476971794218102616e+02,-5.566657797049340388e+02,-1.708485850112637650e+02,2.273710773268762182e+02,6.218692415642385640e+01,-3.529408545481112469e+02,-1.253047188227128004e+02,-1.494862676479970673e+02,-1.993278493917472929e+02,-1.021534204538327089e+02,-3.108348919941851136e+02,-1.608116344759649223e+02,-3.216390630673441251e+02,-3.802385062957085893e+01,-2.680546310676570556e+02,-3.620464938900731227e+02,-3.225524300133376983e+02,-3.855777078293034492e+02,-1.011049261262300547e+02,-3.972230219567724703e+02,-5.394616507080315841e+02,-4.521731594905760403e+02,-5.694242970636742029e+02,-5.755842176664383487e+02,-5.406724985626075295e+02,-4.147678475050531119e+02,-5.671837241575295820e+02,-5.660101611875606977e+02,-8.690993762670566412e+02,-5.855307585732697362e+02,-4.091292873684968185e+02,-4.891870079428272220e+02,-4.998825766671386646e+02,-4.716106068781743943e+02,-4.330306675704804888e+02,-5.251634899557525387e+02,-2.850486696032552345e+02,-2.957805019438750378e+02,-2.752328075111642534e+02,-3.312659356094615077e+02,-2.672326265605665867e+02,-4.613159841263362750e+02,-3.581800807980088166e+02,-2.029986023647968523e+02,-2.894460565455256642e+02,-1.583719519155101807e+02,-1.514187791759943025e+02,-6.593200616496903876e+01,-4.620720672206196582e+02,-4.876689324272724662e+02,-3.346857441791048018e+02,7.283351680255964311e+01,9.973310394086979613e+00,-4.338805234671297626e+02,-5.514363236638164381e+02,-4.154535135630638933e+02,-7.461868730127036997e+00,-8.725140861361956013e+01,-2.136012445705637504e+02,-1.472364799462766314e+02,-9.071913342541276393e+01,-6.094556979594193535e+01,-2.115474168895888738e+02,-2.395863909842174735e+02,-3.939559280130038701e+02,-4.286260956123848587e+02,-1.739211292178358974e+02,-4.791120762432524316e+02,-3.998189612506762387e+02,-6.279718242729542226e+02,-2.470382458202509497e+02,-2.020543217719859967e+02,-3.490571091240269084e+02,-2.809198895351532315e+02,-1.601725535215413743e+02,-5.482730118599288289e+02,-4.259514186321808324e+02,-3.457212106200934727e+02,-1.869016557191597485e+02,-1.856875278099587376e+02,-3.137868279034205443e+02,-5.828031701802376574e+02,-2.371317536597710500e+02,-2.920133640622489679e+02,-5.948727303764769658e+01,-3.906437828685369595e+01,8.162190964626802270e+00,-4.536691507287486047e+01,-4.235104131022530964e+02,-3.833347317335765752e+02,-5.239967889261973824e+02,-2.495538446776360502e+02,-4.940613782322599263e+02,-3.484045548098308700e+02,-1.712686200014642566e+02,-6.676647640088282287e+01,-1.703403358427784724e+02,1.099213996542687255e+02,2.038215919163299077e+02,-1.061500614215582345e+02,-1.895959712440927092e+02,-1.179909513716574452e+02,-2.845431750568867528e+02,-7.549217019555138108e+01,-3.001588961283885055e+02,-4.201271187735051171e+01,2.518411752868065321e+02,2.863267485770202825e+02,2.041660361741788847e+02,3.224174586483344456e+02,-2.737104273287030765e+01,6.036534173022317873e+01,1.748093573723646159e+02,2.934248385159070267e+02,-9.651659735600823353e+01,-1.019600886494069556e+02,-2.437585923164435826e+02,-3.289126818075803840e+02,-1.086909672747181617e+02,1.523546533475030174e+02,-4.430415360100283806e+01,-2.541645673432725516e+00,-8.978192839740793829e+01,7.704573606669009678e+01,-3.880737859522779445e+02,-2.178920661756677077e+02,-1.276357944515182226e+02,-4.388518193523671016e+02,-3.714173770202379501e+02,-3.676439480046502695e+02,-3.467007554543066590e+02,-3.522465484748893232e+02,-4.901816574128570210e+02,-5.510339738118520927e+02,-4.301745558059180325e+02,-4.788146743988393155e+02,-4.945937877860653202e+02,-7.223736911711118864e+02,-5.205159987385982276e+02,-4.092353679023175346e+02,-4.022097868598373793e+02,-4.298235310380180181e+02,-3.020305479742892203e+02,-5.002997090909559006e+02,-6.602143507746550313e+02,-8.248838954480733037e+02,-6.540333368519216037e+02,-5.175321783245748293e+02,-4.661494909600590972e+02,-4.658705389314234253e+02,-7.397534034873589235e+02,-1.035097328060687687e+03,-4.068873544376341442e+02,-4.563374958009820261e+02,-3.206332883761985499e+02,-6.190266609495180319e+02,-5.023141990142561326e+02,-5.382564778346952608e+02,-7.709843569786047510e+02,-6.104493485568258393e+02,-6.148837496553881010e+02,-5.789726103335251537e+02,-7.073003769399432485e+02,-6.685333578245691797e+02,-6.107917631244093855e+02,-7.218049865212873328e+02,-7.121084933768960354e+02,-5.928141773452548478e+02,-8.196356725684438516e+02,-4.853218048658173416e+02,-5.624666254856354044e+02,-5.888957276015353273e+02,-7.400040042985006039e+02,-5.785204869268850416e+02,-7.214488342541511656e+02,-6.638870363108330821e+02,-5.570171574298985888e+02,-7.370008772737357958e+02,-8.304015218304866721e+02,-8.627901744724074433e+02,-9.831452756630176282e+02,-1.025633832154213223e+03,-7.684581257929112326e+02,-5.802589753632196334e+02,-8.381059486366605142e+02,-8.883660519423465303e+02,-1.105877821431438633e+03,-7.061729016514502746e+02,-7.138289876342022353e+02,-8.306492686058080608e+02,-6.611405181784635943e+02,-7.487772763960111888e+02,-9.055881795426967074e+02,-9.665957792535209592e+02,-9.516822494163257034e+02,-8.732194479489528476e+02,-7.381330968691753469e+02,-6.360426073441674362e+02,-8.710543126524023592e+02,-8.582446772993752120e+02,-7.279981427519946919e+02,-6.214963295782233672e+02,-6.627683008059324266e+02,-8.980764722285603057e+02,-1.007696984085474924e+03,-7.105710738337932071e+02,-3.946370499821280191e+02,-6.743758613032048288e+02,-1.268717059273479208e+03,-1.290087756994363644e+03,-1.031234872058971405e+03,-6.884199498740892977e+02,-7.961675359911771466e+02,-6.528030984546750233e+02,-9.041486907518335556e+02,-5.798826992415192763e+02,-7.593918519270607703e+02,-6.547715000253522248e+02,-6.060703397452831496e+02,-1.090821400457861273e+03,-6.527690863287858747e+02,-5.474184867336221032e+02,-5.782072968300709590e+02,-6.639491832276269179e+02,-5.572043082392924589e+02,-3.682760355362754012e+02,-5.018432888259760603e+02,-5.457619961580463723e+02,-5.912845917672552787e+02,-3.976900472134053643e+02,-6.255686254733928990e+02,-6.305727561001597223e+02,-7.459653115261226048e+02,-6.463304037317825532e+02,-5.541873496377115771e+02,-6.044937035155478497e+02,-5.372560417494862577e+02,-4.985988866213164101e+02,-3.695065363237989686e+02,-7.640054535685462724e+02,-8.322150526891484787e+02,-8.914032907104954120e+02,-7.619587364592671292e+02,-8.445397921008388948e+02,-9.122142227105174470e+02,-7.781648912846987969e+02,-1.254903021340461464e+03,-9.109972885485664165e+02,-5.301819175641023776e+02,-6.994746333221365830e+02,-6.288029283224398114e+02,-6.694009512380097249e+02,-4.881230590676019006e+02,-6.344678728810841903e+02,-5.121060995578895927e+02,-7.587562971966829082e+02,-6.236201066587238984e+02,-7.126388884193328295e+02,-8.149990255493562472e+02,-7.243768338466569503e+02,-6.660010358238489516e+02,-5.988073064927502855e+02,-6.970683417232569354e+02,-5.286150565090266582e+02,-3.531205212790576411e+02,-6.161603916943976174e+02,-8.478929050412101560e+02,-9.884862016256713559e+02,-7.141015604925757998e+02,-6.458661905864487380e+02,-8.286375652980309496e+02,-5.245413795907829808e+02,-4.760397986823027168e+02,-1.167078287565265100e+03,-8.319507756643270113e+02,-6.989053419906821318e+02,-7.791562338016478861e+02,-6.952548620629701190e+02,-9.291658938031483785e+02,-6.503887321070201324e+02,-7.757623746651156580e+02,-6.908758060574380124e+02,-7.208831660453207633e+02,-6.316834386151805347e+02,-9.147793834099213655e+02,-9.792209230754697273e+02,-7.680250826451714374e+02,-7.302864288685017300e+02,-6.027378176369237508e+02,-6.135036939008591617e+02,-6.257767664165680799e+02,-6.155646166916544644e+02,-8.847076291408908446e+02,-6.325670608377829467e+02,-8.407755705422376877e+02,-6.514746882618941299e+02,-8.971031253483610044e+02,-7.190204716541784364e+02,-1.248792853289599407e+03,-1.334314637344260973e+03,-5.580692259559634749e+02,-7.270832371288312288e+02,-7.412193785170179581e+02,-2.887135290689332123e+02,-8.400206462111358405e+02,-7.702410932969338546e+02,-5.514055346277415310e+02,-5.066961656237881471e+02,-5.524416187635168853e+02,-8.085255157284038887e+02,-9.440057528812299097e+02,-4.533682546813219574e+02,-6.291237263334226100e+02,-6.469029368417996011e+02,-5.556047092618822489e+02,-2.941304782020768016e+02,-3.823463084528462446e+02,-6.207953052838630583e+02,-7.133572240004648393e+02,-8.826610286991450494e+02,-5.844077270253449115e+02,-9.153831324603643225e+02,-7.996054574921471385e+02,-7.784851956553765149e+02,-6.172364240429824349e+02,-7.486851118401764325e+02,-8.804528975612560089e+02,-7.193432315879033467e+02,-9.230621094071013886e+02,-5.192869732397014104e+02,-7.427037910563915375e+02,-9.180203220758066891e+02,-7.403404514006450654e+02,-1.090470613412817784e+03,-1.026531992672514662e+03,-7.255024387840701365e+02,-7.495309487858530701e+02,-8.950934365113542981e+02,-1.116505241716833098e+03,-1.026499875897558695e+03,-5.572533877327607570e+02,-6.575063416238411946e+02,-8.774120755143147790e+02,-6.618828439026992783e+02,-9.156937102817844334e+02,-1.147354477323847050e+03,-8.031998508810029307e+02,-4.801616609749672193e+02,-4.331481558833436907e+02,-7.559595947680386416e+02,-6.608193547014910791e+02,-5.066952701580725034e+02,-8.250954798303857842e+02,-9.503165078131883092e+02,-6.543090004452748190e+02,-8.043264620630034187e+02,-7.761842315924434388e+02,-8.811407115655470079e+02,-9.896821749672425312e+02,-9.144871789180313044e+02,-8.377320693285080324e+02,-8.707602273484618536e+02,-5.754325013595224618e+02,-6.713721912626212998e+02,-5.999017152282486904e+02,-8.660346315468518696e+02,-7.114366466384608430e+02,-8.956371577960373997e+02,-7.629341442995797706e+02,-6.458316003395389089e+02,-5.180590390057305967e+02,-4.660265545746885323e+02,-5.875331363664176934e+02,-8.867672142364003776e+02,-9.957963850341841407e+02,-1.015189199040842823e+03,-7.345452484659879246e+02,-4.491042476709004632e+02,-7.890604080527314181e+02,-4.240666082675339794e+02,-3.707222725900638807e+02,-2.681346444009276411e+02,-5.237583482524186138e+02,-8.161102975046436541e+02,-9.222620975656982409e+02,-7.078345617138337502e+02,-4.531762272545413452e+02,-6.182367579198743215e+02,-6.530890932463145191e+02,-4.739843643918061389e+02,-5.299243542577401058e+02,-4.228761784846152523e+02,-7.391262165970928208e+02,-7.124334450364669920e+02,-7.232392706884055542e+02,-6.714643296897365872e+02,-6.217770512890874670e+02,-6.663592125205047978e+02,-5.835737691636766158e+02,-5.979011583706129613e+02,-8.207882793903297625e+02,-6.293052569768869944e+02,-8.315715562891194850e+02,-7.304579244492517773e+02,-8.200702101066295882e+02,-6.577881734476791280e+02,-5.490883504788216669e+02,-7.105444821471045316e+02,-1.086971253225941837e+03,-1.096149712451962614e+03,-4.598856866161979724e+02,-5.584482560225321777e+02,-5.741245842932063397e+02,-5.434761869612398186e+02,-8.734845820718511504e+02,-9.844582864453709590e+02,-9.810740850680995209e+02,-1.041046081932781817e+03,-7.886191239690836028e+02,-5.925057943106170342e+02,-7.814728756668632741e+02,-4.333739496905444071e+02,-7.061978323999117038e+02,-4.386929247126684004e+02,-5.180405603895272861e+02,-4.249965708092345835e+02,-4.823815992910878094e+02,-5.839728410411921686e+02,-8.631481531900421942e+02,-1.239281733924114860e+03,-3.748989839183269623e+02,-4.369154082432934274e+02,-4.787027263493311580e+02,-4.291822602804373901e+02,-5.312361929406520176e+02,-5.371626565396376236e+02,-3.282753123924044303e+02,-3.374129210909210315e+02,-4.224415816768314471e+02,-5.510753863428078603e+02,-8.349628216264894718e+02,-8.419518552287979674e+02,-8.804386733579963220e+02,-9.483219886000898668e+02,-4.822115708415820450e+02,-2.731985723497758727e+02,-3.302459873250261353e+02,-9.570856894738087703e+02,-8.007143274883302411e+02,-7.670817006794965209e+02,-6.241886485965152360e+02,-2.964101917210917918e+02,-2.605138208374896749e+02,-5.481077398000707035e+02,-5.679890899200688636e+02,-5.816703509378958188e+02,-7.222353840790377717e+02,-7.791968027765396982e+02,-4.085061826604285784e+02,-5.237282968730742141e+02,-6.470522525570517018e+02,-8.069266668989776008e+02,-1.209335099181595979e+03,-1.040352254311312208e+03,-8.188693532691953578e+02,-9.423431575163110665e+02,-8.153475204288286022e+02,-6.653690427407480001e+02,-1.090177190133694694e+03,-1.291439624856758655e+03,-1.791261990884072020e+03,-8.254987249761413750e+02,-1.087920452540690576e+03,-9.614948376325605750e+02,-1.336599504446792707e+03,-1.187339767613211052e+03,-1.407901905722409083e+03,-1.809059525862951432e+03,-1.117154246033925574e+03,-1.174425641740684341e+03,-6.223627996484434561e+02,-8.176821641629721853e+02,-9.989250593153534510e+02,-9.985157573115365039e+02,-1.291367335089017160e+03,-8.673350239409699043e+02,-1.343841928030428789e+03,-1.087140514841923959e+03,-9.577949272128812481e+02,-1.040937705874650419e+03,-9.167764285918126461e+02,-7.566287400811219186e+02,-7.827496345458182532e+02,-9.975602099932392548e+02,-1.119449543992958979e+03,-8.450360773599841195e+02,-7.927864806360762486e+02,-7.248109498309860328e+02,-6.246371877005448141e+02,-6.900935872810034653e+02,-8.496859225495218197e+02,-9.876244685990167227e+02,-8.753930152264838398e+02,-8.400243738158510496e+02,-7.125047208402963861e+02,-9.342525811532036641e+02,-1.157335476168502737e+03,-1.013302123159956182e+03,-9.147663004379625136e+02,-1.114165465331461974e+03,-8.566866199684226331e+02,-9.214921994982230444e+02,-8.392876646654265187e+02,-1.111152153840466326e+03,-1.006675157928278850e+03,-9.397186820684614759e+02,-1.000006001824596638e+03,-1.012086834520544016e+03,-1.097170085485010077e+03,-8.763165459966695607e+02,-8.782867739753697833e+02,-8.184335283430876871e+02,-1.005316939880024165e+03,-9.299501061392240899e+02,-9.659883240140868566e+02,-6.558287049313274792e+02,-5.721698159045963621e+02,-7.271057823025438438e+02,-9.347931512723920378e+02,-1.137760802955993313e+03,-1.107942921258807019e+03,-1.038777490625783230e+03,-8.364580739937320004e+02,-8.746293462809791208e+02,-7.178312548654146212e+02,-6.310884638544405334e+02,-8.006206535340198798e+02,-1.034212512660664288e+03,-6.900142073675459642e+02,-7.804274823293220607e+02,-1.174437012474753601e+03,-9.344755973746594009e+02,-7.641609204721439710e+02,-8.722446555169412932e+02,-1.049252832175004187e+03,-8.756231379767307317e+02,-1.009786044341909246e+03,-1.010733625565577199e+03,-7.386983713969614200e+02,-9.381246775570477894e+02,-9.809978063357883684e+02,-8.903425794755812603e+02,-8.249743766430058258e+02,-5.629351823255419731e+02,-5.416476236497298942e+02,-6.574376514006542038e+02,-8.821511896349667268e+02,-1.115518540590119756e+03,-1.141607454945171867e+03,-1.106413950757252451e+03,-8.938435712078505730e+02,-6.899933431798253878e+02,-6.330035791233860891e+02,-7.967608238491511656e+02,-9.533371585040911214e+02,-6.816962642253470221e+02,-9.196640020366456838e+02,-7.858453369207463766e+02,-6.621613656040755131e+02,-6.985590137794241627e+02,-1.003516393147754229e+03,-8.631490052226918124e+02,-8.226303360351129186e+02,-6.945917687764608672e+02,-7.513098129046368285e+02,-8.072889885531482150e+02,-8.687833545613652859e+02,-9.480951555719053658e+02,-8.129422955278990912e+02,-7.644828227411176158e+02,-6.650840937832094824e+02,-7.336806188862484532e+02,-7.389276714014752088e+02,-9.436306088906437708e+02,-8.275255786987582951e+02,-6.872433779282016530e+02,-8.769369798269233343e+02,-6.845871751195082879e+02,-5.957375880403891415e+02,1.808230864633105739e+01,-3.413142823783360882e+02,-5.412913063815821033e+02,-2.282692769255934309e+02,-5.364889034992397683e+02,-4.088889405869394409e+02,-4.260058904338434900e+02,-4.219728680279919217e+02,-3.568500070132753876e+02,-3.746261245590011413e+02,-1.269475318105676820e+02,8.835493996045335052e+01,-6.564531086667624322e+02,-3.427686266946416254e+02,-2.505709551323575681e+02,-3.591386159772594056e+02,-2.605946494360850352e+02,-2.912490428305887917e+02,-2.590478726247046666e+02,-3.473826893691993973e+02,-2.728564449078149323e+02,-4.769273417878807209e+01,-6.658989073766224465e+01,-2.194512848550135686e+01,-9.065492008522744527e+01,-1.175674118601975522e+02,6.513417606603144350e+01,-1.037981845904265015e+02,-2.740171571040537515e+02,3.760563982109465542e+01,-1.911397491559500850e+02,-4.314576919672432496e+02,-1.330420997154466249e+02,-9.993611786662046370e+01,-3.560663487876078648e+02,-1.359390989399923342e+02,-3.724837755562708139e+02,-3.302341413086163584e+02,-3.802546926691202316e+02,-3.758898439538352250e+02,-3.833624456772145663e+02,-6.018239924617057568e+02,-2.988150032477650484e+02,-4.950577143199848251e+02,-2.813238109627008043e+02,-5.306049571035102872e+02,-3.629630610640409145e+02,-7.239367196066082215e+02,-9.295339326551001022e+02,-8.659825315249446476e+02,-4.954973667425675217e+02,-8.979724791000248842e+02,-7.729555341269830251e+02,-4.140522267767930771e+02,-5.666528937177238276e+02,-8.609047017681904208e+02,-4.931068313986983185e+02,-7.049082578820718936e+02,-1.003652472316195031e+03,-8.461746866404616867e+02,-8.096009342971415208e+02,-5.194962470805344310e+02,-8.305106411628207752e+02,-8.156581079975541115e+02,-2.824181843649348593e+02,-5.943811424548505329e+02,-6.913748820101920955e+02,-3.819613564448514467e+02,-2.218167581676758573e+02,-7.573804351106083459e+02,-9.055970317154520899e+02,-6.773877549645042109e+02,-4.321193700449512676e+02,-7.071412178722051749e+02,-5.183160726888303316e+02,-9.965179629868537177e+02,-1.034368563220539272e+03,-6.963654599515999735e+02,-5.276831286651743085e+02,-5.632417217655153081e+02,-6.456451766844716076e+02,-5.185424523348441426e+02,-6.147726674104608264e+02,-6.505368072018818566e+02,-4.786395439995301331e+02,-5.387815671890220983e+02,-7.360275364058068135e+02,-6.123445400109185357e+02,-5.399600939260645873e+02,-7.191098857385380825e+02,-8.300489997219486895e+02,-7.413832541648242795e+02,-7.007800384931391591e+02,-7.852958117025455067e+02,-7.818123290398281142e+02,-6.198857798928995635e+02,-5.881562074284030359e+02,-6.862936788451361281e+02,-6.479659979554321581e+02,-8.993234585339303067e+02,-5.105401623676535792e+02,-8.131165091963662235e+02,-6.363821228922042792e+02,-4.800866286763829294e+02,-7.122959604280692929e+02,-6.006779883073121482e+02,-2.949918800048800449e+02,-5.826422738612399144e+02,-6.479736490046520885e+02,-4.651593268087964361e+02,-5.110408609253619829e+02,-5.573300095520914965e+02,-3.994009055294640689e+02,-3.997252442950569957e+02,-4.065271391935098109e+02,-2.596400249700634504e+02,-1.917150739269080759e+02,-3.019787953059515075e+02,-4.832291188781082383e+02,-3.804284451294224709e+02,8.713692308224665339e+01,1.100606980951171749e+02,2.244206133556681948e+02,-3.770206623897109921e+01,8.747219361937510484e+01,2.026639071157202352e+02,1.970836913077314421e+02,-2.356114211220088350e+02,-1.546078327112375064e+02,2.124378478890662336e+01,3.920591252252064578e+02,5.000083365349343580e+02,1.049079550322771865e+02,2.032195686137449968e+02,1.197267711377864146e+02,1.918453036238978200e+02,6.270419134964294017e+01,1.497449244348223942e+02,-2.189574107725694034e+02,-1.983276948693646204e+02,-3.210240744250043008e+02,2.255524219688874439e+02,4.487824523701240196e+02,4.999061729704174013e+02,1.368963923571868122e+02,9.938108168488247429e+01,8.355365586692374791e+01,8.118341496004529745e+01,2.793275547639439651e+02,-7.302315950526707411e+01,-3.265281382740955678e+02,-5.687989533692427813e+02,-1.037138762511198138e+02,-4.117026901657279723e+02,-2.827930015734927451e+02,-7.895410965372531109e+01,-7.958305949641982124e+01,-8.494789840259790026e+01,1.966978902256636275e+01,-4.748085680141429066e+02,-1.818951751918990567e+01,7.438220941936594954e+01,-1.070118037682498198e+02,-3.294005458745209580e+01,-1.064258136655861335e+02,-2.203750012790658275e+02,-3.100095845475601095e+02,-3.454405701814863505e+01,-3.278837074442540143e+02,-4.738542170982185553e+02,-1.396970194465123427e+02,-1.297951340171359220e+02,-6.899849752621872767e+01,-4.257990990338273605e+02,-2.200779659033233315e+02,-2.856842172499960952e+02,-2.578832208498491241e+02,-4.651260080829797516e+01,-1.579972598873252991e+02,-5.179186156591042618e+02,-1.813084526686537856e+02,-1.045764109081470110e+02,-3.370729463748134549e+02,-2.740973486495117299e+02,-2.301293390169249733e+02,-2.368575596449028353e+01,-1.178925826272652557e+02,-1.067733346401810763e+02,-2.937819718953742267e+02,-1.962931663414358354e+02,-2.374110956267355732e+02,-7.997585966708066962e+01,-2.838703234043403540e+02,-1.756433757084567446e+02,-1.638289798223262892e+02,-6.373636037330408044e+01,-2.716711638249175280e+02,-7.616482126448664758e+01,-2.823759733880921203e+02,-2.881599402740173446e+02,-5.451007044919638247e+02,-2.060601139155821784e+02,3.723570837804777511e+01,-2.329320183201366490e+01,-9.660542150484400281e+01,-1.212791908789428135e+02,-1.487162074332054260e+02,-2.414675299912505864e+02,-2.927214030010304668e+02,-9.157050446067270855e+01,-1.453744921534647574e+02,-8.658225727369244851e+01,7.199280360557742142e+01,2.022862873086889977e+02,-1.432686879335638537e+02,2.427009400202047118e+02,-1.373252621956748385e+02,-1.092596300061996999e+02,-1.052875678870759657e+02,-1.644111507514868151e+02,-3.406121203784189788e+01,-4.091593984528512351e+02,8.393232171088976656e+01,-9.598486910649265269e+01,-1.393661315989054401e+02,4.193879808429244349e+00,-1.204352524960541473e+02,1.518644302487993798e+02,-1.849446835598612893e+02,-4.750906629835162676e+01,3.799764517848160494e+00,-1.716923909130539698e+02,-2.920397917963256873e+01,-4.970103285900344758e+02,-2.375723996573365753e+02,-8.153507514492105201e+01,-1.916687018037271173e+02,-3.610065919044381531e+02,-2.763460955539580368e+02,-3.163750290494177762e+02,-2.707362637936486749e+02,-6.920275710996116914e+02,-5.130580206726801862e+01,4.372791597972366162e+00,-7.516497341189881354e+01,1.291827424247918543e+01,-4.207236074856402865e+02,-2.179034463780100737e+02,-4.306896712286270485e+02,-4.794424002758965457e+02,-2.349389855260517095e+02,-3.751422338667799750e+02,-4.915984688658977575e+02,-7.048322841372673793e+02,-4.411595533275581147e+02,-7.565592373154617007e+02,-3.155459500654213230e+02,-3.127432980647828913e+02,-3.432365226184263634e+02,-4.082043831507961613e+02,-3.711645987809614553e+02,-3.317900937845844851e+02,-4.384926427801266300e+02,-3.977922122636251174e+02,-6.531598394804233294e+02,-4.223337704796892922e+02,-3.464921808544652890e+02,-2.249126756528945066e+02,-4.528668760376679074e+02,-2.190363875544834400e+02,-2.686797201388585563e+02,-1.734477471012365868e+02,-2.053159986437986788e+02,4.402501684914329871e+01,8.928643529237967869e+01,-4.877049468858601244e+02,-3.440398711460413779e+02,-1.843390265688644263e+02,-4.284692981610140237e+02,1.663759737521881448e+02,-2.221415630505275942e+02,-5.145037843201392889e+02,-3.654037571945968921e+02,3.368867833211311336e+00,-2.014239972870444149e+02,-3.931365640124537890e+02,-3.745823245646712962e+02,-3.287356066947925228e+02,-4.066608214911968844e+02,-2.609545277534780894e+02,-4.328326050266693414e+01,-3.134783479676710840e+02,-4.656015912451061922e+02,-4.822763314600231297e+02,-2.613529972962256238e+02,-3.980125239298646420e+02,-7.004441324996055300e+02,-1.894192817940138411e+02,-2.782676846861593276e+02,-4.054104141602530262e+02,-2.757536748920776972e+02,-4.380276535364255892e+02,-3.695025297614901092e+02,-6.649315719031742447e+02,-2.488656611182282461e+02,-3.307417443450571000e+02,-4.892153777102620325e+02,-5.145254263390348797e+02,-6.147723536414166574e+02,-6.463992848658801904e+02,-5.228773337449541714e+02,-3.910452190551901026e+02,-4.180416830626671754e+02,-2.877449833582132896e+02,-3.535138132444629946e+02,-5.410169456104887331e+02,-3.035940900028180636e+02,-6.273372846088608412e+01,-1.499866739163768443e+02,-2.701493023588587903e+02,-4.171120789868033398e+02,-1.771458259277717957e+02,-1.700107617969977127e+02,-5.068128696738032204e+02,-1.467992782481208280e+02,-1.210697586533287620e+02,-7.459983320039737009e+01,-2.892689214982368640e+01,-1.110313338798048335e+02,-1.755625828568320230e+02,-3.132436430239412744e+02,-5.151132139818711266e+02,-1.802556652388033740e+02,-8.571294926324040375e+01,-2.180649145587355804e+02,-1.926526695177464887e+02,-7.536726485618464721e+01,-1.668687124058212703e+02,1.361678375442661775e+02,-4.528078469280563922e+01,3.076537207787237094e+01,-8.672613060729344170e+01,-1.838156754426643715e+02,5.942103128816927438e+01,1.343936395122847216e+01,-1.257618019452382043e+02,-1.735993873588419092e+02,5.689466891152630978e+01,1.190812915339284928e+02,1.788421601814511064e+02,-1.534378100311535604e+02,-2.070976968503719320e+02,-2.486514484516532377e+02,-2.392120663931357001e+02,-1.999604400357970917e+02,-1.551810908050350690e+02,-2.409289761841093878e+02,-4.184141433051410672e+02,-2.796253632499828541e+02,-3.832324237193460021e+02,-3.310968433499388084e+02,-1.870362474964756530e+02,-5.834261362012891823e+02,1.200051305205920471e+01,-1.904969735328075444e+02,-7.390675766623229492e+01,8.837994507111176290e+01,-5.442426973878281160e+01,-3.004211841744065623e+02,-4.344635394303757039e+02,-1.542298552082153833e+02,-4.604272231283952124e+02,-2.302554928348496901e+02,-4.535166237651566803e+02,-3.131860732247570240e+02,-2.437971311478809469e+02,-6.138176708633011458e+00,9.644335250880214971e+01,2.353719286618210162e+02,4.112001327904992536e+02,1.532780417272922477e+02,7.008451935258386811e+01,9.711327935539554801e+01,1.537602612810316600e+02,-1.031254831114040940e+02,-1.463037224810583439e+02,2.399076136027597670e+02,4.499776447275698388e+02,3.582146560833788271e+02,3.172580625819065858e+02,6.252738583107461636e+02,4.366324392523642928e+02,2.033026114305388319e+02,1.549245439683880932e+01,4.744865304040164347e+02,8.672083588466182391e+01,-6.934468404145709997e+01,6.810672763187881174e+01,6.425113364168521457e+01,1.481706875498804266e+01,-1.455880388087270205e+01,-1.038759328919458653e+02,9.102462668039851224e+01,-9.400102684321221602e+01,1.173773217268579003e+02,-8.511352499016436468e+01,-1.055571970206293599e+02,-1.882140133892112885e+02,-3.815356523277874885e+02,-3.958083622255548448e+02,-3.555054633946927538e+02,-1.570972491993182985e+02,-2.706181341050684637e+02,-1.719585793208812561e+02,-2.396367840394721043e+02,-2.729515079759976857e+02,-3.426856949537293531e+02,-3.353370656052948107e+02,-6.936933618425576924e+02,-6.722614514610281731e+02,-2.844845595843628985e+02,-3.078722477022864723e+02,-3.951144277352600511e+02,-3.210825098571311855e+02,-3.404848415639405061e+02,-2.623129487087609277e+02,-3.917140171184479414e+02,-4.000800218880756915e+02,-2.871634086562231687e+02,-3.697235246998233720e+02,-1.389502576132289846e+02,-2.739975221954910012e+02,-1.103419427119966258e+03,-4.391832079471155339e+02,-1.976318170319319734e+02,-1.095390232004393738e+01,-4.055287184019359756e+02,-5.710763914737819960e+02,-5.012635817910127116e+02,-5.952467156471091130e+02,-5.005326488930605819e+02,-4.185820249053872431e+02,-5.414133628324634628e+02,-2.682145980748973670e+02,-4.243325694561587511e+02,-4.986052486209546828e+02,-5.706258297703392373e+02,-5.179707415293166832e+02,-4.986444640812399030e+02,-4.156121741090482260e+02,-3.248508377253872368e+02,-3.965926073685894266e+02,-2.668226851551378331e+02,-5.321836816489519606e+02,-5.906811521351449983e+02,-5.272396953634879537e+02,-6.150375578261142664e+02,-3.914110603782965541e+02,-5.202160920751947515e+02,-6.987752443045795872e+02,-8.437520016475569946e+02,-8.952986553324569741e+02,-6.890745589554256867e+02,-7.065999945738891483e+02,-5.148740433138833623e+02,-6.792065218198774801e+02,-7.949254677841961438e+02,-7.057571962333822739e+02,-5.767679911417662879e+02,-5.877206519159017262e+02,-7.953708531484069226e+02,-7.628076230603555814e+02,-7.582085730793799030e+02,-8.625313313828438595e+02,-8.733782485528462303e+02,-1.070442639825041169e+03,-8.558007624465556091e+02,-6.817645082335795905e+02,-7.795141563188773262e+02,-1.198490994871779549e+03,-9.989518162376414239e+02,-1.103633165168328333e+03,-1.127588894850448014e+03,-7.452591087243526999e+02,-9.884144919227150012e+02,-1.137323435400059225e+03,-7.682685270328539673e+02,-3.809088086138450535e+02,-8.306023518783360942e+02,-9.505868769468168011e+02,-1.220406165083978294e+03,-1.083650140563294826e+03,-1.102048995530413777e+03,-9.830376876319842268e+02,-7.352615243195872381e+02,-7.977418289403834706e+02,-8.091315975213572074e+02,-8.340230218572103240e+02,-8.559410153015040805e+02,-7.277674356372352804e+02,-9.110239054940996084e+02,-6.004170222283720477e+02,-7.015186516826082652e+02,-6.390977395908217886e+02,-6.520050699144474038e+02,-5.357607486065070361e+02,-4.667541445890652767e+02,-7.437478256868282642e+02,-6.066352866728267372e+02,-5.232711238953099837e+02,-7.954084925521938203e+02,-5.664487836657951902e+02,-7.692727585752625146e+02,-7.900066454446359785e+02,-1.078698060186326984e+03,-9.199327372295344958e+02,-7.714076805747200751e+02,-8.935689082405666568e+02,-1.006531739620963435e+03,-7.944354526849519971e+02,-9.277194675862034501e+02,-8.765050536638416361e+02,-1.092780021956638166e+03,-1.039628403160569860e+03,-1.053729219104919366e+03,-1.007673205975529299e+03,-9.265153735258465986e+02,-1.067442141969138220e+03,-1.387653830374705649e+03,-9.186204620245548540e+02,-9.896957179318933413e+02,-9.343211796860493905e+02,-8.107703048162009054e+02,-8.218492226547837163e+02,-6.677503355100142244e+02,-8.765327019745511734e+02,-7.808047849847794168e+02,-8.597464949021052689e+02,-1.020077504583244490e+03,-9.679731083713340922e+02,-1.198981513156930987e+03,-1.227733966947617773e+03,-1.208756022639818866e+03,-8.335545146450065204e+02,-8.626701770576139552e+02,-9.788143898934054050e+02,-1.005995430899951089e+03,-9.488250896125567806e+02,-9.805374042121907223e+02,-1.294794716094617797e+03,-1.187629479839342821e+03,-1.138578807937379679e+03,-1.061838257771996041e+03,-1.251553087319281985e+03,-1.152265379541446237e+03,-1.381360661677062126e+03,-1.265071810255581568e+03,-1.418533770315947777e+03,-7.867765275362754664e+02,-1.316397395596922706e+03,-1.081802236912659055e+03,-1.177935447287512261e+03,-1.235016347627206414e+03,-1.150608665370056315e+03,-1.067273034792351609e+03,-1.271592132614726324e+03,-1.292710520009840366e+03,-1.286716926827037241e+03,-1.085342347303358565e+03,-1.000532074656588975e+03,-1.179927139389258173e+03,-1.317735823338974342e+03,-1.301304541391621115e+03,-1.423782364558609970e+03,-1.191816804364874088e+03,-1.351696289472857643e+03,-1.759472764554319383e+03,-1.453438622031509112e+03,-1.446919022686138078e+03,-1.717453474615537516e+03,-1.901661959103819754e+03,-1.782373407461063834e+03,-1.480966403478181519e+03,-1.269167353322674444e+03,-1.297882258514835485e+03,-1.423919368272848715e+03,-1.346521416073746195e+03,-1.381052906224952494e+03,-1.141737147253580133e+03,-1.007221482289868845e+03,-1.159497137319859576e+03,-9.623444423592380872e+02,-1.695374445360380832e+03,-1.312140206560927254e+03,-1.179540705763546157e+03,-1.000461718185553423e+03,-1.044033226036094220e+03,-1.040139620817911691e+03,-9.202794976646915757e+02,-1.862923560153583594e+03,-1.955564798128937127e+03,-1.244595416149989433e+03,-1.160088987879528304e+03,-1.382828095744972643e+03,-1.354866153947177736e+03,-1.051407577590427763e+03,-1.259036151196074570e+03,-1.247271481609943748e+03,-1.257062044910171153e+03,-1.124559277765303705e+03,-9.847453353661592246e+02,-9.495662864410943484e+02,-1.099668219070865462e+03,-1.424712488609065986e+03,-1.253526895845134050e+03,-1.067362661128877789e+03,-1.010220615490277851e+03,-1.124949262569634129e+03,-1.426608123925845121e+03,-1.645727863465204109e+03,-1.535161747794430084e+03,-2.132688529613948049e+03,-1.532497459295083672e+03,-1.297786733989622007e+03,-1.381208428601898959e+03,-1.932144847787204526e+03,-1.636960788875300295e+03,-1.869256468506617239e+03,-1.716248249199578822e+03,-1.176052969164868500e+03,-1.505992622602626398e+03,-1.655046403674619796e+03,-1.409387688447167875e+03,-1.422894618660450078e+03,-1.758996449535773081e+03,-1.796450938809629406e+03,-1.530297612913076364e+03,-1.527058987378299889e+03,-1.770928724937957668e+03,-1.489618962596436859e+03,-1.707567699690744121e+03,-1.654202620695811220e+03,-1.838936935477222050e+03,-1.528190003685499505e+03,-1.238757725327371872e+03,-1.130384409771111905e+03,-1.708387280858435588e+03,-1.664529191148412337e+03,-1.583882547763510956e+03,-1.351959052657635311e+03,-1.238766525070322132e+03,-1.162595419728909746e+03,-1.546871834359488730e+03,-2.384339669614974810e+03,-2.484249007417343364e+03,-1.783564909713690213e+03,-1.082653896712163714e+03,-1.114998322790094335e+03,-1.429063829106313960e+03,-1.046671719730599762e+03,-1.000074688806691711e+03,-1.006173637236368222e+03,-1.028810150330154784e+03,-1.177062928871918075e+03,-1.282003156737760719e+03,-8.867078468488385852e+02,-9.606802636930335666e+02,-1.174181798372258072e+03,-1.010324266794730079e+03,-1.210878387376364117e+03,-1.076293616931787255e+03,-9.706531876565378525e+02,-7.015847529847152373e+02,-8.454799811440008170e+02,-1.080673175261943470e+03,-1.030051655663712609e+03,-8.457278844449047028e+02,-9.651866303716822131e+02,-1.133349876122981868e+03,-1.013716009371580867e+03,-1.224308153937699444e+03,-1.625921085112512174e+03,-1.396996316457796411e+03,-1.029926451428016208e+03,-1.392614469132808154e+03,-1.294319562383811444e+03,-9.653066954203097794e+02,-8.551209893378577362e+02,-8.626654083282079455e+02,-5.494568964154126434e+02,-9.887938404355446664e+02,-8.203675439270716652e+02,-7.708448112516097126e+02,-1.175461186828242262e+03,-1.152149277969930381e+03,-6.225866732672020589e+02,-7.247393412392706296e+02,-4.228661053066098248e+02,-5.021453760452126289e+02,-7.535077979077753980e+02,-5.489827686732011216e+02,-6.852314969595911407e+02,-7.053656930986612679e+02,-3.950465994669463043e+02,-1.142559700893547188e+03,-1.105164041960604209e+03,-9.006757835511023131e+02,-1.081871795806129967e+03,-1.157576349013406343e+03,-8.798680738129002066e+02,-4.958112442243178180e+02,-5.930355637030407934e+02,-7.803313456380781190e+02,-4.288529427800953044e+02,-7.014300590962818660e+02,-6.306332731144090076e+02,-5.094863282414238483e+02,-7.057617707012885830e+02,-6.382157501263906170e+02,-6.023826043283991112e+02,-2.405575581027744647e+02,-4.154995746945276096e+02,-4.165477078997813578e+02,-6.800289638234313543e+02,-4.871708703754094358e+02,-5.140178237453471866e+02,-6.751782134552332764e+02,-3.977076290771785239e+02,-5.134469629936048705e+02,-6.619947238531826770e+02,-6.843640003780301413e+02,-3.998791829274194356e+02,-5.571827239640567768e+02,-6.594311821635383239e+02,-7.764564199369377775e+02,-7.347725484857103311e+02,-9.570753652643275018e+02,-9.059575692109476677e+02,-7.311850742606462745e+02,-8.492873708719339447e+02,-1.240516707574774500e+03,-1.317724490225116824e+03,-1.050246550350036159e+03,-1.116911232322298702e+03,-1.580169883037307727e+03,-1.322125056729896187e+03,-1.610302423824740799e+03,-1.489025405792875063e+03,-1.554371934031467845e+03,-1.745623719183287676e+03,-1.866239626474443639e+03,-2.103167058960096711e+03,-1.960665363411532780e+03,-2.501219588825696519e+03,-2.003448309170972834e+03,-1.826099208770308906e+03,-1.731011110464159174e+03,-1.881015757596022240e+03,-1.954305355369803237e+03,-2.049153675681959612e+03,-2.068349972261183666e+03,-1.973935637473806992e+03,-1.995612918336656094e+03,-2.043288918392300047e+03,-2.100539857057092377e+03,-2.263841910898530841e+03,-1.838580282150262747e+03,-2.349965855408820971e+03,-2.466073833816406477e+03,-2.242909930620159685e+03,-1.885067767714842830e+03,-1.758215143919559523e+03,-1.670875903720090491e+03,-1.736408981218949748e+03,-1.978301562132186973e+03,-1.952522494956769151e+03,-1.632758184813646494e+03,-1.561166249398965647e+03,-1.162624235433920148e+03,-1.199498130820202277e+03,-1.587796859526318030e+03,-1.371445963840515105e+03,-1.400948630673939078e+03,-1.314941189285069186e+03,-1.388437201054299749e+03,-1.386283637948654359e+03,-1.290481305353184098e+03,-1.384803280893054762e+03,-1.452862912044627592e+03,-1.841427415490178646e+03,-1.224259422281349543e+03,-1.482535333616391654e+03,-1.587257982954763065e+03,-1.454950170562791300e+03,-9.074054451370758443e+02,-1.438666497020694806e+03,-1.091769626846995607e+03,-1.302889981261817411e+03,-1.131183898624945414e+03,-8.250741444120278629e+02,-8.715692438583687363e+02,-8.127969219534070362e+02,-7.294280165920386025e+02,-6.752236145876390765e+02,-1.161694105861325397e+03,-9.988486791580595536e+02,-1.094057477964899817e+03,-8.580363658349886009e+02,-8.683547796646018924e+02,-1.056413328884397288e+03,-7.868870813315004398e+02,-8.118560723785379878e+02,-1.234420495070464085e+03,-1.041231531962975168e+03,-7.593306008086510701e+02,-9.575621397901250020e+02,-8.135898898317077510e+02,-9.545617104302516509e+02,-1.011330354485050293e+03,-1.060160284789877551e+03,-9.545021377112053642e+02,-9.306109718379353808e+02,-1.057542876064996108e+03,-9.622222327770189167e+02,-9.053878295173672086e+02,-1.244461588567523677e+03,-9.992914328235724497e+02,-9.944338289825010406e+02,-9.130384037303417699e+02,-9.685465556005636927e+02,-1.015849643964519032e+03,-9.037272123535032051e+02,-8.339747005761654464e+02,-8.944889908050386111e+02,-8.013281350949613397e+02,-1.056660756986223532e+03,-1.040045270810455804e+03,-9.398948619704328848e+02,-1.138708105092116512e+03,-1.220579882381365678e+03,-7.402708188966114449e+02,-8.012055227127835906e+02,-8.758517798576231144e+02,-1.052091923611402990e+03,-1.081188066715442574e+03,-1.226167703382182935e+03,-1.597127606665276289e+03,-1.810316409011254109e+03,-1.659415483449352678e+03,-8.334376588997627096e+02,-9.289774835982627792e+02,-9.629203502462836468e+02,-1.111396621626747446e+03,-1.316814492515372876e+03,-1.150320493750705737e+03,-1.580280920265723125e+03,-1.460599721627421786e+03,-8.915835113062720438e+02,-9.542035108447737457e+02,-9.752151048558322373e+02,-1.185926247822406822e+03,-7.446036750757862137e+02,-8.977247267523961227e+02,-8.758819026132042609e+02,-8.010647800649554711e+02,-9.525569732781291350e+02,-1.115793145966057409e+03,-1.273758737789446968e+03,-1.273356393490084656e+03,-1.162405533768159785e+03,-1.093726370875859175e+03,-8.850656674477669412e+02,-4.404680647641948781e+02,-3.368020177787452667e+02,-6.103839777632852019e+02,-9.869158338150747340e+02,-1.275660254660296687e+03,-7.433144947048920130e+02,-8.557390608384291681e+02,-9.781002091176176236e+02,-5.258832071199209395e+02,-4.044231411915022818e+02,-4.206316286137203520e+02,-3.895794423023871786e+02,-3.498374849986357162e+02,-7.012416036332012936e+02,-7.096125276420550563e+02,-7.028478036771870165e+02,-7.781551282652485497e+02,-5.009881996730093192e+02,-4.869705534885265479e+02,-6.691022729928572517e+02,-3.942716797351936293e+02,-6.424182495272069673e+02,-5.390583986227734385e+02,-5.251948658316221099e+02,-4.620272728000882125e+02,-5.035245488123580344e+02,-5.272330197042587088e+02,-9.895997710592369003e+02,-5.540523879926868176e+02,-3.994286542236921491e+02,-8.782632283648883913e+02,-5.573232340545347370e+02,-1.159004979735517736e+03,-1.417403715548628270e+03,-7.098815923850766012e+02,-7.141454173662727953e+02,-5.320150303409681101e+02,-5.350186222822833315e+02,-5.176523426638051433e+02,-4.564724100986319399e+02,-4.739080095681191551e+02,-6.478185161542155583e+02,-6.201565284200387396e+02,-7.613408304248782770e+02,-6.959948114259009344e+02,-7.902694197976104533e+02,-6.617223427373255618e+02,-5.716588453666714713e+02,-9.868382648972851712e+02,-9.364301072948887850e+02,-5.676667729489419116e+02,-4.239070914027346930e+02,-5.980122968190783013e+02,-9.041546409633845087e+02,-5.726099268551846535e+02,-6.043278376303653658e+02,-6.991854615339841530e+02,-1.039069733710874516e+03,-1.136784173319849742e+03,-9.962261026629180378e+02,-5.940045014590571100e+02,-7.423923872456093704e+02,-1.077596407455512917e+03,-7.656010672564347033e+02,-7.048953439659856031e+02,-7.189259019376728475e+02,-8.955547090908289647e+02,-9.423049896384782187e+02,-8.068199041487254135e+02,-6.905311627508738184e+02,-4.746308012580847162e+02,-5.429180810269951962e+02,-3.403682433690253788e+02,-2.284575041314142823e+02,-4.907032433549311463e+02,-5.829758906014213835e+02,-5.097979903089953950e+02,-4.569119464244381561e+02,-8.845361374256200406e+02,-1.545820128001223566e+03,-1.378696773758179233e+03,-5.536818030520756793e+02,-7.620113590579468337e+02,-4.399540808852184455e+02,-5.510243731972285559e+02,-7.457290552725806947e+02,-6.846539946572447661e+02,-7.806748677417353974e+02,-6.181696975153972744e+02,-6.633072545037440477e+02,-8.073492040830035421e+02,-6.829802226419861881e+02,-7.465390465212748268e+02,-8.008229922053374139e+02,-7.370501345760799268e+02,-6.492596551609326525e+02,-8.330371927896443367e+02,-6.449291052017624679e+02,-5.654933511058260365e+02,-5.692326258965053967e+02,-7.063862112651925145e+02,-4.014568672190332563e+02,-6.287373999604119490e+02,-5.697250721777195395e+02,-5.165778361732418489e+02,-4.904277158437633375e+02,-4.250818745098701470e+02,-6.372078596419016776e+02,-3.942565825518714178e+02,-4.866331172585950071e+02,-5.863529400503249462e+02,-3.495751451085382087e+02,-3.819798139082324724e+02,-7.473846792715881975e+02,-4.071037577193479251e+02,-3.092082203805529161e+02,-8.146996219971094888e+02,-2.127112963494101336e+02,-2.620398733114502079e+02,-1.950468772951443839e+02,-1.251224913318140892e+02,-5.639342505871989033e+02,-2.561914879070155280e+02,2.042206851052185357e+00,5.580328682274733865e+01,1.051922330726407324e+02,-3.391492720660312443e+01,1.709155908694586685e+02,1.549320794754372344e+02,1.821384175060666166e+01,-1.782491379415693871e+02,-3.449226241667387853e+02,1.793264393074508689e+00,1.840251548757430555e+02,2.756724033689450266e+02,2.824612084877853135e+01,7.168932886099196367e+01,2.785352958830793568e+01,3.780189642676788253e+00,-5.196091185991349448e+00,6.893655637365293387e+01,6.473733547225225493e+01,-1.052036073561444596e+02,-1.376043346796976152e+02,-1.699200623254817799e+02,-1.436871843365969426e+01,1.817194478385675893e+02,4.907725051605723365e+01,1.662123245132146110e+02,-2.575911832158540733e+02,8.032276039674781032e+01,5.701654200511012505e+01,8.375907572744836216e+00,-1.440275103611687655e+02,-2.789377826813160937e+02,-2.087446777184060238e+02,-1.829659144755381419e+02,-1.178954492627949264e+02,-3.398198724366397983e+02,-2.389711545451111192e+02,-1.193463051240742914e+02,-1.582999129162761562e+02,-7.074122794793061075e+01,-5.089367415178230658e+00,-2.309619761489517487e+01,-5.517116434522736768e+01,-4.593671587244861598e+01,7.215050448814321271e+01,-9.464616057609686095e+01,-1.327404459300959729e+02,-9.747870228346164367e+01,2.672121400652372358e+00,1.084457646581995505e+01,1.778710256398662750e+02,9.068030801625087634e+01,9.244005843600353955e+01,-3.728137306431813158e+01,6.796286449052689704e+01,1.238997099239946067e+02,1.145736268339562116e+02,2.209062730555011740e+02,-2.833933558338006264e+01,-2.115049846383875831e+02,5.500836389857170161e+01,-9.133315944645150353e+01,-3.051303937601071539e+02,-4.370249607841346347e+02,-2.082203970664981227e+02,2.696136292220433006e+01,1.152034329394119823e+02,-3.296420939916351927e+02,1.565346808042244220e+01,5.409805066706672960e+01,-1.051494853830390070e+02,3.131758165656208348e+01,4.322122965542519069e+01,4.904402523365320121e+00,-2.970514460042228961e+02,-1.070411642645894403e+02,-2.112614645130119584e+02,-1.480306802681426461e+02,-2.217143244293949351e+02,-2.000065829247000408e+02,-1.939587583432661972e+02,-6.276775080174644472e+01,-3.942894275886476407e+01,-2.313151984223281943e+00,4.026408900979845384e+00,-6.118795765466580860e+01,-2.207200691329128972e+02,-3.360705515967590600e+02,-3.086079532779685906e+02,-2.648769195391760150e+02,-5.488386094434014240e+01,-2.820662998621221504e+02,3.234421337451908016e+02,1.157972858087243253e+02,-1.414812914631204421e+02,2.656592480705052139e+01,-3.385079231465869043e+01,6.254114618702806183e+01,-1.966627908886263185e+02,-2.273661198747618073e+01,-2.920949057177011809e+01,-3.762174517147154802e+02,-2.676532704721147411e+02,-2.981314982320505464e+02,-2.553942923128146276e+02,-2.252152265963033244e+02,-3.322973884487547593e+02,-4.334018888071749416e+02,-2.053871005074331890e+02,-1.252702546430577968e+01,-2.462591698033190539e+02,-2.447197518823196845e+02,-3.488965807926505818e+02,-4.351675553517915205e+02,-3.557253060679050236e+02,-2.987596820622455311e+02,-8.820882468467226545e+01,-2.902387789726429332e+02,-5.374451899010605302e+02,-4.950484601208189588e+02,-4.510165559029101132e+02,-3.935153378030480553e+02,-1.739726108906324953e+01,-1.413547621537621239e+02,-1.064369194143353070e+01,-1.145625244139191636e+02,-1.912956632423031351e+02,-1.655600039630536457e+02,-3.046249000919520995e+02,-3.454635293604531512e+02,-2.684479271799988283e+02,-3.850235993688427243e+02,-3.718797960174280206e+02,-4.731704506084447530e+02,-7.351847864401042898e+02,-4.283194655236279687e+02,-1.495567743308836270e+02,-9.904182548691696297e+01,-1.538711870305492369e+02,-2.047109229077579755e+02,-3.028322144528103195e+02,-2.389193644660233815e+02,-1.382370218033204878e+02,-2.169183478399065166e+02,-4.434799616540405509e+02,-4.719633575347158967e+02,-3.482284417507728449e+02,-9.097722801658221670e+01,-2.395022948779924832e+02,-1.224699224609599923e+02,-2.560513989181217767e+02,-1.244148000949690527e+02,-1.227287264813658112e+02,1.483388399284090156e+02,-2.153291850584619738e+02,-4.426479766314932931e+02,-2.047114855785592624e+02,-3.201218543966473362e+02,-1.331430474676567428e+02,-1.121375303876780549e+02,9.712790220721791457e+01,4.519298727055138443e+01,-9.485821301798705463e+01,-1.975097063862911000e+02,-5.050881419696264629e+01,-1.185638830098577046e+01,-2.061055045555906418e+01,-5.451045532161384699e+01,-2.840548749602951943e+02,-3.043242289093993804e+02,-2.681999698145423281e+02,-3.769362371785155119e+02,-3.569388294565043225e+02,-4.396989684484749432e+02,-1.890627140325805726e+02,-3.113040169124251975e+02,-3.841944099740941851e+02,-1.308227757442153916e+02,-3.098493359274469867e+02,-4.329503538433821177e+02,-1.172400741796968475e+02,-5.312986112392128462e+02,-6.407950228360750771e+02,-3.779462019726489643e+02,-3.006713492780217507e+02,-2.640791740023184389e+02,-2.990035140827580449e+02,-2.181833316732366654e+02,-2.342317129082673262e+02,-6.372314675640429869e+02,-3.327281595591915107e+02,-8.935447283562871235e+01,-1.021214971327735839e+02,-2.030703663128858807e+02,-2.522374661222282839e+02,-3.603932469196220154e+02,-3.331873174017340489e+02,-1.626071526257903201e+02,-1.508589306334494040e+02,-2.230951098682929228e+02,-1.718716550965283432e+02,-4.233070945110694083e+01,-3.976550985118495873e+01,-6.315020199609512019e+01,1.246953478975694054e+02,8.856783689350754685e+01,9.717493204052539113e+01,-5.003309297355124841e+01,-5.661622284346574929e+01,-1.783761292226951696e+02,-1.947125001218037426e+02,-1.505023865990006016e+02,-4.470587356935249090e+01,8.041937818589929066e+01,-3.823904217194282751e+01,-2.569039825634263252e+02,-2.945605305704000898e+02,-1.374765699304252848e+02,-2.816341081242317159e+02,-5.680376539155366800e+01,-2.040331702115611279e+02,-4.043137246547215113e+02,-1.489173545213187140e+02,-2.225683848907583524e+02,-5.913560076597747184e+01,-4.445510947597750828e+02,-2.164181711692562544e+02,-6.738095257194513010e+01,-2.569469435484559767e+02,-6.282110205593178875e+01,-2.953373073127842758e+02,-1.425695469372169555e+02,-1.019066083551186779e+02,-1.082820615756299958e+02,-3.117252278655111013e+02,-4.268925220002773813e+01,-2.344531942114435594e+02,-3.687270823384221217e+02,-3.481294334510286035e+02,-3.320096208362205630e+02,-7.293899550928796316e+01,-2.260551660829515868e+02,1.064475002523158764e+01,-1.454251274319043432e+02,-3.466738624917632592e+02,2.807652544041610554e+01,-1.599337315880052870e+02,-8.198175570750129282e+01,-3.406182882422310740e+02,-2.166659613325853115e+02,-3.466094049511948469e+02,-1.804400812985529683e+02,-4.362209108023046724e+02,-3.010573067150274937e+02,-1.721716182219375924e+02,-1.155142050120116437e+02,5.874052196727171804e+01,5.509009627084674321e+01,2.785606865601212689e+02,2.181469469795397060e+02,3.502075535056121680e+01,-6.969679217869671106e+01,-9.334476448897015644e+01,2.348549449935545397e+01,-9.858657288336847557e+01,6.831520244297684030e+01,1.727719460117501171e+02,4.992091745713910882e+02,3.980504305563495109e+02,2.373490827682619226e+02,4.792168758309912846e+02,5.145334154777902995e+02,3.457917225603530369e+02,4.168932850532050907e+02,6.952658304910761444e+02,1.990716774568166443e+02,6.866652635593285936e+01,1.509537937916546753e+02,-2.143623378859595618e+01,9.396816946801428116e+01,1.732683349141753126e+02,5.502547948000668043e+00,-3.755353429718240932e+00,3.285358031225939612e+00,-5.052150272315861912e+01,-9.875488170268909016e+00,-1.133913766182009084e+02,-4.486834069810842607e+02,-1.535188283615210025e+02,-3.661946814512785977e+02,-2.774462741366475029e+02,-4.279940756569484392e+02,-2.858680294534276527e+02,-2.530375951223439301e+02,-4.085905670286601321e+02,-4.947843176005734449e+02,-4.893184946896574274e+02,-4.961820621351069462e+02,-5.526332571670923244e+02,-4.942065332895276697e+02,-3.263653944207590030e+02,-2.536278118213496100e+02,-3.654333148873752748e+02,-3.216233159534672268e+02,-3.376679641120583710e+02,-4.950412069343955181e+02,-6.010952338361662441e+02,-2.957518235951757788e+02,-1.468425948961303789e+02,-3.427582567476175655e+02,-4.093964155230426059e+02,-2.971720452342304384e+02,-8.065220272472186025e+02,-4.005670523810583745e+02,-3.730829447031051700e+02,-1.444427840413221418e+02,-5.972655098040469284e+02,-6.086951248116278066e+02,-4.189067846178336367e+02,-6.195326219889331014e+02,-4.464482247879939223e+02,-4.719951857433731561e+02,-4.649435352196027225e+02,-6.451921825095580516e+02,-4.954384393416350463e+02,-3.653744307519679069e+02,-5.754123904526474007e+02,-5.701225474587273538e+02,-5.265101682892177450e+02,-6.451534367231654414e+02,-5.387727141250952627e+02,-5.033611213485518761e+02,-3.545027985860477884e+02,-5.556694614714872387e+02,-5.662174232884749472e+02,-5.201700747662707727e+02,-6.154525152562355288e+02,-5.604917727611173177e+02,-5.483328847594890476e+02,-7.179381992969524617e+02,-9.080832612885251365e+02,-6.607630226402993685e+02,-7.376899431514023036e+02,-6.614636923428373620e+02,-6.061446843457651994e+02,-7.682182718999017652e+02,-5.702827931185483976e+02,-8.061193041719066059e+02,-6.022847026392195176e+02,-5.498483785766081837e+02,-6.052337198050130382e+02,-8.821938750324118246e+02,-6.363389393069612652e+02,-8.192521250117935097e+02,-1.005472673814695213e+03,-9.894615945393452421e+02,-9.653218835299791181e+02,-9.194980897963567941e+02,-9.289070278197278867e+02,-1.139400404563909660e+03,-9.155868017532359318e+02,-8.207975040708849974e+02,-6.473963003919006951e+02,-8.288354955225743197e+02,-7.965092326969137275e+02,-9.246477885513849060e+02,-5.342514295221363909e+02,-3.326711994967856754e+02,-4.508137954982593101e+02,-9.720428358152237251e+02,-1.041824753621942364e+03,-1.082353185259404654e+03,-7.651599888897837900e+02,-4.462421324574729624e+02,-2.157386085208464124e+02,-3.350734670574333904e+02,-1.471742296997060180e+02,-1.562995234853038369e+02,-4.413184942175564629e+01,-1.610065672504564418e+02,-3.122618633562421451e+02,-2.744569925112568853e+01,-7.856056260314755946e+01,3.010108326147047819e+01,1.109627739214574262e+02,6.257617998927469216e+01,8.504242198355149185e+01,-1.302948835675421719e+02,1.146442807948471625e+02,-1.646539404609496273e+02,-2.308787606603800668e+00,2.574093357047027553e+02,4.525887343783059009e+02,-1.311724995020539666e+02,2.453209901371828892e+02,9.980881752183074695e+01,-1.822753168820935343e+02,-2.804340850045877005e+02,-2.275149823835301959e+02,-2.436415222386542609e+02,-1.894390459520778904e+02,8.230136959925675910e+01,5.730503678953181179e+01,3.510552025872015065e+02,1.688405696866661856e+02,2.454945451296421197e+02,2.891555707785299205e+02,2.142962858979740304e+01,-5.791748107213271624e+01,-5.917962792034393260e+01,1.652368223458449847e+01,-1.360596715432496353e+02,-1.251188825850732371e+02,-1.780056775379341616e+02,-9.305305482387851157e+01,-2.475504497427769479e+02,-8.649633804842324025e+00,-2.274644301738065906e+02,3.859061024400234032e+02,2.481041508552468713e+02,-1.817568488052253599e+02,-2.645115793581080084e+02,-4.745915444553304496e+00,-3.457282159324079771e+02,-9.911149351777055472e+01,-5.429722405608599729e+02,-4.458478008317029548e+02,-4.283028637283824196e+02,-6.798604409461723890e+02,-6.966873377121278281e+02,-6.163852192977753930e+02,-5.272237537821758906e+02,-7.400164466249573252e+02,-1.051204592504895118e+03,-1.100205307798832337e+03,-8.950224097302116206e+02,-8.959935036897347800e+02,-1.011865797501165275e+03,-8.788754475072300920e+02,-1.042382872038294181e+03,-8.523453655576686288e+02,-9.454175386495787734e+02,-1.037005009459761823e+03,-1.214206702361087537e+03,-1.394722933858206488e+03,-1.432465775775087877e+03,-1.434120599508508121e+03,-1.562786793020210098e+03,-1.609565501750882049e+03,-1.593882412801660848e+03,-1.710568214116614854e+03,-1.836486164935364286e+03,-1.749919008829799623e+03,-1.622587572899789848e+03,-1.758240181444667087e+03,-1.802436003630102732e+03,-1.852561970529081918e+03,-1.850371439309026528e+03,-1.814111618459148758e+03,-1.726937833325421025e+03,-1.701355661938667481e+03,-1.823693080773864722e+03,-1.636330294156744912e+03,-1.737544167854957777e+03,-1.512094792110223352e+03,-1.750458344632010267e+03,-1.710523858111957907e+03,-1.791312967757090746e+03,-1.791946252353812042e+03,-1.727344398261291872e+03,-1.979767370272411426e+03,-1.877105228611247412e+03,-1.859816638697744338e+03,-1.855358678344707414e+03,-1.909278885153159081e+03,-2.282271335184461805e+03,-2.251807503104401349e+03,-2.172814687104092627e+03,-2.338944856778550275e+03,-2.503963552800155412e+03,-2.365499681065198729e+03,-2.613568081220365457e+03,-2.701752618129102757e+03,-2.724988023585285191e+03,-2.872485054231362938e+03,-2.833507390861266686e+03,-2.785837428808985351e+03,-2.981318053696099014e+03,-2.878410003711132049e+03,-3.298753910327546691e+03,-3.064960226240232259e+03,-3.335475524105252589e+03,-3.336884062403123608e+03,-3.212618936382924858e+03,-3.290853299876744586e+03,-3.288589173134699195e+03,-3.427502603905988508e+03,-3.342342978817838684e+03,-3.351979232412254078e+03,-3.240244159221483642e+03,-3.352253126588952455e+03,-3.220655038605575101e+03,-3.323043956551401607e+03,-3.283597951857882435e+03,-3.538822777439445872e+03,-3.523285168168237760e+03,-3.251283298393383120e+03,-3.368447488041198540e+03,-3.460653561919614731e+03,-3.442368278980748073e+03,-3.734354152283038729e+03,-3.689238778700363582e+03,-3.525846694302891592e+03,-3.775062438016907436e+03,-3.864702493663708083e+03,-3.951401172647740168e+03,-3.754711545262865911e+03,-4.180710885412454445e+03,-3.906936342786287241e+03,-4.078499466420109002e+03,-4.083693920467844691e+03,-4.276951189311963390e+03,-4.276357490222348133e+03,-4.654156987434387702e+03,-4.671547870903303192e+03,-4.971604837842829511e+03,-5.258241013862969339e+03,-5.506112152475670882e+03,-6.034400965342316340e+03,-7.040597181254015595e+03,-7.353528152285809483e+03,-7.555276130612500310e+03,-7.618686096883246137e+03,-7.822090864760563818e+03,-7.918917645388415622e+03,-7.957736680191264895e+03,-7.950288808055543996e+03,-7.979442085104407852e+03,-8.255001938011087987e+03,-8.223523724335362203e+03,-8.127719949831744088e+03,-8.204386378580293240e+03,-8.390836438964537592e+03,-8.302770507850162176e+03,-8.342724070576288796e+03,-8.422199401757789019e+03,-8.356004385301919683e+03,-8.495410489359615895e+03,-8.467422793112309591e+03,-8.421735372678211206e+03,-8.685627756765050435e+03,-8.649281455325668503e+03,-8.561790438079395244e+03,-8.580043115827529618e+03,-8.694709080199390883e+03,-8.654998964778555091e+03,-8.528794272978353547e+03,-8.565707444699062762e+03,-8.759737397611712368e+03,-8.694744110951120092e+03,-8.714860976249212399e+03,-8.561787827972944797e+03,-8.597601394616451216e+03,-8.496355064926574414e+03,-8.777800534571284516e+03,-8.550497161027949915e+03,-8.719087331840039042e+03,-8.675060785160148953e+03,-8.700503984386341472e+03,-8.670939772343659570e+03,-8.636232891264608043e+03,-8.850203898290164943e+03,-8.651725139508605935e+03,-8.826485437774668753e+03,-8.773235221823997563e+03,-8.681030201954748918e+03,-8.852289339727913102e+03,-8.781871908004763100e+03,-8.850091720268308563e+03,-8.855134202890243614e+03
-3.472140691048380177e+03,-6.033379024151436170e+02,-8.992917320175686200e+02,-6.302656441895626358e+02,-5.151384082959378929e+02,-7.816629772756518832e+02,-8.760559309923555702e+02,-1.164873625926336899e+03,-8.834453355198183999e+02,-1.012935403946262340e+03,-8.507691103217750879e+02,-7.925195440750242142e+02,-8.967940785642234687e+02,-6.946680191871588477e+02,-9.192004820877879183e+02,-7.856985445055179298e+02,-7.068986843704192324e+02,-7.308829568980711429e+02,-1.030817096805658821e+03,-9.876641806967195407e+02,-7.898009396769746218e+02,-9.598773499919102505e+02,-7.382718974472256832e+02,-1.009695593225850985e+03,-9.243355715774823693e+02,-1.061412529939850401e+03,-1.705305523945245113e+03,-1.462340165094819668e+03,-9.308350858350827366e+02,-1.255301932041996452e+03,-1.325873460989402702e+03,-9.639964857716211100e+02,-9.421602946120426623e+02,-1.237231825677383313e+03,-1.114718747393261992e+03,-1.179237865185583132e+03,-1.167143437592746750e+03,-1.093416417064465577e+03,-1.161139637347267580e+03,-1.294751165192074041e+03,-1.675760479570772532e+03,-1.126056586630081711e+03,-7.874925831778422207e+02,-1.009128506461641450e+03,-8.640767902267452882e+02,-7.604006566374705471e+02,-7.170076106075675852e+02,-5.109943300781644098e+02,-6.247198629486306345e+02,-2.159991783098690235e+02,-4.063479898450434007e+02,-5.109897752475520178e+02,-2.119878090004904720e+02,-5.985538617682856284e+02,-8.070597670596691842e+02,-2.919557351998096806e+02,-5.272842922270009467e+02,-3.660712310497320345e+02,-2.629079793838295132e+02,-2.794320252897456385e+02,-3.578766391168002201e+02,-8.293369296051525907e+01,1.245763896451016421e+02,-3.506463199375955355e+02,-3.731174031354555609e+01,-4.303941913545429543e+01,8.864368244556231957e+01,3.712319109959952357e+01,1.513047217535795994e+02,5.898963209472128710e+00,7.394000226258668818e+01,-9.186564804373040261e+01,-4.747231664438282905e+01,-2.790063238953910059e+02,-2.521119968124435218e+01,-2.617452916265428939e+02,-2.607196859295966078e+02,1.368281345788569183e+02,-3.335568099126237485e+02,-6.592251377088917934e+02,-5.334212700342222888e+02,-3.084900017786275157e+02,-5.575047379605488231e+02,-4.431482474147568951e+02,-9.907675284648003071e+02,-4.475348724839705596e+02,-3.930944751539647086e+02,-4.444583192016204976e+02,-4.392833214412906955e+02,-4.908736602955006560e+02,-5.867543325909221039e+02,-3.949857666730268306e+02,-4.396381686540932492e+02,-6.344578577848151326e+02,-6.095883684344101994e+02,-4.184383485744212976e+02,-5.323497463730523123e+02,-6.489105812028234368e+02,-4.793630275301462689e+02,-4.760859710516550649e+02,-5.880620101844333476e+02,-5.270077550351580840e+02,-5.183911317246650015e+02,-3.475672042019031096e+02,-5.168222920648290710e+02,-4.788243074973869398e+02,2.296990919265912225e+02,-5.920354618175218775e+02,-5.784970948807159630e+02,-4.653113973949334650e+02,-4.232362683307851512e+02,-5.591903766333643944e+02,-3.352716751993230559e+02,-4.748606213748537925e+02,-6.317413289906687623e+02,-8.286937197986754882e+02,-4.756271138177123134e+02,-2.633123626938382245e+02,-4.029114532072933912e+02,-3.511043392711268325e+02,-5.454991608829511733e+02,-4.066362208792238562e+02,-5.551463035709105043e+02,-5.521476508731479953e+02,-4.418079549814917755e+02,-4.278173994364572650e+02,-5.443826700936380121e+02,-6.725642699585895343e+02,-6.444036931448733867e+02,-5.774165517282125393e+02,-3.421831473885173978e+02,-9.287746047866487515e+02,-9.288188858982587135e+02,-5.736099517733546236e+02,-7.262537851188697005e+02,-7.396725062635433687e+02,-8.304281856016151551e+02,-6.303960742286438972e+02,-8.008762041695558764e+02,-7.699298362457833491e+02,-1.060963915958646794e+03,-1.107612320736845959e+03,-1.113224374704839192e+03,-1.146581279460413270e+03,-1.166097807004710830e+03,-1.277058339404322169e+03,-8.712038322508170722e+02,-1.444680209390597838e+03,-1.482253702388796682e+03,-1.520854790822506857e+03,-1.372625080871133378e+03,-9.309445415054130990e+02,-9.808133584796909190e+02,-1.065324675438980194e+03,-1.060937180101808281e+03,-1.110338952136398802e+03,-9.810493166585313247e+02,-8.119465660536525320e+02,-8.177879821491665098e+02,-7.116892722716024764e+02,-7.091755051794411884e+02,-1.242010169572420864e+03,-1.520552369378090361e+03,-1.936580988802114916e+03,-5.410695223926721837e+02,-4.979982646516743898e+02,-4.712132217537550218e+02,-4.848565701820312484e+02,-5.464207085824199339e+02,-5.481492706269467590e+02,-3.959666088106655479e+02,-4.452615676758920245e+02,-4.250290275386884105e+02,-1.342084015263878882e+02,-6.307105168545567722e+02,-6.345399924739156177e+02,-6.484867278973401881e+02,-3.773530335283718387e+02,-3.710478099415417432e+02,-7.386750381476944085e+02,-7.381292098404768467e+02,-5.338303362327395689e+02,-6.955718784303592201e+02,-6.940045145981889618e+02,-8.247796712620225890e+02,-5.948873694089027140e+02,-8.768667078877095946e+02,-1.126679883030115889e+03,-1.051717982385355754e+03,-1.169427345478859479e+03,-1.164750192767736962e+03,-1.399176721776541854e+03,-1.565788750215686150e+03,-1.520190353944614344e+03,-1.565136870164117681e+03,-1.640463382459605327e+03,-1.600148641694973321e+03,-1.684879862859576406e+03,-1.642983293489619655e+03,-1.967898568966278617e+03,-1.598561091958532870e+03,-1.821246313274634758e+03,-1.843575893716253177e+03,-1.889271105566690039e+03,-1.737090965784580703e+03,-1.771479498464225117e+03,-1.841014534247348820e+03,-1.739686184995442545e+03,-1.837864277493624286e+03,-1.939282059211262549e+03,-1.823073613787492832e+03,-1.361959578273708075e+03,-1.473831015390783250e+03,-1.419896557435345358e+03,-1.216193025867091819e+03,-1.299204218522157362e+03,-1.154832803023234874e+03,-1.517335064647809304e+03,-1.216381758811270629e+03,-1.282232597100917019e+03,-1.090713883540361167e+03,-1.148398933966819186e+03,-9.785359185176635037e+02,-5.328407376085301621e+02,-7.767940104532995065e+02,-1.067531217325362604e+03,-9.992495881984034440e+02,-6.694763947121887213e+02,-4.273781803034415816e+02,-9.957433021936050181e+02,-9.389650395729264574e+02,-6.896784684039371314e+02,-8.609091481190329205e+02,-6.291290456685068193e+02,-1.119060147222676278e+03,-9.792546571420891723e+02,-6.876739949765578785e+02,-6.415963765496596807e+02,-7.455607028321560392e+02,-8.060894922987151858e+02,-7.619754159546807841e+02,-6.655977506612218804e+02,-8.614772510100074214e+02,-1.027408949116889062e+03,-1.070001088949986524e+03,-9.336331669619823970e+02,-9.070342761753837522e+02,-8.586688906192412105e+02,-1.095227928813501876e+03,-9.534846964340204067e+02,-1.323427098861593549e+03,-1.293045887957372543e+03,-8.549592669044574222e+02,-7.342000340143811172e+02,-7.236940881881556606e+02,-1.060494441146262943e+03,-8.191913738635325899e+02,-9.300738878095271502e+02,-7.426705364038027710e+02,-8.149755654599082391e+02,-8.524683847262567724e+02,-9.439634127180994483e+02,-9.933697571525781314e+02,-1.098446018300336618e+03,-8.124416315846691532e+02,-7.965077484342940579e+02,-9.224426068162523507e+02,-5.286292638736161962e+02,-9.082678116352781217e+02,-1.453576110459778874e+03,-1.538739713705932445e+03,-1.179430755379911716e+03,-9.490092321082292983e+02,-1.047854191737452311e+03,-1.139535525402971189e+03,-1.219260606594394403e+03,-1.052972118625941903e+03,-1.204674642598104583e+03,-1.459551122621952800e+03,-9.829544002081150893e+02,-1.393101405337791675e+03,-8.673009957002393548e+02,-9.574904105318194070e+02,-9.681696060170947931e+02,-1.335412092932861015e+03,-1.249696179693477006e+03,-9.756123527252143504e+02,-9.053766439004330095e+02,-1.460436740841457322e+03,-1.468327020992557209e+03,-1.365774534573442907e+03,-1.569569571299498648e+03,-1.336564384951438115e+03,-1.492631940593482568e+03,-1.266527122370069719e+03,-1.029177075097863508e+03,-1.077871004563109182e+03,-1.034603299283855449e+03,-1.364618504391688475e+03,-1.337534612393642647e+03,-1.347994692268525796e+03,-1.165288074598157891e+03,-1.223310330881678738e+03,-1.377514325988541714e+03,-1.484217354122421057e+03,-1.031030926085464216e+03,-9.641384490329635355e+02,-1.318951518679801893e+03,-1.179787683218694838e+03,-9.069950282638575345e+02,-1.167373280463471474e+03,-1.433355322965052892e+03,-1.126159544940481510e+03,-1.233631211824695583e+03,-1.130548987863440061e+03,-1.519766275885689538e+03,-1.059409238788975699e+03,-1.106540429746836026e+03,-1.117197215556343508e+03,-1.061312568087952968e+03,-1.083411392890763182e+03,-9.325655410644262702e+02,-1.102050157209643658e+03,-1.272648387259165702e+03,-1.242526406757889390e+03,-1.015594051847135688e+03,-1.224747267594039158e+03,-1.196271095502588196e+03,-1.023816521873810643e+03,-1.110588066312720912e+03,-1.276425463727661963e+03,-1.107500543212642242e+03,-1.266880754391404025e+03,-5.895190654302840585e+02,-1.626033993981067852e+03,-1.093131221925276122e+03,-1.146205926781146900e+03,-9.895151007185027083e+02,-6.120605020165889982e+02,-5.804120722723507697e+02,-1.071136083924375498e+03,-1.058367378074991848e+03,-1.020435765806139216e+03,-1.155956652686485540e+03,-1.257021135949444442e+03,-8.900709345858526831e+02,-6.587843929352674195e+02,-6.608664254265348745e+02,-7.507189162590274236e+02,-6.740206091345672803e+02,-7.757720475919484215e+02,-9.078481900203469195e+02,-8.322847877601908522e+02,-9.389864416100757580e+02,-1.260945093774869292e+03,-1.555179528115012545e+03,-8.439280962684672431e+02,-7.038233857117950265e+02,-8.121318362154204351e+02,-6.979221686062851404e+02,-5.244678862083802642e+02,-9.027677102558357092e+02,-6.785161469457946168e+02,-9.282908261476768530e+02,-1.192737722859011683e+03,-8.527494020082687030e+02,-6.101310215743055778e+02,-9.797662967541219814e+02,-7.325459073284574743e+02,-9.840027437840662969e+02,-1.091811236533497777e+03,-1.081115774341689303e+03,-8.890888876616671723e+02,-7.760127047449624342e+02,-7.639580814639903110e+02,-1.101330220799212157e+03,-1.097720513144553024e+03,-1.168436208092580500e+03,-1.119058150049605956e+03,-8.057528667992543205e+02,-7.298241381179821019e+02,-1.111372909407036559e+03,-1.341269589764546026e+03,-1.072953459700922849e+03,-1.000492239067652349e+03,-9.581022391066135242e+02,-1.359870526815223457e+03,-1.747015588485896160e+03,-9.323248019645329805e+02,-1.238057181991756124e+03,-9.000172048876304416e+02,-7.865984350529340645e+02,-1.195869036530314133e+03,-1.210779819522707385e+03,-1.069812768681816578e+03,-9.687616052256230432e+02,-8.640995866698323198e+02,-9.657606190934473034e+02,-9.582458466183283008e+02,-7.549518004504353712e+02,-9.054908053513938739e+02,-6.024110929784661721e+02,-8.076915686212350920e+02,-7.396235726847327214e+02,-9.577411916444020790e+02,-8.038891162448110208e+02,-9.653574276859087604e+02,-6.717112707015786555e+02,-7.951173111504098188e+02,-9.294827415081216486e+02,-9.766701861266114975e+02,-1.183453414054093855e+03,-1.177361501019040134e+03,-1.158372961617601732e+03,-9.296700425660085330e+02,-9.228821746119797353e+02,-1.143619904594958371e+03,-9.932691692638379664e+02,-1.023178634902833323e+03,-1.481992711798941173e+03,-1.425364333783436450e+03,-1.591119983649062078e+03,-1.160263832101825301e+03,-1.619447483757901409e+03,-1.067912818336957571e+03,-1.434910397050361098e+03,-1.332895207300321999e+03,-1.526486324749336745e+03,-2.157707987569816396e+03,-1.410439347521171385e+03,-1.313934682435399509e+03,-9.833699725306461232e+02,-1.183156274250661909e+03,-1.456556559105675433e+03,-1.268069940784173468e+03,-1.397083292925637807e+03,-1.457863089209976806e+03,-1.336891183468373811e+03,-1.454063923267978453e+03,-1.216751571874783622e+03,-1.052208519485986471e+03,-1.147489664560890105e+03,-1.301708634838985063e+03,-1.356815359311376596e+03,-1.157440168852221632e+03,-1.134945703852893303e+03,-1.154803395162210109e+03,-1.341256629493138917e+03,-1.295745608480623105e+03,-1.212817578544684693e+03,-1.050777691513983427e+03,-7.014235030018064663e+02,-5.841761874280277880e+02,-8.102207822850754155e+02,-1.305036069376475098e+03,-1.254486500828421867e+03,-9.976123745136105754e+02,-1.308515359091421033e+03,-1.251196334037661927e+03,-1.183612083713668653e+03,-1.204225523024841095e+03,-1.511952920654540321e+03,-1.146069183084900487e+03,-1.096089111971291231e+03,-1.150917630057255792e+03,-1.059296355419705151e+03,-9.604118294756817704e+02,-1.145385986529175852e+03,-9.426399200187887573e+02,-7.867988844868491469e+02,-8.087301660115757613e+02,-6.980907315977881353e+02,-6.751104951815489130e+02,-9.225414114307286582e+02,-9.401524393945862812e+02,-1.036740497943622358e+03,-8.521900206129283788e+02,-8.349315028916364554e+02,-7.951201037049327169e+02,-1.031602581262793137e+03,-1.091985290866361311e+03,-1.151145442855121928e+03,-1.028455192557570172e+03,-8.766439066906492599e+02,-7.585759503938127182e+02,-7.877814892087899352e+02,-5.748426723786406001e+02,-9.447667532078453405e+02,-1.059840070220663165e+03,-1.104933883298697083e+03,-6.635680642321901814e+02,-6.519546328179748116e+02,-7.797124640748779711e+02,-9.268730316719206712e+02,-1.177835679169548939e+03,-1.074518008994608408e+03,-1.225066025174170136e+03,-1.247100713218013425e+03,-1.175537858086780489e+03,-8.296765138137582198e+02,-1.010388817921495502e+03,-9.819346176405476854e+02,-9.699506378188914368e+02,-1.020125794705365365e+03,-7.749657737973656140e+02,-1.055613906195234449e+03,-1.154582930868801213e+03,-1.382087412216453686e+03,-7.309323851361205016e+02,-7.210295384717687739e+02,-6.471254541398689071e+02,-9.221875106688349888e+02,-9.742144368551936395e+02,-1.311146808597428617e+03,-1.588939398418773635e+03,-1.964214097298699471e+03,-1.719934762270027022e+03,-1.678425017070467447e+03,-1.360293786307961454e+03,-7.524785023284512135e+02,-1.062125644124197152e+03,-8.556440111854662973e+02,-1.312294316171294668e+03,-1.296953514784283925e+03,-8.411508825030599610e+02,-8.598115614443679533e+02,-8.613923466760218162e+02,-9.010423449426937168e+02,-1.208059391054300249e+03,-1.143182188979064449e+03,-1.034722419815203239e+03,-1.221645560128953775e+03,-9.523379506561451535e+02,-8.776425384134222440e+02,-1.153937278198769718e+03,-1.081758147888929216e+03,-1.136748464391947664e+03,-9.263720397925497991e+02,-1.104315669560464130e+03,-8.195308118403573872e+02,-1.086360723377451905e+03,-1.278730145890791846e+03,-1.068339852654986316e+03,-8.861550664883550326e+02,-9.145013927581961752e+02,-1.193768210064437881e+03,-7.766608832647377767e+02,-9.235454871483613033e+02,-8.304035943820665580e+02,-1.067894100744230172e+03,-1.199704150205535370e+03,-7.698616382137693108e+02,-1.225651470278520719e+03,-1.233035766371938280e+03,-1.074019722999662918e+03,-5.930744144378602414e+02,-4.774102713736515398e+02,-8.456641288324041170e+02,-8.005727902971134426e+02,-6.859920003218134070e+02,-1.376879688043815122e+03,-7.399497030698373692e+02,-1.098642306996274783e+03,-1.147009383485887383e+03,-1.352187800895268992e+03,-7.453131842641120102e+02,-4.968869499091964599e+02,-6.128819317972871659e+02,-9.216938699136871946e+02,-4.672003978764786325e+02,-7.784787860102301238e+02,-8.985506921859214344e+02,-1.392888908185172340e+03,-8.176446005128275374e+02,-7.621130628053151668e+02,-8.623380407445017681e+02,-9.292984937060715538e+02,-1.082449939826492937e+03,-8.633711995016133187e+02,-9.573781297669390824e+02,-9.851799521139190574e+02,-1.483446371551850007e+03,-1.019008379254997180e+03,-1.199717834897636976e+03,-1.129686635512991415e+03,-1.040434588834101987e+03,-5.953622732551713170e+02,-7.192551269425885039e+02,-1.609914446908152968e+03,-1.006853459258582006e+03,-1.016731800199275767e+03,-1.049774032038120140e+03,-1.165279247280495383e+03,-9.686599072389253706e+02,-9.767781088491794890e+02,-1.301061912423137983e+03,-1.201536591353934682e+03,-1.079922227143457121e+03,-1.258199104566582264e+03,-1.467874916402894087e+03,-1.117680767131222183e+03,-9.202859799958507665e+02,-1.208616042820965959e+03,-1.324554930300309707e+03,-1.671116176755726883e+03,-9.959808756185143466e+02,-1.256282839424155554e+03,-1.154812077690849947e+03,-1.056585156997810373e+03,-1.051274842943747899e+03,-1.062388713594905084e+03,-1.153297209377331910e+03,-9.495388478468737503e+02,-8.498130126030584961e+02,-6.241958311621756366e+02,-9.787175034299741583e+02,-4.734463530654520014e+02,-4.028277839839208809e+02,-4.819744349948234117e+02,-7.128207647607055151e+02,-5.487028142770960812e+02,-6.787033936267406489e+02,-5.865687010328476845e+02,-8.175083518223902956e+02,-6.548552605750485327e+02,-3.904750008426634622e+02,-5.747151640610344430e+02,-5.973424096841125674e+02,-6.436446867153780431e+02,-6.788168808339253246e+02,-5.036926679592994560e+02,-5.654583048610074911e+02,-7.407861435968782189e+02,-6.654871356824144186e+02,-3.452979637942711975e+02,-6.765718843443005426e+02,-6.658870119326318218e+02,-7.319585492075382263e+02,-5.662417654853531985e+02,-5.997166287317677416e+02,-5.337526507006136853e+02,-6.353891121921369631e+02,-5.868140120603231935e+02,-8.952999515240952633e+02,-5.941299109073345335e+02,-5.311707292518613031e+02,-5.996490261221208584e+02,-6.278477779937149990e+02,-6.785606755697274366e+02,-9.013059787872930428e+02,-6.882327214146105234e+02,-9.990470524903123533e+02,-1.183335674846131951e+03,-6.198911257060342450e+02,-7.692188824318882325e+02,-8.985669860795676414e+02,-1.076839747379950950e+03,-9.428552261810111759e+02,-1.260291316554268633e+03,-1.376663733720291248e+03,-9.162961621062615905e+02,-9.896502463016638558e+02,-8.476112565603682469e+02,-9.914988119443224832e+02,-1.182155747453049571e+03,-8.462653826794071392e+02,-1.036460041696394910e+03,-1.111051327403266441e+03,-9.630312287433390566e+02,-1.184852725540679103e+03,-1.186141920738352610e+03,-1.102339661723794052e+03,-7.720764938068558649e+02,-9.056819393763549897e+02,-1.066456467340564132e+03,-1.160360027463489587e+03,-1.371088603619023161e+03,-1.056091588334365724e+03,-7.882126039836060727e+02,-6.250655430915038551e+02,-8.635645800513632366e+02,-1.366723232955295316e+03,-8.382409519462239587e+02,-8.588816344012473110e+02,-9.403611001996197274e+02,-1.191172253483453460e+03,-7.232479529388183437e+02,-6.681496664986409542e+02,-1.098614782466097495e+03,-1.066519693684251706e+03,-1.129869234794890872e+03,-8.180948601202846930e+02,-1.012067735336870555e+03,-7.169054277298812394e+02,-1.095581235125832791e+03,-1.175723786037804530e+03,-9.848853667501621203e+02,-6.337310447637872812e+02,-1.173578239064601348e+03,-9.480301133263631073e+02,-6.010324599645460921e+02,-8.054866589655387088e+02,-6.967480938834805784e+02,-8.278194231465633948e+02,-1.041141166034773278e+03,-4.265368725525955824e+02,-7.182020490610557317e+02,-3.340378373467365236e+02,-7.733562656515434810e+02,-6.663183883502275648e+02,-6.095216288058209102e+02,-1.723000771916357792e+02,-9.247044229948420480e+02,-6.931208155963872741e+02,-3.765074728970017759e+02,-3.947935565920595877e+02,-4.445313947422455385e+02,-7.133230630218799888e+02,-3.760676214302659446e+02,-7.847279318135863377e+02,-3.542381565062953541e+02,-3.892792366996620785e+02,-3.011461000364993765e+02,-7.301330387829068513e+02,-5.995702183357981312e+02,-4.324105349416187778e+02,-8.845000453928456636e+02,-4.896290656636944050e+02,-8.742281217375593769e+02,-6.321427286660923528e+02,-7.239696756227301648e+02,-9.247826015988382551e+02,-5.683844755355386269e+02,-7.503850376188693190e+02,-6.705957092626481426e+02,-8.437222804361172166e+02,-7.599224050054260715e+02,-7.144773329861357070e+02,-7.727176234589981050e+02,-1.137039101335130226e+03,-6.548036011928184053e+02,-6.412421908160865769e+02,-7.597845498906624471e+02,-7.357229356156148015e+02,-7.295503050456751453e+02,-7.251632802482316720e+02,-6.164642891411274377e+02,-5.828726234642831514e+02,-1.272725283099062494e+02,-2.218414899786292267e+02,-4.528758050038676402e+02,-1.810828016345547553e+02,-2.493657827895883088e+02,-8.056513523851468790e+02,-2.485948603706438291e+02,-3.719046715518353494e+02,-2.636544052143652834e+02,-5.218724474268649374e+02,-4.104770863188835506e+02,-5.572216206475654872e+02,-2.990679707244190126e+02,-1.829546766692635629e+02,-3.806515133014801222e+02,-4.404789106699128638e+02,-3.484593941762370264e+02,-2.317366030150740812e+02,-1.941374693728814691e+02,-5.132660966067395520e+02,-2.585539084777584549e+02,-3.224016395824086203e+02,-3.398224786250731313e+02,-3.962493920930583045e+02,-4.122847378559263234e+02,-4.479254397535422640e+02,-4.494056291755319990e+02,-5.098674378610645022e+02,-5.915082402360392280e+02,-2.017200101073128167e+02,-5.006787127893143747e+02,-5.675028145860214863e+02,-8.535619265720096109e+02,-4.188076840957251648e+02,-5.295711974969924540e+02,-4.338359834848456558e+02,-4.650550829206833328e+02,-8.555209640110261944e+02,-3.195767792294179799e+02,-4.394962261113848285e+02,-2.509942489993387937e+02,-4.876684596919068326e+02,-5.324142897990933534e+02,-2.252372168442447276e+02,-3.851159572315660853e+02,-6.829879961288003187e+02,-8.240031352727055491e+02,-2.743416069202830272e+02,-4.680426569410421962e+02,-4.807302759858555987e+02,-4.502559291483012203e+02,-4.651142930293847257e+02,-3.902493546042363732e+02,-4.077428592338942508e+02,-4.914996170321996374e+02,-4.910303506655184265e+02,-4.073837406302493491e+02,-4.152153622179100694e+02,-1.947164682179137003e+02,-4.698296428753777718e+02,-2.861031035264896900e+02,-2.697963913600137857e+02,-3.924074639528889747e+02,-3.965285552190555904e+02,-1.581314830380301260e+02,-1.145880064580319413e+01,-3.874376833915681573e+01,1.913994999099526240e+01,-3.476441985328926876e+02,8.978786099006771337e+01,5.350617785975759944e+01,-7.765450799550632155e+01,2.494016989987781301e+02,-5.925710389919133831e+02,-2.349313601559246081e+02,1.834679995288954046e+01,-1.015146495224708190e+02,1.194997148817074617e+02,-2.232487457342523669e+02,-3.130859623799129849e+02,-1.295824724537107784e+02,-2.956209474566370545e+02,-1.906193547055841577e+02,1.156467213134382064e+02,-2.017563750644378047e+02,-3.372795937596694102e+02,-7.944833632508175469e+01,-3.241648974903972089e+02,-2.034089106656263368e+02,-2.350496533099571366e+02,-2.725388575902618413e+02,-2.153897229747573761e+02,-3.413561208861593741e+02,-3.541289088020678264e+02,-5.906851285246232237e+02,-3.204786340157469340e+02,-4.030887732925472164e+02,-2.614814934893166765e+02,-2.548800789990003750e+02,-3.301669934795021959e+02,-3.829998960751478307e+02,-2.055088937865074286e+02,-2.423353456227398794e+02,-2.024814113277735146e+02,-2.603329095444892687e+02,-2.462238602550638404e+02,-2.483996391148217526e+02,-3.442839638759706418e+02,-1.108215683423420330e+02,-1.743240275123927177e+02,-2.490722728839268143e+02,-2.891489672438194702e+02,-3.076792947778431540e+02,-3.162774561996959619e+02,-2.853555050727699154e+02,-1.605049780089931346e+02,-1.616701084010399825e+02,-1.660669767802460797e+02,-1.771409449563661269e+02,-2.545475539407767656e+02,-4.869242103721459216e+02,-5.288250196041209392e+02,-5.552057274327139567e+02,-6.263872289466596612e+02,-4.341577446867372601e+02,-7.255131865427458706e+02,-4.096474128562391570e+02,-7.034435063250374469e+02,-6.101281561620294269e+02,-5.844205904085297334e+02,-3.864571047749757327e+02,-4.751458575211609059e+02,-6.281676560058331233e+02,-4.590134936730813706e+02,-3.930239195723426064e+02,-3.165883698322024884e+02,-7.315637032257242254e+02,-7.155945387324352396e+02,-6.835964036881937318e+02,-5.970494519324633984e+02,-5.211040215191990228e+02,-7.505399350614131890e+02,-4.155486871786210941e+02,-6.004118568136518661e+02,-5.424668189818236215e+02,-7.280343776722152143e+02,-5.452143223800676424e+02,-2.825150784028807607e+02,-3.525952381250306757e+02,-5.548191474236978138e+02,-4.452512973550244624e+02,-5.410101709969835611e+02,-6.289427274617162311e+02,-7.474738189475524450e+02,-5.887880829688531321e+02,-7.363740871765044176e+02,-7.578537156651864279e+02,-9.112516567123921050e+02,-6.989424980708428166e+02,-7.539157740441070246e+02,-7.237867359532924638e+02,-5.411656752813458979e+02,-4.769904832531431111e+02,-4.914123027650426252e+02,-3.073717836081880819e+02,-5.143589682149352029e+02,-4.114731241566910853e+02,-5.997576820374396220e+02,-8.233649642770677701e+02,-7.121234154523431243e+02,-6.113595032581167743e+02,-6.683738240999323352e+02,-5.874533062231927261e+02,-6.797725435876882329e+02,-3.812729630408948651e+02,-2.920882400318056398e+02,-3.129962371546547502e+02,-9.152538418026595082e+02,-6.822689824371707346e+02,-4.587179511322876238e+02,-7.302089000541877795e+02,-6.267317777534653942e+02,-8.340598391203134270e+02,-3.601131162641784158e+02,-5.114855461984300291e+02,-4.705096208978980599e+02,-4.385650111545827485e+02,-4.672298838778048093e+02,-3.786805158229564654e+02,-5.857280077898584523e+02,-4.932145593114297526e+02,-7.745678846578982757e+02,-6.018636237628053323e+02,-7.981650034870763193e+02,-6.365021093614652727e+02,-9.015963323329660852e+02,-1.121102379966735043e+03,-5.954043773985222288e+02,-6.013684885236389164e+02,-8.498449962631161725e+02,-7.950842181657835681e+02,-1.011799337900310093e+03,-7.582518790785853753e+02,-7.688650983047128875e+02,-7.813529902554811315e+02,-1.044737152747320124e+03,-1.027441046456642198e+03,-7.762659517337824582e+02,-8.159911833124167515e+02,-1.134130328103680313e+03,-1.284419497732582840e+03,-9.220394164406955042e+02,-7.492149084820396183e+02,-8.805905307701493712e+02,-1.138503792906533363e+03,-1.093053173814217189e+03,-8.071730887852779688e+02,-7.999053834776561871e+02,-6.830364468593879792e+02,-6.649275314523268889e+02,-5.747469630922208808e+02,-7.080422076015755692e+02,-7.727660953383292508e+02,-1.242899815743696081e+03,-5.217652803840329625e+02,-6.234679822449401172e+02,-5.143914738407885352e+02,-7.808642401059640861e+02,-9.715368764137115249e+02,-7.038509207653978592e+02,-8.321255391543813857e+02,-4.403285409268501667e+02,-4.880735361908724599e+02,-5.093535270770775014e+02,-3.373554392544841107e+02,-1.407506682096048962e+02,-3.731692434790130619e+02,-1.898138923602520549e+02,-1.264518665200881742e+02,-3.080494646926521227e+02,-2.071188224448598021e+02,-5.757030215536776723e+02,-5.318979500672706990e+02,-5.069776752790982073e+02,-3.617194757022756448e+02,-3.294276827776549794e+02,-3.711428652592134085e+02,-5.548311413569557544e+02,-5.300992782439999473e+02,-6.069896633204233467e+02,-7.816483822398010943e+02,-7.834703871720741972e+02,-6.644966316150345165e+02,-7.835391254017896472e+02,-9.843693573268119508e+02,-9.869679106706823859e+02,-1.181262653088506340e+03,-1.211158211543460084e+03,-1.264968588294351093e+03,-1.164780348529455978e+03,-1.281804278444461488e+03,-1.204276381731681340e+03,-1.310482462013019358e+03,-1.143776066865663324e+03,-1.039162197411455509e+03,-1.261051683088268192e+03,-1.421061790245649036e+03,-1.128581328784024436e+03,-1.157236914744575643e+03,-1.370203058452009600e+03,-1.397757791444403210e+03,-1.080252139873321084e+03,-1.207613221421948992e+03,-1.300402134082131397e+03,-1.053089112857532655e+03,-1.079108906044021523e+03,-1.068907663239639078e+03,-1.063803452184989055e+03,-8.365680377205043214e+02,-8.781966023180174261e+02,-1.154017975549108087e+03,-1.277288264032251618e+03,-1.468261792490477546e+03,-9.470438721955590609e+02,-1.069315206028306648e+03,-8.265486519190117178e+02,-7.860316339187249923e+02,-7.145113622072879025e+02,-9.255945109006570419e+02,-7.896071364292116641e+02,-8.629736952284154086e+02,-1.074880952659870900e+03,-7.481483062188758595e+02,-7.020345386689102725e+02,-1.034750164574725886e+03,-9.762469093689641113e+02,-7.978751036400631165e+02,-8.717810282233849648e+02,-8.421966179122830454e+02,-8.521431810586445863e+02,-8.657048860595095903e+02,-9.749838472900435136e+02,-1.110200974744074756e+03,-1.002641162214299584e+03,-1.235485927653018280e+03,-1.215865512381820054e+03,-9.111047142672940709e+02,-9.798005664618250421e+02,-1.106847188428498157e+03,-9.499892469393812462e+02,-9.788931659000413674e+02,-1.133994172241647902e+03,-1.126644480733634282e+03,-9.241567923255599908e+02,-9.564745508990395138e+02,-1.009127701252096358e+03,-1.042611512319647090e+03,-1.065881241820060495e+03,-1.268424922489720302e+03,-8.832737458707637188e+02,-1.006796050903538344e+03,-8.957631823943161180e+02,-1.128117278651767265e+03,-1.039431906800211891e+03,-7.483457870873319280e+02,-1.022399416457035386e+03,-9.250328386913100758e+02,-9.183814837207514756e+02,-1.211813373599842180e+03,-1.097146467767343665e+03,-8.573134936264063981e+02,-1.019573507286228960e+03,-8.384783685200786749e+02,-6.110072307507480218e+02,-8.915724463367058661e+02,-9.154049310752878910e+02,-9.358191576626825281e+02,-9.680081582770476416e+02,-1.191220484527119197e+03,-1.203203704580319936e+03,-1.011835187338330798e+03,-9.264145675106117324e+02,-1.101519726296086219e+03,-9.168423237057140796e+02,-1.151129013405395654e+03,-1.297990900820754177e+03,-1.435335147832983012e+03,-1.000530352722422322e+03,-9.281896394342413714e+02,-1.097399887957954434e+03,-1.217402159637246541e+03,-1.352498095950187690e+03,-9.422814002136934732e+02,-1.129340824151794550e+03,-1.136077867917777894e+03,-1.469771417642735969e+03,-1.429536996656882820e+03,-1.397654666545632381e+03,-1.199036655918304405e+03,-1.398729634521723256e+03,-1.369879641050681585e+03,-1.033911106593067416e+03,-1.227046057728765390e+03,-1.521735848133476566e+03,-1.300332993725561892e+03,-1.103697835619440866e+03,-1.428485600633481226e+03,-1.253029740565352768e+03,-1.100640152967613631e+03,-1.243085295993834734e+03,-1.338784644032247343e+03,-1.163461860148742289e+03,-9.360999652673515357e+02,-9.507911287083904881e+02,-1.258069744215924175e+03,-9.675322036474066181e+02,-1.303555345411000872e+03,-1.160475760992868345e+03,-8.863093874686118170e+02,-7.073953259411598538e+02,-5.263338665154938099e+02,-9.427371729603534050e+02,-8.688352913092139715e+02,-6.293137797990884792e+02,-3.778358507023021389e+02,-4.315863823093917517e+02,-4.641939749669678577e+02,-5.234659344118233548e+02,-3.417945135240781838e+02,-6.041441141705666951e+02,-6.972439504947818705e+02,-7.934056836578198499e+02,-8.753026929257974871e+02,-7.631541004169944244e+02,-6.625156597702425643e+02,-6.715281699013200978e+02,-4.555151000960727856e+02,-5.980465257347211718e+02,-7.171191027626615551e+02,-8.606453552077723543e+02,-9.628320235757446426e+02,-7.710644475691976822e+02,-8.797788156181841259e+02,-1.179854300995021731e+03,-1.120170907792018397e+03,-9.570402508595252584e+02,-1.059634359037064087e+03,-1.158731697295585718e+03,-8.152992841909513118e+02,-1.032057149797045668e+03,-1.281489234333754666e+03,-1.226130756558821304e+03,-1.047386258518693012e+03,-9.804829692158600665e+02,-1.125130038800205966e+03,-1.014347116691135056e+03,-1.128068787260819590e+03,-1.100605100309674071e+03,-7.636612984605870906e+02,-1.125055656089478362e+03,-1.032536018802993794e+03,-6.506289207607837852e+02,-1.038835999520888436e+03,-1.082149709462932606e+03,-9.825145702536526642e+02,-7.840404094051968968e+02,-1.079437364978819232e+03,-8.478440075387536581e+02,-1.284556622603730375e+03,-7.484832935246130319e+02,-8.967632583051772599e+02,-1.046931052714931866e+03,-1.188599500863723279e+03,-9.534731703114157426e+02,-1.047615511500432376e+03,-9.490339592659460095e+02,-1.078981624024482699e+03,-1.097653114683329477e+03,-9.297606372765131937e+02,-9.580506585739733509e+02,-1.029428256377180787e+03,-1.172219180283219430e+03,-9.423920852472683691e+02,-1.124989254976841494e+03,-1.063198123246179875e+03,-1.187200042863726594e+03,-1.116082737281603158e+03,-9.425540820417365921e+02,-1.206319359336299613e+03,-1.155890485435284745e+03,-9.452351988001671543e+02,-1.185412147827744775e+03,-1.093294910495966633e+03,-1.243619736241730152e+03,-1.029681342218463669e+03,-1.463832488464248854e+03,-8.904192112456953510e+02,-9.378699573500625775e+02,-1.260469971481318225e+03,-1.401706967216381599e+03,-1.351598782131254666e+03,-1.172572608919490904e+03,-1.215461020664208718e+03,-1.098611354230060897e+03,-1.185504254500710886e+03,-1.098448707091150709e+03,-1.149104151651746179e+03,-9.324418103712737320e+02,-1.242820340603814429e+03,-1.340486761727834846e+03,-1.159802380185907850e+03,-9.693111923366217297e+02,-1.111334154640683437e+03,-1.089301880097402091e+03,-9.876413775264948072e+02,-1.045479207219245382e+03,-1.261299271416246484e+03,-1.326219490359560268e+03,-1.353551781069453227e+03,-1.212367603686186158e+03,-1.300569109397913508e+03,-1.326704164745412072e+03,-1.245396318779246485e+03,-1.170206411008942496e+03,-1.157392589651824437e+03,-1.046437337340327531e+03,-1.331255240948523806e+03,-1.583551328533568039e+03,-1.759536360798405440e+03,-1.492317500464931300e+03,-1.088327853075459643e+03,-1.162948273554196930e+03,-1.216443989205919706e+03,-7.245835218092034893e+02,-6.709052013575950468e+02,-8.932533681458317005e+02,-9.613582762824097472e+02,-6.889316677146488246e+02,-4.725485532695877851e+02,-8.441906752959056348e+02,-9.128012299656633104e+02,-1.463385543469788445e+03,-2.304813777149644807e+02,-5.596058676975376329e+02,-7.454641483000858670e+02,-9.163515477569374070e+02,-7.682974146280946570e+02,-5.799157632830613238e+02,-6.690987844580502042e+02,-5.792564124151292617e+02,-3.984924046379134666e+02,-4.288478404240192390e+02,-1.107975229149772758e+03,-1.059484888127776458e+03,-8.905474807050763957e+02,-9.084306176655292120e+02,-3.755570438866784571e+02,-4.370421083387855106e+02,-4.807667748358054496e+02,-5.652966664600899094e+02,-4.833016387015098871e+02,-5.032417913880273090e+02,-5.051860487127641477e+02,-5.995863404546558968e+02,-4.660080121952559011e+02,-4.962485958010522609e+02,-3.901146195152857103e+02,-3.815918850404508476e+02,-3.091362191933658323e+02,-4.907268213803471326e+02,-8.202363784550479977e+02,-5.875019566747122326e+02,-9.105602256545698765e+02,-1.036966139800988003e+03,-1.085826047242037248e+03,-1.056256561178082620e+03,-8.539728869541447693e+02,-9.862902392348106559e+02,-9.224441857005186876e+02,-1.029634564513486566e+03,-9.662754653706228964e+02,-1.668185025525470337e+03,-1.739979776919569531e+03,-1.247129949773944873e+03,-1.123349670080444866e+03,-9.081408477501602192e+02,-1.094289279197834276e+03,-1.172723460214400802e+03,-1.455865052666512383e+03,-1.960851463708536585e+03,-1.360299360498195938e+03,-1.140870505826409044e+03,-1.045480508209495838e+03,-1.312092374605831765e+03,-1.424262898117388204e+03,-1.329320472836957606e+03,-1.361343861444270715e+03,-1.157514685165795527e+03,-1.319209106891784813e+03,-1.072663239192339915e+03,-1.024680388136043348e+03,-1.141837951435824607e+03,-1.038673930834087059e+03,-9.667446180102396056e+02,-1.163143013575936948e+03,-1.075474120358101345e+03,-7.128997216168768318e+02,-1.002167637694569407e+03,-1.105902953777438597e+03,-8.155204855837190507e+02,-8.210280943515997478e+02,-1.097233579755462870e+03,-7.686172088514061898e+02,-1.300247883011523300e+03,-1.351312773166352599e+03,-1.111333041946686535e+03,-1.250918007294144900e+03,-1.357324753934059117e+03,-1.448751245612753110e+03,-1.056142243188547809e+03,-1.203780932018150452e+03,-1.039991191184934905e+03,-1.368791950281464324e+03,-1.494267391370239011e+03,-1.293505051752170857e+03,-1.523368048497363361e+03,-1.063708408060600505e+03,-1.073962499227254966e+03,-1.099769936297694812e+03,-1.206749992507040133e+03,-1.132423867595958200e+03,-1.088529762090243366e+03,-1.045428573949521251e+03,-1.070127651168046214e+03,-1.085345007361984017e+03,-1.375764309540415070e+03,-1.270131936936081729e+03,-1.213112172773414159e+03,-1.156216339502944038e+03,-1.459879162800570157e+03,-1.067092205618715298e+03,-1.280090070297025932e+03,-1.345237240911400022e+03,-1.079797318310981154e+03,-1.152732830140691021e+03,-1.269012776782918536e+03,-9.467013789410062827e+02,-1.026403947204416227e+03,-1.063287044325067654e+03,-7.771870456775920957e+02,-9.237303863486846467e+02,-1.298142987316042309e+03,-1.312280332766041511e+03,-1.216813317476688553e+03,-1.121504546607626253e+03,-1.122454791417117576e+03,-1.238351107157296155e+03,-1.462025066886111063e+03,-1.371011563842872420e+03,-1.427877612226463270e+03,-1.182097784483163196e+03,-1.075250068340973485e+03,-1.403991746459987098e+03,-1.514472147870623303e+03,-1.588895032200400465e+03,-1.125949040610250449e+03,-1.358729835741476791e+03,-1.325169922638351409e+03,-1.148485959337258919e+03,-1.329636208166725737e+03,-1.724102745876053859e+03,-1.407593106161253218e+03,-1.694990037129701705e+03,-1.055883685456831472e+03,-9.062768108451158469e+02,-1.312429125775703369e+03,-1.344900878155904593e+03,-1.211126855376740878e+03,-1.079804079656335489e+03,-1.009277284717371344e+03,-1.014521045666473697e+03,-9.871967940517008628e+02,-9.006173511829367726e+02,-1.156754271281906767e+03,-1.116210615384944049e+03,-7.811140944858506145e+02,-7.982324653119989080e+02,-9.156156847726820160e+02,-7.525058729232823680e+02,-8.957902941943419819e+02,-9.407746175981118313e+02,-8.985558633321401203e+02,-9.127916668774898881e+02,-6.843672412624712251e+02,-6.441392938862458095e+02,-9.239838221026873271e+02,-1.117335265690855522e+03,-9.917001864512312750e+02,-7.564861123367227265e+02,-7.187013372379526572e+02,-5.962444877583549214e+02,-7.698802000086498083e+02,-7.189990115215497326e+02,-8.226059191605351089e+02,-7.015223667503904608e+02,-8.180729384369689114e+02,-7.650051069340812546e+02,-6.483203129203044455e+02,-7.401419930241082739e+02,-7.518531170637780860e+02,-6.366830596676733194e+02,-7.368870160081062295e+02,-5.450697690658810188e+02,-7.483124890540261731e+02,-4.504666961491586790e+02,-5.033928110001359073e+02,-5.048217816345430720e+02,-4.613977065373096025e+02,-4.887667413331030275e+01,-3.655238375919527130e+02,-4.789022006438873404e+02,-9.281544423542045479e+02,-3.152404529157712432e+02,-3.157585552142849110e+02,-7.260086227142783173e+02,-5.233999299437869013e+02,-8.009218450904506881e+02,-4.707191261410807215e+02,-7.826970717893054825e+02,-7.360971978986988233e+02,-8.640446361011559020e+02,-8.616470977237642046e+02,-1.002543798315515687e+03,-7.770382428895252360e+02,-7.874694596493786776e+02,-5.863983451931537729e+02,-1.247712582088961199e+03,-8.594948446002764513e+02,-6.621362938240249605e+02,-8.678352975346635958e+02,-1.267153074158350137e+03,-8.566343651288555066e+02,-1.424046730988342915e+03,-1.322040979837739542e+03,-1.070458801437489910e+03,-9.551966269292911420e+02,-9.945857683159567841e+02,-1.117795324035017074e+03,-1.120443519322775501e+03,-1.673516452746604728e+03,-1.125523741308855278e+03,-9.097605084901874761e+02,-1.125430825510112754e+03,-1.045803955354019763e+03,-8.782489157280597283e+02,-8.091064873728074645e+02,-1.139804872907215213e+03,-1.119848815100419415e+03,-1.052265979928323759e+03,-1.284021426375310284e+03,-1.000510536852948576e+03,-1.128724787234077894e+03,-1.047370249560546881e+03,-7.360170486818702784e+02,-8.408020393598860664e+02,-8.225305110626447913e+02,-6.568744425979242578e+02,-8.620180033874914898e+02,-4.680157314911914455e+02,-6.627062951944296856e+02,-7.672074650910860782e+02,-8.943833411235143558e+02,-7.872102363730967909e+02,-3.913558885254537927e+02,-3.340404220411354572e+02,-5.894613701666024781e+02,-8.231933389529582428e+02,-6.108244368771905783e+02,-7.700862631672397356e+02,-3.725453276755091565e+02,-7.659715150989138692e+02,-5.608787122583230484e+02,-3.360497219160362192e+02,-5.894596755918271356e+02,-4.710572616237956254e+02,-6.982121920361992125e+02,-5.994422564036663061e+02,-7.067141761166353717e+02,-6.189439947291442650e+02,-8.046666484964991923e+02,-9.909301972804790921e+02,-9.570729869218943122e+02,-6.773272694447090316e+02,-8.578714333773275484e+02,-3.359069775477177586e+02,-6.721362280615185227e+02,-5.696612948401543690e+02,-5.696680876057224623e+02,-8.424066831196923886e+02,-9.710635724562985160e+02,-9.082999765306853988e+02,-7.953811749922705303e+02,-6.946954507357958164e+02,-6.491384382803745439e+02,-6.276730539948546266e+02,-7.559016547197780937e+02,-8.236721532702565582e+02,-6.022712211826532211e+02,-5.586824363010061916e+02,-6.031404650092966904e+02,-7.496030447780152599e+02,-7.325974503062698204e+02,-1.056902738821582261e+03,-1.032555734979221597e+03,-6.468101471749660050e+02,-9.847994087547953086e+02,-8.353991550653014428e+02,-8.031115192998751127e+02,-6.027121624104706825e+02,-8.764008044200531913e+02,-1.059277012439907139e+03,-7.082242312464154566e+02,-7.492057002180195013e+02,-7.899197690495784627e+02,-8.105813857984458082e+02,-9.669624080851502868e+02,-8.485074347554466385e+02,-6.343222113695373992e+02,-8.923301264721517327e+02,-8.253737945063483039e+02,-6.050784932996904217e+02,-6.573535547978269733e+02,-8.092483075747794601e+02,-9.333976073338985771e+02,-9.461007048932708585e+02,-5.864174036305659001e+02,-1.115814550533763622e+03,-9.264784089755844434e+02,-8.265233892959963669e+02,-7.736536403643178801e+02,-4.846028239340170671e+02,-5.864868793266955436e+02,-6.850175481484200191e+02,-7.042716556119510187e+02,-7.500404460929222523e+02,-7.056060936743940601e+02,-6.891331252837576358e+02,-9.630430590996564888e+02,-8.389698600936371804e+02,-6.703320088585796839e+02,-8.393933398063486493e+02,-9.121642020972560658e+02,-7.843243497156192916e+02,-6.861878601461280596e+02,-6.720212789208876529e+02,-7.239149504241177056e+02,-8.903919410018567078e+02,-8.602748116149970201e+02,-7.149172866149119727e+02,-6.384655543935705282e+02,-1.024343567573648215e+03,-7.222861547140174707e+02,-4.953546568022785550e+02,-5.708139363061563927e+02,-7.228413055856020719e+02,-6.943224876193326054e+02,-9.291089594789293642e+02,-4.287233584707003047e+02,-1.456036413929759874e+02,-3.684831796144089822e+01,-4.771866075215594378e+02,-3.015521005305626545e+02,-3.693332011660052103e+02,-3.038648538150835066e+02,-8.092086440461154098e+02,-7.925019440197870608e+02,-3.982573589911022509e+02,-4.756734896009761542e+02,-4.414812596560800557e+02,-4.602375545896787230e+02,-4.074349417075524684e+02,-6.173639211200277259e+02,-5.466394542621002302e+02,-8.165254660349853566e+02,-3.329267681873128026e+02,-6.951819098226840197e+02,-6.563866426368401790e+02,-1.086506866636037557e+03,-9.959472673141667656e+02,-7.707829396072922918e+02,-5.318133992564553409e+02,-6.512735082412791598e+02,-8.701009630819971790e+02,-7.705530642179044207e+02,-6.958245959406801830e+02,-9.161933954781749208e+02,-5.416667306662556030e+02,-7.457689783088542299e+02,-4.965291093006309211e+02,-6.431685351036612701e+02,-6.458560164942268784e+02,-1.000699482019818902e+03,-7.921162428982780739e+02,-7.736389693953223059e+02,-7.641335500639684142e+02,-7.546689752795150525e+02,-7.359218211465047261e+02,-7.909085383072040258e+02,-5.008212070087643610e+02,-6.704599929499438531e+02,-8.830375684658793034e+02,-5.911072254370286601e+02,-6.479521741634116552e+02,-9.264495653692822543e+02,-3.645432146902584805e+02,-7.033426967147638607e+02,-6.084420946997189503e+02,-3.055389386173870889e+02,-5.729080169207227300e+02,-5.515160634058216829e+02,-2.661726532521519175e+02,-5.728731812752598671e+02,-4.023308855614022264e+02,-2.672028398544680385e+02,-4.409025883995208801e+02,-3.106061875697250798e+02,-4.886057625338369803e+02,-4.318797093692913336e+02,-3.516863870934928400e+02,-5.513112997435133593e+02,-3.509478575945978491e+02,-2.556885809307015904e+02,-2.352494782230767214e+02,-4.786144334206327926e+02,-2.883217597475999696e+02,-1.337859604245909395e+02,-6.485549719916893991e+02,-5.313753561518628885e+02,-4.083783729307036765e+02,-5.403428448827170314e+02,-3.281827442933418979e+02,-4.624553175461557544e+02,-6.469688931090402093e+02,-4.467363614271762344e+02,-3.722590306620142542e+02,-4.365725938930228835e+02,-4.798450449547372045e+02,-7.023267161513995234e+02,-4.546615635921996841e+02,-4.457115329674505233e+02,-2.690364860167017582e+02,-6.132177447744085157e+02,-7.560716182837420547e+02,-7.120950010804592694e+02,-5.095738412005380837e+02,-6.308501476192408290e+02,-8.630432099773591972e+02,-6.379093107542779535e+02,-4.372167638091398203e+02,-4.474343018435670274e+02,-5.403321132861606202e+02,-5.897775448038253217e+02,-4.811776611439686349e+02,-5.348033273367969969e+02,-6.571279295112915406e+02,-7.926702519428480400e+02,-6.418657207457316645e+02,-7.564520437466667317e+02,-4.702800375034154285e+02,-6.774017602797914606e+02,-7.361489905449955131e+02,-5.998839992049405510e+02,-7.769117783297849655e+02,-6.624365680832273711e+02,-5.798028576875951785e+02,-6.205443362566969654e+02,-3.269910388399000567e+02,-4.357988726164554691e+02,-3.361686631701815031e+02,-1.660109181686196962e+02,-3.759746149780918927e+02,-2.026136418224861302e+02,-1.211176670631449781e+02,-7.362039363795297504e+02,-5.878299218874947201e+02,-5.378033235561875927e+02,-1.917619706297428479e+02,-3.214023373120535325e+02,-2.857465407065745921e+02,-4.454524766706508103e+02,-4.394805313332426522e+02,-7.507847212113125579e+01,-3.473954264520860420e+02,-1.484805038666290784e+02,-4.102243585452632146e+02,-4.269385095239036332e+02,-3.275710647331234213e+02,-6.776982201164973958e+02,-3.371736513175542314e+02,-4.558157668074890125e+02,-5.350657475123018685e+02,-2.442001914189463605e+02,-5.161342714766733479e+02,-5.385319068291834128e+02,-4.717867218657147532e+02,-3.059435473432193362e+02,-3.802409985460122357e+02,-5.087372014648749428e+02,-5.507862859153192403e+02,-6.770757205609149878e+02,-7.719982288825378873e+02,-6.625853410530667134e+02,-3.515248503325180423e+02,-3.025897303023864424e+02,-2.973171707681268572e+02,-3.317404861447113831e+02,-3.592492141235446752e+02,-3.955142512402039188e+02,-2.559090804074851633e+02,-6.086900185717598788e+02,-5.621877745686696244e+02,-1.074782001815048034e+02,-1.448439229021766153e+02,-2.363819334405747554e+02,-4.215841166450817354e+02,-1.434934008659561187e+02,-2.717706412636507594e+02,-4.233974836220771181e+02,-3.033708799131481442e+02,-2.769231916447445201e+02,-1.842185475419731517e+02,-3.846536038544056737e+02,-4.628207838185937248e+02,-6.741773330309951007e+02,-4.382193112218920987e+02,-9.003214034063239524e+01,-3.356022099168236537e+02,-2.052972643474718950e+02,-4.972734474370353155e+02,-3.642062413596352144e+02,-3.388577791927305043e+02,-3.122948381177504302e+02,-3.438649330507674904e+02,-4.906945292984739808e+02,-5.963603358003631456e+02,-4.604002593075292680e+02,-3.469620687008310824e+02,-4.192317160750941412e+02,-4.946144566406923104e+02,-6.254327843179175943e+02,-5.231546568976157232e+02,-5.297161087927956942e+02,-3.867242372277599429e+02,-3.948110654570348856e+02,-4.888781213293341352e+02,-4.159346048058171164e+02,-6.815644018889495328e+02,-5.343856992871354805e+02,-3.057438712768508822e+02,-6.132660550136043867e+02,-2.712497381020930902e+02,-4.135086339758194072e+02,-5.708545307570157092e+02,-6.457884527730578839e+02,-5.943438936068894236e+02,-8.355228996532746351e+02,-6.011072238753426973e+02,-7.394573763207135926e+02,-7.432297889804106035e+02,-5.690312443121489423e+02,-8.409120699449954373e+02,-6.687726723120485985e+02,-8.942733670264804005e+02,-3.326999849744817652e+02,-4.959599806670817088e+02,-4.881405093215051352e+02,-3.908636313264595401e+02,-5.657472155094403661e+02,-4.436695291606847604e+02,-5.648910017515239588e+02,-5.116897360671504202e+02,-4.141975882662722483e+02,-4.289686394655153663e+02,-4.102983352549155143e+02,-2.920496579520598175e+02,-1.449051944550829205e+02,-3.466142922222410334e+02,-6.124864640373585871e+02,-4.737928286435753762e+02,-3.580669277563015385e+02,-5.196724426235241481e+02,-2.322162284507880372e+02,-5.544114292400040540e+02,-3.979351863431806464e+02,-4.269054155913104296e+02,-3.970703862069276511e+02,-2.607845215206486387e+02,-3.151801593820107996e+02,-1.436210197301182063e+02,-1.505487563792094079e+02,-4.342161728269027776e+02,-2.273683901616296339e+02,-6.289879736924681310e+02,-4.304516089391730702e+02,-3.030780409975855605e+02,-1.879857726150177086e+02,-4.597513497060812711e+02,-2.986945364033055057e+02,-3.754784934942317705e+02,-7.931531012250252388e+02,-5.793495680288159519e+02,-5.187711081636499557e+02,-8.146019069568833402e+02,-6.409888105109043863e+02,-8.023124934302529709e+02,-9.891536283988066316e+02,-7.143471826644129123e+02,-8.629050019084888845e+02,-1.050476771974575968e+03,-4.734779024361485540e+02,-9.022563409492363462e+02,-6.786899982341894884e+02,-7.859696648307069609e+02,-7.653136448564856664e+02,-7.297361907915660595e+02,-1.023311053867358964e+03,-8.427865512304042568e+02,-7.678040739114450162e+02,-7.924192082332735936e+02,-7.242825895455794125e+02,-5.637276887299988175e+02,-6.460145066035961463e+02,-5.845292188431504883e+02,-1.174461233551491887e+03,-7.705319035367599554e+02,-6.372270737202976534e+02,-5.230828167444331029e+02,-6.798529038411846841e+02,-7.236903968812729318e+02,-5.632802408781034273e+02,-6.093171760147382656e+02,-3.356000519687381711e+02,-3.026324159405588716e+02,-3.707170462156905728e+02,-2.165798901986135263e+02,-3.677488665817816127e+01,-2.856582486994521446e+02,-1.982471031990764629e+02,2.788715297365502011e+01,-3.222175821857695155e+01,-6.583584404081500452e+01,-2.990101335092733166e+02,-3.163794379199125615e+02,-4.234800390263504823e+02,-4.128027893890824771e+02,-4.233234160257587746e+02,-4.896004662440366246e+02,-5.414763820049622609e+02,-6.167462487542508143e+02,-6.220918685912901083e+02,-5.590959802897531290e+02,-2.386191270401247664e+02,-7.742382591311456963e+02,-7.600595594573575227e+02,-6.551771981751012390e+02,-7.129883207037939883e+02,-7.193620073491058520e+02,-1.063324302871747932e+03,-9.219197145950261074e+02,-9.788790702367846279e+02,-7.356365091976242638e+02,-7.023372653898559292e+02,-8.182881091667774172e+02,-8.539308050662277765e+02,-8.168507367448917194e+02,-9.344819021652824631e+02,-9.834841406594819091e+02,-1.149863909546889545e+03,-1.059817369873940606e+03,-1.021030396722992464e+03,-1.202329116085922351e+03,-1.179830479727684406e+03,-1.122575295298906894e+03,-9.855698535319646680e+02,-7.491398823706542771e+02,-5.753457250479340246e+02,-8.065715281431027961e+02,-5.499695801689542805e+02,-7.511515005244510803e+02,-7.034172363965171826e+02,-9.754025054911537609e+02,-1.326284523083467320e+03,-1.526569136170931642e+03,-1.156101618522167428e+03,-1.122019051993093171e+03,-8.630324728194225372e+02,-9.110936693854467876e+02,-9.353638244932245698e+02,-1.035795444688744055e+03,-8.905710625287028961e+02,-7.511296653193479642e+02,-9.478149656385641038e+02,-8.379825080251476948e+02,-8.349614414244978207e+02,-9.538176317118584393e+02,-1.110774845455481909e+03,-1.058556253782529893e+03,-1.114814095739309550e+03,-8.614944622734328732e+02,-8.781396366180398445e+02,-1.081381548312810992e+03,-1.284172224446901964e+03,-1.321694696254665814e+03,-1.112050000556401756e+03,-1.072633242044549206e+03,-1.316865890085521642e+03,-1.479185486491664960e+03,-1.207255251125676068e+03,-1.110892049252146990e+03,-1.345441317408447958e+03,-1.256456506019950211e+03,-1.430671888238782458e+03,-1.347376276989698454e+03,-1.109480790664966207e+03,-1.160789993770556293e+03,-1.455121687050740093e+03,-1.600149921508192165e+03,-1.372393180623898388e+03,-1.256845139683133084e+03,-1.570456949538329809e+03,-1.363790697516014916e+03,-1.243600387195599978e+03,-1.468972803187175941e+03,-1.517182973697490070e+03,-1.333149567198142677e+03,-1.345027254125827312e+03,-1.421541463770558039e+03,-1.488124663598409825e+03,-1.538202673752397686e+03,-1.455123332241164917e+03,-1.577052638282913904e+03,-1.396437206776199218e+03,-1.484463976129873117e+03,-1.538889188946749073e+03,-1.359835616840461171e+03,-1.359362910292905781e+03,-1.468614561718891537e+03,-1.257618696361250159e+03,-1.351367195473220136e+03,-1.418962361171581961e+03,-1.468436686348154581e+03,-1.142383933494764278e+03,-1.222813618197637425e+03,-1.326920196039453458e+03,-1.333692199607148041e+03,-1.359050825199602059e+03,-1.570803308259085497e+03,-1.297802285894943907e+03,-1.530556367247425896e+03,-1.319593501734238544e+03,-1.269432932672913921e+03,-1.237083071361523935e+03,-1.418973341946299570e+03,-1.328201784562361354e+03,-1.316553150868995999e+03,-1.254088934278953730e+03,-1.462106597888578108e+03,-1.689664110426227580e+03,-1.634510119706246087e+03,-1.669650390938542614e+03,-1.669375237693635427e+03,-1.343555762701699223e+03,-1.523070523811348266e+03,-1.652803815926172547e+03,-1.668249701540898286e+03,-1.545474415862429169e+03,-1.370384451771029944e+03,-1.690868896331546239e+03,-1.476002659711838987e+03,-1.630796006502934233e+03,-1.876649880326066523e+03,-2.214743006582290491e+03,-2.057547540690340611e+03,-1.748340134040081693e+03,-1.333076710891973789e+03,-1.524039710799798058e+03,-1.650982810888674067e+03,-1.878125182578799695e+03,-1.820032356763491862e+03,-1.626115746396581017e+03,-1.834786532900023303e+03,-1.944349483639440450e+03,-1.817849179931059325e+03,-1.527944690132997948e+03,-1.254383791465231525e+03,-1.151459549268798810e+03,-1.290744997771331782e+03,-1.311003850262910646e+03,-1.086654051564252768e+03,-1.470399321942919869e+03,-2.118114177331146493e+03,-2.294043947872488388e+03,-1.567807960658266438e+03,-1.254162964169897805e+03,-2.008423277409364573e+03,-1.510818606711096436e+03,-1.218744484759833085e+03,-9.140822073050995868e+02,-1.175694757132412860e+03,-1.107254757636684417e+03,-1.021834017960604797e+03,-1.376575276317806583e+03,-1.325536876628171740e+03,-1.136747592368354390e+03,-1.094923377684258412e+03,-1.423174376906385532e+03,-1.330808657632126597e+03,-1.526913531464652351e+03,-1.487025712398331279e+03,-1.516645146292300979e+03,-1.766760862211351650e+03,-2.221591556927224701e+03,-2.515677919646194823e+03,-2.054192021076435594e+03,-1.884564839196885714e+03,-1.822137722419116471e+03,-2.292826547860033315e+03,-2.075871338975560320e+03,-2.026933934218044442e+03,-1.674307528701069259e+03,-2.143375341241547630e+03,-2.032971169331043257e+03,-1.789661858876535462e+03,-1.921725456511082712e+03,-1.769165239328593316e+03,-2.402031063527705555e+03,-2.018750540252779956e+03,-2.072804669900548106e+03,-2.211363049095818951e+03,-1.997464921084167599e+03,-2.265831984458757688e+03,-2.384003416219849441e+03,-2.382222698369218961e+03,-2.229433711326735192e+03,-2.304402832084330839e+03,-2.427210857079211564e+03,-2.234333394783651784e+03,-2.334086991903726812e+03,-2.285191014636330237e+03,-2.234335046710625647e+03,-2.377009552620015711e+03,-2.178943897619003110e+03,-1.764286274274665175e+03,-2.321560679947066092e+03,-3.232311745603011332e+03,-2.852235117026829812e+03,-2.183489070367952991e+03,-1.719080650711658336e+03,-1.370652011899513127e+03,-2.260482067114644451e+03,-2.006445579631911187e+03,-1.632129530127539056e+03,-1.380946527599480305e+03,-1.734002013204472405e+03,-1.515117335261044218e+03,-1.485312366805055717e+03,-1.586757575868717140e+03,-1.533094238462182830e+03,-1.425216270639256209e+03,-1.273625928836483581e+03,-7.824643647436629408e+02,-9.771796999597806916e+02,-1.232989170236928885e+03,-1.408751640910006245e+03,-1.389567560187714889e+03,-1.417045992574462616e+03,-1.396490098229878413e+03,-1.468015242399029148e+03,-1.177705203578254896e+03,-1.175732132327471845e+03,-1.420582712147393522e+03,-1.472820793293564748e+03,-1.552806421280137783e+03,-1.505348522549482368e+03,-1.429911470843333973e+03,-1.702356616086691474e+03,-1.495754350052961172e+03,-1.464161755872574759e+03,-1.405608594698313937e+03,-1.253433436224699790e+03,-1.246190338140325821e+03,-1.219023944275841586e+03,-1.362432539903310044e+03,-1.368314145180258038e+03,-1.616374669145121288e+03,-1.556745906284708553e+03,-1.241143853670690078e+03,-1.371673082470023246e+03,-1.393207678561951070e+03,-1.289642169503796595e+03,-1.429890136443144456e+03,-1.007064329132189073e+03,-1.506440193146017464e+03,-1.701041304550332825e+03,-1.433701091476820920e+03,-1.562758699111683200e+03,-1.670166475760365756e+03,-1.449798997830313510e+03,-1.677815299684518777e+03,-1.726382782997559616e+03,-1.209071991173861534e+03,-1.292168837969175911e+03,-1.452191372617089201e+03,-1.608320705768566540e+03,-1.373935901735929065e+03,-1.438082646410117377e+03,-1.196907106998605514e+03,-9.397757187545500983e+02,-1.239245765727859180e+03,-8.965484618761302045e+02,-1.019373050587003945e+03,-8.349345663565727591e+02,-8.283223651561100951e+02,-1.128035898459358350e+03,-9.726942291447030584e+02,-8.945742066154939494e+02,-8.503719635832459289e+02,-9.639727564841513185e+02,-7.281374698230112017e+02,-6.689240004811327935e+02,-7.430076949192709890e+02,-7.051743745528333420e+02,-8.455991000877032775e+02,-7.926062820195850236e+02,-8.082080317942846932e+02,-9.240740726947541361e+02,-8.369427374020806383e+02,-7.472261415929386885e+02,-6.594172900152166221e+02,-8.942095211579985516e+02,-1.020629627407226053e+03,-1.005421609487124897e+03,-1.015874569272735698e+03,-1.060893522088741065e+03,-1.090770733952685077e+03,-1.495332383498743866e+03,-1.101078764786293959e+03,-1.293106931287981752e+03,-1.299139527052417634e+03,-1.406773668659526493e+03,-1.627260361284528472e+03,-1.760991590799559845e+03,-1.866532512047315095e+03,-1.803498877589750009e+03,-2.063050561523620672e+03,-1.785906591930192690e+03,-1.353793731877324262e+03,-1.496845249755439909e+03,-1.810257976083142921e+03,-1.810880540024453012e+03,-2.024791183880202652e+03,-1.639040442622482260e+03,-1.610040720720869558e+03,-1.649700646614834113e+03,-1.738076021913203022e+03,-1.894403078808482405e+03,-1.996337065595185550e+03,-1.715751513908801371e+03,-2.242296930319926560e+03,-2.649042637205955543e+03,-2.406790202445001796e+03,-2.077554524373598269e+03,-1.739780177011323303e+03,-1.756904458416512625e+03,-1.500000421044923542e+03,-1.557173623851588445e+03,-1.882070219591927980e+03,-1.279049408363277507e+03,-1.439215810631496879e+03,-1.656351040917540104e+03,-1.388275403837634258e+03,-1.559562172195825951e+03,-1.370921459987008802e+03,-1.029104739598011747e+03,-1.187914832073167872e+03,-1.345334381906227691e+03,-1.535030715917634780e+03,-1.172393168573119056e+03,-1.079622906884459553e+03,-1.479699359056867252e+03,-1.446163847742086546e+03,-1.113287225401670639e+03,-1.307716276221091221e+03,-1.490702189361159753e+03,-1.637282757124932687e+03,-1.327618723768983273e+03,-1.383407566035493801e+03,-1.064887098350582392e+03,-1.213055867487189971e+03,-1.321012927826831856e+03,-9.446791269198566852e+02,-8.915160920401921203e+02,-8.630981211703976896e+02,-8.828744029880908784e+02,-7.242024745096279048e+02,-1.091772142799585936e+03,-1.017104113844669541e+03,-9.704089240313377331e+02,-9.456867919609819637e+02,-1.192165220660326213e+03,-9.870250170772467300e+02,-1.040129653826259073e+03,-1.082386634457764330e+03,-7.545275198408634196e+02,-8.645217156913108738e+02,-9.621198467158274070e+02,-1.130498397306856759e+03,-1.050467808650741517e+03,-4.737814123958813752e+02,-2.395892266618675990e+02,-7.584741867942984754e+02,-8.679798540691350581e+02,-1.109764145023874789e+03,-8.781928417908152369e+02,-8.350130462367095561e+02,-8.010963236921058979e+02,-6.826861052542477637e+02,-1.124714781731419407e+03,-8.769828374075103739e+02,-1.202184415131769356e+03,-1.178328373448435741e+03,-8.051841267465476903e+02,-7.753927940695880352e+02,-9.398551402256262008e+02,-9.834212350951340795e+02,-9.939098996741636256e+02,-1.253672641316909221e+03,-1.198743023878707163e+03,-8.160938888497075823e+02,-1.271158621155148467e+03,-1.085816848683507487e+03,-1.063234219293547085e+03,-1.146215418397276153e+03,-1.286143629519184287e+03,-1.386021233754407149e+03,-1.285932476706934949e+03,-1.534571760919244753e+03,-2.003494400653899902e+03,-2.060992208730674065e+03,-1.737936600790173543e+03,-1.305956799140314615e+03,-1.144353643097548229e+03,-1.105113260930779461e+03,-1.267792081745832320e+03,-1.653804142298152328e+03,-1.601530804613436658e+03,-1.384340102405245943e+03,-1.638408626777959853e+03,-1.144117564672362505e+03,-9.299520329177373696e+02,-9.919275030045995436e+02,-1.172239968818985744e+03,-1.200278242801038687e+03,-9.785393991537209786e+02,-1.198120545581956094e+03,-1.261403139196238953e+03,-1.262135163726527026e+03,-9.562559274655321815e+02,-9.522372941337722523e+02,-1.570274683211758202e+03,-1.385618898726195539e+03,-7.626335752887530361e+02,-8.016095313304185765e+02,-1.031164411030731571e+03,-9.100930647710656558e+02,-9.022611519102424609e+02,-1.129951780762663248e+03,-1.452840483128909000e+03,-1.206969635155254991e+03,-1.261836114589040790e+03,-1.105849001088502064e+03,-7.479385936645106767e+02,-1.057553802631685357e+03,-9.381315555077192130e+02,-1.191978841240328393e+03,-7.266180936311601499e+02,-6.867430483810148871e+02,-6.102702147023454700e+02,-5.367502727110282876e+02,-4.812706152713374763e+02,-5.194994263152692611e+02,-7.097928053076421975e+02,-6.931175520241631602e+02,-3.857434348806977482e+02,-3.803150915670114500e+02,-7.786998454262457017e+02,-1.150144188602967915e+03,-1.036494662863203530e+03,-9.059478388217756901e+02,-3.404088573193780007e+02,-4.099357604018694019e+02,-3.148810360720887047e+02,-8.091014334044734824e+02,-1.066390621824184109e+03,-9.908240900275517333e+02,-1.298198203316423815e+03,-1.407255120035157915e+03,-7.461433643757575283e+02,-7.090942425431649099e+02,-8.627230688557237954e+02,-1.004092170246241267e+03,-8.774410817245418457e+02,-7.947909779886250590e+02,-7.232507349414745477e+02,-9.883493659486763363e+02,-6.078285786054711934e+02,-8.458631550867651185e+02,-1.060473974808806815e+03,-8.561928968038805579e+02,-1.127537377079645466e+03,-4.296427527393554442e+02,-1.106713982712468351e+03,-9.756584750708119600e+02,-7.022845956873961768e+02,-9.312202108866977142e+02,-1.146245551823313235e+03,-1.394798430889444489e+03,-8.217978170826443147e+02,-9.989989421780788916e+02,-9.604762414316628565e+02,-1.233945150392808500e+03,-1.549374382708057738e+03,-1.131635918963952463e+03,-1.104090626310145126e+03,-1.142305478254157606e+03,-1.907699888629209909e+03,-1.166240620099235002e+03,-7.607955946316715199e+02,-7.951096486623530382e+02,-1.147079488399341471e+03,-1.368410250646855729e+03,-1.352995867603202441e+03,-1.361157254443186957e+03,-1.085572947568402697e+03,-9.068518267899434022e+02,-1.105990538392140934e+03,-1.383096729767530633e+03,-1.137328149207731030e+03,-1.105588300534926930e+03,-9.452422364042145091e+02,-1.078719596415672413e+03,-1.054067782412679662e+03,-1.665019633062453295e+03,-1.810120716025830234e+03,-8.760429224493784659e+02,-1.284332967168754521e+03,-9.407062272647319787e+02,-7.017657546460638969e+02,-6.924257152406943305e+02,-8.423892661500826762e+02,-8.746891675043343639e+02,-7.648270051447841524e+02,-8.756781423889112830e+02,-6.538035700740537095e+02,-9.744989807978754470e+02,-7.738049454109641374e+02,-9.252993103685329288e+02,-6.137493198097603226e+02,-4.106785108785584271e+02,-6.228139528215798464e+02,-4.996528434741215392e+02,-4.482399839476781835e+02,-5.703651349116551046e+02,-7.266589812041245295e+02,-4.560166068015898304e+02,-6.888395686414309012e+02,-4.727187025599042158e+02,-5.015384451720083803e+02,-4.520847348433968591e+02,-4.866438907327178640e+02,-5.533083887787734056e+02,-4.039704661716915552e+02,-1.998444010021546262e+02,-4.562181730589578592e+02,-3.367478619557252841e+02,-4.288763665804400489e+02,-7.798303163296370712e+02,-7.307841595471938945e+02,-5.467553317587919537e+02,-7.643824471927280229e+02,-5.198980119504465165e+02,-7.287828110579132499e+02,-7.631222699941795327e+02,-6.560049774460459275e+02,-6.209599503650081260e+02,-7.495505751777700425e+02,-8.499427278058759612e+02,-6.182374692141329433e+02,-5.696356686168951455e+02,-5.309675213596149206e+02,-7.764967207386811197e+02,-4.401897800373164955e+02,-7.140002597313274464e+02,-6.057600498290969426e+02,-7.108316998870072894e+02,-4.466430919829398363e+02,-1.003734293162150607e+03,-7.111605994471356098e+02,-8.178515265580729192e+02,-8.047597215288749339e+02,-5.762076319425495967e+02,-7.236002886137948735e+02,-7.996500462472416757e+02,-8.911646675371940773e+02,-6.813489988406928433e+02,-7.898245127587431398e+02,-7.809422808414146857e+02,-5.911501347626832512e+02,-7.119682729736334750e+02,-9.500342143061880051e+02,-7.882574743121233496e+02,-8.323420065893271840e+02,-1.000826208763056115e+03,-9.375629976235910590e+02,-6.129094967202548787e+02,-8.336895120908355921e+02,-9.703247941101129754e+02,-8.625533531699616105e+02,-7.702581897739939905e+02,-9.757254928526219828e+02,-8.965887182424586399e+02,-8.188747685819485014e+02,-8.050624877012041907e+02,-8.325214922650318385e+02,-4.720632181502344906e+02,-8.742015839911947523e+02,-6.914918238453896038e+02,-5.912081416081078942e+02,-8.729322543738537661e+02,-9.013933188552218780e+02,-7.665032776580460450e+02,-7.617300072928469490e+02,-7.404890547580401972e+02,-7.607647429904122873e+02,-9.712384066581114439e+02,-8.564548499416812319e+02,-6.928392048856139809e+02,-1.001584110022521486e+03,-6.643697846839008889e+02,-7.375004442493192300e+02,-6.056609116308441116e+02,-5.363228652208131280e+02,-8.209187376348053249e+02,-6.881494778689993836e+02,-7.207885503834106657e+02,-5.837606742617518876e+02,-3.861246969706839991e+02,-6.696677555994230033e+02,-5.294319927461024236e+02,-4.991300002415808876e+02,-7.760148150279524089e+02,-1.693349945076816141e+02,-6.092023918475612163e+02,-8.070315197248545473e+02,-5.705341725306603848e+02,-5.665794123478909796e+02,-7.559025784125585687e+02,-4.997013880412776530e+02,-6.267646749379216544e+02,-4.897559778781030673e+02,-7.788006662036818852e+02,-4.970091461409028852e+02,-5.682090280876396946e+02,-8.420496769492310705e+02,-5.906553704394571014e+02,-4.883877073249053069e+02,-8.348515734567176878e+02,-7.040711503113817571e+02,-4.934756677337288124e+02,-6.447913602571790079e+02,-6.117324029179851550e+02,-8.038399126732800823e+02,-5.371527773825940812e+02,-6.336076978204040415e+02,-6.332806028247536005e+02,-3.889635005149725657e+02,-4.249245018952471469e+02,-6.146844249429433376e+02,-6.167324345226795685e+02,-5.219449458020231987e+02,-6.815889833399334066e+02,-4.081900201531337871e+02,-3.465242298921839961e+02,-4.347193853151457574e+02,-7.026765801983951860e+02,-2.960043858269378916e+02,-4.154733951292755592e+02,-4.347526589047483867e+02,-1.573375548401352262e+02,-2.471689584267916473e+02,-4.456684073915545810e+02,-3.051086494706372036e+02,-3.520578280219273211e+02,-6.109025718267573666e+02,-4.408784252384435263e+02,-3.994321112808640351e+02,-2.742165514181415347e+02,-2.185166930953790256e+02,-4.169864692360434901e+02,-4.887733044823845603e+02,-4.193940979455862816e+02,-3.089030673464003485e+02,-5.223475972956993019e+02,-2.383490777240522505e+02,-3.783298813748589282e+02,-2.830403405639406742e+02,-5.279843102242712121e+02,-5.850556520000925502e+02,-7.299557369609905777e+01,-2.406926248743630481e+02,-4.262134484568014159e+02,-3.128803863579440758e+02,-3.779573116108102795e+02,-3.071536547565744968e+02,-1.840163658543115446e+02,-2.370490729794536833e+01,-3.063410059577990410e+02,-5.169639400173050490e+02,-1.816092288873825282e+02,-4.332280989398383326e+02,-8.300666567009581058e+02,-6.461417977233426200e+02,-2.021976620649743381e+02,-4.318308686733826107e+02,-7.029503649853211300e+02,-2.036509542324871234e+02,-2.794592174170238650e+02,-2.885743320169361255e+02,-4.275461035625417026e+02,-6.022336507904856262e+02,-4.317256394861533977e+02,-6.330813239475443197e+02,-5.869306400523037155e+02,-4.100406659349791880e+02,-5.050604947541588103e+02,-3.871139479930242828e+02,-3.332107952914298608e+02,-3.006822984350056913e+02,-3.571393327506840478e+02,-3.530193139837660965e+02,-3.285173373209055967e+02,-4.577119096928579438e+02,-4.774760115393765432e+02,-2.540278626470251879e+02,-1.685302525247597600e+02,-3.537986707520195182e+02,-4.750163512540406145e+02,-3.864286307295137135e+02,-4.017292487799022638e+02,-2.937735785412128280e+02,1.112244917331307192e+01,-9.925726045668974962e+01,-1.683983753501678109e+02,-1.908098224030861729e+02,-3.605852538709596615e+02,-3.817296619498088717e+02,-3.477240914627140569e+02,-2.722311903533086479e+02,-1.705391388061362079e+02,-2.085922324798347063e+02,-5.811325412382691411e+02,-4.675350067206122731e+02,-3.184167896323374976e+02,-2.445371730418032712e+02,-3.838040085089145919e+02,-2.463398519931593000e+02,-3.305971887308053283e+02,-4.882050056755363698e+02,-4.432024944560585595e+02,-1.075026568610481377e+02,-1.136820739261588642e+02,-1.574058635565860413e+02,-3.544528866836081988e+02,-4.533986118947316299e+02,-2.898096639265585281e+02,-5.502305381376485229e+02,-2.077954940413666520e+02,-1.349692831922783398e+02,-2.653847983961063619e+02,-4.192393276113326692e+02,-6.863181873563503359e+02,-3.205740703166979415e+02,-2.545897889399708731e+02,-1.580377208887551888e+02,-3.587024402004232115e+02,7.540482214964896457e+00,-1.880262247152630550e+02,-2.631657464561662891e+02,-2.563995359172843678e+02,-2.812847713840027950e+02,-7.407307680429579477e+01,-2.345414193353451822e+02,-1.889602474021032208e+02,-1.302574801732550327e+02,-1.366347559161496008e+02,-4.587504353142272748e+02,-2.277905088915771898e+02,-2.610801839809707872e+02,-2.049707339902174397e+02,-1.689256433256130379e+02,-2.544053392887417431e+02,-8.329551536754723884e+01,-3.505112934921547208e+02,-1.866707577573527601e+02,-8.319297899941585683e+01,-1.001257082695397713e+02,-2.411661154502688760e+02,-2.501166574168063335e+02,-5.562998296690378197e+01,-2.888282318063724006e+02,-1.278134609249257778e+02,-2.836956019733836456e+02,-2.676958537457184661e+02,-5.657976845001286392e+02,-3.453217694240957485e+02,-3.068137842784427676e+02,-4.450440255142426622e+02,-3.490118816583511716e+02,-2.243335300196795856e+02,-3.597594191296830104e+02,-3.293702721067384687e+02,-5.416690471607263362e+02,-2.030548018386831473e+02,-1.538392173529744014e+02,-3.009822572976503352e+02,-2.145659889539379890e+02,-3.579912164534868566e+02,-6.886369261131485473e+02,-7.605024810301524667e+02,-6.252463810840414453e+02,-7.125330547807002404e+02,-6.875946362156118994e+02,-6.149767895469192354e+02,-6.890071838108095790e+02,-5.119177859729485931e+02,-3.334496181104951802e+02,-6.022496552174650333e+02,-2.292029240804882591e+02,-2.876439285518295605e+02,-2.767174030248712597e+02,-2.180367747070058897e+02,-1.879035373543708829e+02,-2.987224907948677810e+02,-4.987546189306245878e+02,-3.525519254251332200e+02,-2.595281520837966127e+02,-3.325312614719413773e+02,-2.128425640089158719e+02,-2.661490924827450044e+01,5.633611124412465188e+01,-1.437131848922888651e+02,-3.803166005398530842e+02,-3.734037528667500396e+02,-4.672134968547061362e+02,-4.757938175787492128e+02,-4.913086304665604302e+02,-4.401550894242665777e+02,-4.091417252496500510e+02,-2.036372167556132808e+02,-5.232660501921519653e+02,-3.330196786627593610e+02,-5.587053227923363465e+02,-3.378428098766640915e+02,-2.334062265963248421e+02,-4.905704314353750419e+02,-3.212022805490865949e+02,-5.807481285437741008e+02,-7.465621456168364602e+02,-6.196950539621013831e+02,-5.329217161244090448e+02,-7.979675802785341148e+02,-8.203422165476202963e+02,-4.419842514710527439e+02,-5.847591945726054519e+02,-7.141468597813953920e+02,-6.366349966108191438e+02,-9.028324678149924694e+02,-6.893665610218463371e+02,-6.160280564442856530e+02,-7.436928916637776865e+02,-8.388634406189389665e+02,-8.134679484615522824e+02,-7.987301684897938685e+02,-7.787238700955608692e+02,-8.944746092678994955e+02,-9.728048265780737438e+02,-4.471872268683232505e+02,-6.139618333291750787e+02,-6.425054397718274686e+02,-6.753006241708942525e+02,-8.009322699204051332e+02,-9.476908018347547795e+02,-7.155740623035351291e+02,-8.339868857098151693e+02,-6.174752446307434184e+02,-9.051210650538291702e+02,-4.383389110599353558e+02,-5.889743768733428624e+02,-8.629871923233931739e+02,-5.019427045823046569e+02,-4.760252523823970705e+02,-4.520228641902498339e+02,-6.326690385525487272e+02,-4.008147171378747657e+02,-5.148797443408884646e+02,-6.103424060912836921e+02,-2.004707336436289324e+02,-1.525265554206976617e+02,-2.744137495777877120e+02,-1.815659534568850972e+02,-1.683521917767074001e+02,-2.131308671214106312e+02,-2.195398303729758709e+02,-1.070639685861150383e+02,6.746322300983689502e+01,-2.154132698285143874e+02,-2.431067517812766425e+02,-2.454440202768171559e+02,-3.392704433143700271e+02,-2.225321999416477468e+02,-3.240487015246440023e+02,-4.360792159627363276e+02,-5.530409187127177120e+02,-5.018138154227365249e+02,-5.355238449316268543e+02,-5.452182575367488653e+02,-2.791192844831292632e+02,-7.063973796629447861e+02,-7.906468862869789973e+02,-1.039408673540033078e+03,-9.572288574617710992e+02,-1.275889962222995109e+03,-8.244329530285356213e+02,-1.053589179388045068e+03,-1.126111860740850034e+03,-1.142906685568580542e+03,-1.123242889307422956e+03,-1.015534504853028693e+03,-1.023785844971820779e+03,-9.179010061607738180e+02,-8.592565266207368495e+02,-8.575702197279226766e+02,-9.200757908791551927e+02,-1.037254236334300003e+03,-1.086609950821074335e+03,-1.627560252142305671e+03,-1.306796290965098706e+03,-1.023274273052004446e+03,-9.640086936319327151e+02,-6.724001522044715102e+02,-5.487353784808858563e+02,-5.301289686407860700e+02,-7.421103539095801125e+02,-6.340502118847834936e+02,-7.107979187955032785e+02,-8.712605800602559611e+02,-1.412145570334585273e+03,-1.743872827631266773e+03,-4.877982297524315527e+02,-9.307962406719477713e+02,-6.557076944873838329e+02,-5.299567135159210238e+02,-7.384609076323155250e+02,-6.981423421668374658e+02,-5.577325993698391358e+02,-5.061299721989796581e+02,-7.470317802482729803e+02,-5.601742370405140719e+02,-5.814118676896359830e+02,-6.374614011889173071e+02,-6.739604993553507484e+02,-6.404471954656910384e+02,-5.835079120721056825e+02,-6.136265489655420424e+02,-5.950120356635592316e+02,-6.359948604974882755e+02,-6.850081476777468197e+02,-4.605226664844009861e+02,-3.166092101594843484e+02,-2.748216918377804632e+02,-6.587606400734930503e+02,-3.702681950639459956e+02,-6.433575390540254375e+02,-6.459113011387892129e+02,-7.080516851437921559e+02,-8.543355022504235876e+02,-5.387922355465366309e+02,-4.976970550614561262e+02,-4.145918056636551796e+02,-6.005837326720632063e+02,-4.107790185240775145e+02,-5.703543310150461139e+02,-7.226879260269056431e+02,-5.661976625814112367e+02,-6.390500314533087476e+02,-4.497950667666229947e+02,-5.349740714940257931e+02,-5.038463353457509584e+02,-8.045447077150430459e+02,-6.824879133057629588e+02,-6.691808907844574605e+02,-5.967957747246497320e+02,-5.776530672965811846e+02,-5.979491349558779802e+02,-7.140537285278239779e+02,-8.528668597806199614e+02,-5.668137636650478726e+02,-9.012165369292023342e+02,-1.045401393547390398e+03,-7.365666052697815758e+02,-7.564340107048045638e+02,-7.023165335004142662e+02,-8.894586828506047596e+02,-9.195816840563808228e+02,-1.123548481163697488e+03,-7.117984881410716298e+02,-9.249455199270117873e+02,-8.478030285216871107e+02,-1.168724724423577754e+03,-9.247532786335273158e+02,-9.510121068027556248e+02,-1.002990125367085056e+03,-1.247257593899774974e+03,-1.289973009139082478e+03,-1.306093199783396358e+03,-1.112111354803813356e+03,-1.172391841434701291e+03,-1.315737892355467238e+03,-1.371550292179085318e+03,-1.421460883939421592e+03,-1.505318444868588813e+03,-1.334333188145955319e+03,-1.538612146158276801e+03,-1.649095779601009326e+03,-1.657961346219811048e+03,-1.820219669199767623e+03,-1.791483179400924882e+03,-1.918400115207646877e+03,-1.769112653304255900e+03,-2.038558448080005519e+03,-2.065804031052949540e+03,-1.908453811310705078e+03,-2.060975927707168466e+03,-2.174831164557092961e+03,-2.330923325780906453e+03,-2.424478017884529436e+03,-2.329094596128777539e+03,-2.404296036313467994e+03,-2.564251484717357016e+03,-2.407339020824241743e+03,-2.561305723184166254e+03,-2.668859507058159124e+03,-2.832270205632539728e+03,-2.640281120820281558e+03,-2.572049290357095742e+03,-2.811642152242551674e+03,-2.932274755094922057e+03,-2.964872643822779537e+03,-3.143655542171073648e+03,-3.025942514195651711e+03,-3.579490768806470442e+03,-3.240508943852349603e+03,-2.996359990683167780e+03,-3.385526155560834468e+03,-3.440055618030885853e+03,-3.467257708157753768e+03,-3.644243377399595374e+03,-3.422205303618925427e+03,-3.437647171410224473e+03,-3.626708166403079304e+03,-3.770024395559913501e+03,-3.855155381579587356e+03,-3.927673394083267340e+03,-4.037307112453225727e+03,-3.656823351831263608e+03,-3.809720282660322937e+03,-4.088869808154724069e+03,-3.982313744775638497e+03,-3.930804686207487975e+03,-3.774157689288788788e+03,-4.018750661063125790e+03,-4.154596417037597348e+03,-4.128512897248619993e+03,-4.054364121803325361e+03,-4.220775996053560448e+03,-4.009809378055540492e+03,-4.042175911810560137e+03,-4.048913198647235731e+03,-3.984802957811803026e+03,-4.251557441341698905e+03,-4.001443975195223629e+03,-4.200902925260093980e+03,-4.058469888350816291e+03,-4.163368369219923807e+03,-4.346459290402667648e+03,-4.808403440636642699e+03,-4.500491883393269745e+03,-4.471598938052812628e+03,-4.818225880040034099e+03,-4.711752381042435445e+03,-4.429573187779824366e+03,-4.696418897237584133e+03,-4.859834457939254207e+03,-5.081679728501537284e+03,-5.251571626874454523e+03,-5.485656052768181326e+03,-5.305464486831485374e+03,-5.436438958432457184e+03,-5.971570780422878670e+03,-5.828327450286909880e+03,-6.265957333142059724e+03,-6.390589047070878223e+03,-6.571706435758113003e+03,-7.141452396581855282e+03,-7.333041020076343557e+03,-7.883967745334910433e+03,-7.901404923270492873e+03,-8.358470745211177928e+03,-8.591393604840044645e+03,-8.381566041991445672e+03,-8.629910276380398500e+03,-8.635762428683172402e+03,-8.904979338795386866e+03,-8.833117012735761818e+03,-9.077277084251816632e+03,-8.946950041246200271e+03,-9.074878138501633657e+03,-9.056311230878151036e+03,-9.095816209458007506e+03,-9.047186703833787760e+03,-9.314522542993807292e+03,-9.222313866730564769e+03,-9.285657335885734938e+03,-9.376846380025639519e+03,-9.354656381635621074e+03,-9.407748444908938836e+03,-9.478215034019131053e+03,-9.407588658360666159e+03,-9.256420407464600430e+03,-9.436064817631970072e+03,-9.267906053348724527e+03,-9.309010276808487106e+03,-9.275092103155413497e+03,-9.386650874972225211e+03,-9.345216676794043451e+03,-9.373465600749728765e+03,-9.632911243421085601e+03,-9.503967471085705256e+03,-9.459365358370101603e+03,-9.625394527354310412e+03,-9.572906022930175823e+03,-9.673844731082270300e+03,-9.582473368194998329e+03,-9.644261201568708202e+03,-9.670371290617984414e+03,-9.790169137352018879e+03,-9.693085586047684046e+03,-9.661587107600851596e+03,-9.737669735136665622e+03,-9.729463610319169675e+03,-9.751714021133178903e+03,-9.734480357097248998e+03,-9.740834637248597573e+03,-9.724980073632497806e+03,-9.774723009725585143e+03,-9.818051685994882064e+03
-1.506665259564993903e+03,-1.540827986562329670e+02,-3.231586071520982273e+02,-2.858814581497679796e+01,1.083674311543139623e+02,-1.554206783524242610e+02,-3.759653384691206384e+02,-3.223778484809345173e+02,-1.768070274720987811e+02,-3.589163235183801817e+02,-2.712307190749442043e+02,-3.932065069128806272e+02,-2.683703043182064789e+02,-4.440691168486299034e+02,-1.923399829496818825e+02,-3.035695292841744504e+02,-1.016724839911693294e+02,-1.376997604742590227e+02,-2.188746192279937191e+02,-3.059175778157124910e+02,-2.749658407640017685e+02,-2.099153639562233025e+02,-2.463968124236140511e+02,-2.135924252154363785e+02,-3.006959926683757658e+02,-3.004666549525288701e+02,-8.728094573953457029e+02,-7.677081304585883572e+02,-3.172479767143917115e+02,-4.735849208474681973e+02,-6.430739960390889109e+02,-1.703592586325412697e+02,-3.378966862620197844e+02,-4.523214468802699457e+02,-3.285181590113530206e+02,-2.701800224720336701e+02,-3.053960571161649113e+02,-1.282828965171457867e+02,-2.533867558067950085e+02,-6.484681685756847855e+02,-4.767557549538839794e+02,-2.974901729985836027e+02,-3.083459887407695987e+02,-3.126646553950835141e+02,-4.538345276811126610e+02,5.338830944659716238e+01,1.589199676823181164e+02,1.498291854889331489e+02,1.518134838439124223e+02,-5.150295190176322535e+01,1.440017349980638528e+01,-2.299680182060754419e+02,-1.551115504018136448e+02,-3.372305022320571197e+02,-2.298711896172625870e+02,-1.690028157641599194e+02,-1.653397447263308209e+02,-7.103126700837947283e+01,-9.129360299548781654e+01,-1.468262706561791049e+02,-5.626562785961376676e+02,-2.669961955891494654e+02,-3.802246590493950293e+02,-9.601908438502218246e+01,-2.902956018861083294e+02,-1.712538623794410171e+02,-2.257556516616745910e+02,-1.976198965877000262e+02,-2.414213149892483159e+02,-1.820472949633634414e+02,-6.664508750018140404e+01,-6.456985772720869932e+00,-1.195829905137955791e+02,-1.142786041234639498e+02,-1.645718715188369572e+02,-3.796978644610643983e+02,-3.937190361514773826e+02,-3.662983782231692658e+02,-2.727326515215648328e+02,-3.936110944417545170e+02,-6.348529341883096322e+02,-3.278530264248712456e+02,-4.176738948017401754e+02,-3.903532028191971222e+02,-6.793072459504622884e+02,-5.158802921237311239e+02,-1.715946410934433857e+02,-1.835883502492542050e+02,-9.469336299896625064e+01,-2.515173720421630890e+02,1.292158936513600054e+02,-1.267035682907608134e+02,-4.953727023898918560e+02,-2.150373825170825910e+02,-2.610895700943380575e+02,-2.566881957704688944e+02,-3.754398467707413829e+02,7.585979606132599429e+01,7.118626851700049940e+01,8.717406724895928960e+01,2.865081119029539991e+02,3.523571904882437025e+02,-8.260436876516806137e+01,2.748551726206717376e+02,5.467938375716911992e+00,2.645378958953773463e+02,1.121642439827037947e+02,-1.491485604449936204e+02,5.327176094962487696e+01,6.105580388455075536e+01,1.421516258255978187e+02,1.387151876963959296e+02,2.844691710607499999e+02,2.552201025886995751e+02,2.226769244682211877e+02,6.600317014485561913e+02,7.107860247525622981e+02,3.565394267545866569e+02,4.151698436016289975e+02,3.708751036403311332e+02,3.791819929799097508e+02,2.203964870347591898e+02,3.213560211625916736e+02,2.049767737766171649e+02,2.877720501878819732e+02,2.600640096998653235e+02,2.032287822613097887e+02,1.740696402019057984e+02,5.535655268475339597e+01,1.330753450552966797e+02,3.477862646024324533e+01,6.347203983634273072e-01,6.741971069125445126e+01,2.120435273141191601e+02,-2.027982815881887859e+02,-1.364429935710396364e+02,8.066691445432851992e+00,-2.820933662387078584e+02,-1.423262844758764913e+02,-1.269698542556368466e+02,1.764683825658732275e+01,-2.041386165767347620e+02,-1.154448078418644315e+02,-2.403018828786122469e+02,-3.649560721788403725e+02,9.644220493230516666e+00,-4.345401981024156726e+02,-9.698646467897148682e+01,-1.070819046713440343e+02,-3.697026283441839496e+02,-2.672144416078255063e+02,-3.835464703341886548e+02,6.742549821686426981e+01,1.328320646904092257e+02,9.527979682855300325e+01,-1.638153643732509295e+02,-1.477093038714067461e+02,5.215658460537795804e+01,1.515964670905127321e+02,-1.836427080791816877e+02,-4.686416283130360227e+01,-4.141630582594235648e+02,-4.413988393514483732e+02,-5.708032532480077634e+02,9.565697033150692619e+01,1.695202188822744347e+02,-6.189450616591982168e+01,1.488050247878567518e+02,2.604607038882185179e+02,3.126682592679229629e+02,-2.899147392745383911e+00,1.735339010037633329e+02,1.240673328886412747e+02,1.566236708999582561e+02,1.808003465555711102e+02,2.511921799401453654e+02,-2.653326380437844989e+01,4.161050691409885758e+02,1.430525103029474963e+02,1.426763863152477825e+02,2.438943778642288862e+02,3.253669415137374017e+02,-2.371966765252744835e+01,-4.592285021970899095e+01,1.449454225682905530e+02,-1.740506866274147910e+02,-4.013622264826062178e+02,-2.930916902706513270e+02,-3.347740845574303989e+02,-3.628118667400741515e+02,-4.189013582537867251e+02,-2.840784107421099520e+02,-3.938842549746153736e+02,-4.184013791915538718e+02,-4.181162770259639956e+02,-4.878326045590403055e+02,-4.644888060133139902e+02,-3.508256469478404824e+02,-5.660120554613098420e+02,-4.026905797470734569e+02,-4.526223871797486709e+02,-5.899772805969446381e+02,-5.334638549979110849e+02,-5.058975632625171670e+02,-3.235987073340517668e+02,-2.959984007839524338e+02,-7.346742108633995372e+01,-1.081000219725790430e+02,-8.609857904142103280e+01,-3.706912248733380011e+01,-2.652354576523957803e+02,-1.934345542598309748e+02,-2.508948749039546442e+02,-2.244425830087672580e+02,-1.600601254160016822e+02,-2.365976899270038984e+02,-5.318778874180679850e+00,1.223147566409312503e+01,-6.829021729718454026e+01,8.156285766926058045e+01,-1.092783328333328541e+01,-7.417156315202468875e+01,1.123949393608404819e+02,1.289663384672659276e+02,1.536769760744640223e+02,1.324506429560344429e+02,7.749694715750101182e+01,5.721090452593875852e+01,1.009330276037948124e+02,4.672486166019988332e+02,5.116751915321335105e+02,3.737779539775449393e+02,5.593325263446463396e+02,5.750052344355631249e+02,5.373291819298208338e+02,1.721681922102931424e+02,2.384690350429837054e+02,1.247474136013613304e+02,9.786504037575411985e-01,-2.177011552478238343e+01,4.917385714003987118e+01,1.401320363482139726e+02,-5.296170864295118008e+01,1.157601620792671184e+02,-1.257824385665117717e+02,-2.453984813883009792e+02,7.822779280554169645e+01,2.929140811713801895e+02,2.892998751307720795e+02,5.602035844337325443e+01,-1.569859402711778671e+02,-1.423953240533973599e+02,-1.258955176609844955e+02,5.779352848201838810e+01,-1.635759684517545907e+02,-1.861771930899880090e+02,-7.038570322307880645e+01,5.565419807378262362e+01,2.498779338129876066e+02,1.253929713534675727e+02,2.960373336163476097e+02,2.706334170998031823e+02,-3.815115758662230405e+01,-4.571960841527111086e+01,9.580819346112505741e+01,3.818406282598137409e+02,1.047307022539780519e+01,1.170302896731668056e+02,3.491264855476292439e+01,1.234441950029241752e+01,-1.043841801009885160e+02,-1.735323063462672621e+02,-9.473406396697049558e+01,2.735263528659374970e+02,3.178955172283215234e+02,1.930747328803089999e+02,-1.453072090759996513e+02,3.578223073121506559e+01,-1.684973157649039877e+01,-8.351362314141670140e+01,1.186804546274557026e+02,4.167688812484092864e+01,7.227549825578375930e+01,1.115026046960050792e+02,5.267297617723502299e+02,3.780167874005929320e+02,4.043450959698346878e+02,1.200524063278070912e+02,-3.209335562325027240e+02,-4.519101740203918780e+02,-2.668422928781741916e+02,-4.277634009749625648e+02,-1.725306913036376386e+02,-1.925638423827507495e+02,-1.742729503203136971e+02,-1.005765611985650878e+02,-2.454473056264210413e+02,-4.046511605485291625e+02,-1.264152133747676032e+02,-2.446072657762640574e+02,-1.082829510734847815e+02,-4.833855625209679374e+00,9.914905952241650766e+01,2.963613838011050348e+02,1.306811906945248154e+02,1.063808080725230241e+02,1.568980458828711733e+02,3.761340487478315708e+01,6.736593593484528242e+01,7.312819948254656310e+01,2.992944441093652586e+02,2.351669454039092386e+02,1.791994673928028874e+02,-5.535895994496674177e+01,-6.465258456827601208e+01,4.704711730214751242e+01,1.077588029875463462e+02,2.822848327424574677e+01,-3.334769038883993630e+01,4.922573911800478186e+01,-2.471451929582158300e+02,-2.618679895227766110e+02,-2.832958604419698645e+02,-3.556066611903095236e+02,-1.349902729320560297e+02,-5.209900485426494470e+02,-2.737486275072920989e+02,-2.348818204591710241e+02,-3.379792506397932925e+02,-3.085691783557436452e+02,-3.509037051237372111e+02,-2.804297302392135407e+02,-5.765704898078141696e+02,-4.515393711038934725e+02,-4.958417064462038297e+02,-5.064472785522588083e+01,1.260774582323814457e+02,-3.222075341004945130e+02,-2.648072005472358796e+02,-3.079828351959305905e+02,-1.158274336701400955e+02,-1.466736324500894284e+01,3.195979402970775141e+01,8.030290865132911904e-01,1.412452674405847119e+01,-5.069858816108535393e+00,-1.001854400310639619e+02,-3.184962501965029560e+02,-1.818207131723824261e+02,-2.409268647750438390e+02,-1.884747309267280571e+02,-8.796766239061750525e+01,-2.926565375379782381e+02,-1.158339853108276998e+02,-4.280327113721529031e+02,-1.886141712066518323e+02,-2.669401852975878455e+02,-1.573536972084092156e+02,-8.799338570264521309e+01,-4.241786790121557260e+02,-3.772322823854497074e+02,-2.983575365442965222e+02,-2.913625557526116836e+02,-2.957355353655663635e+02,-6.360706875562510731e+01,1.269894751613052790e+02,4.111344551354174541e+02,4.831466661896790811e+02,5.740680104924896341e+02,1.203259044318241422e+02,1.558310274825100237e+02,1.173147814015027848e+02,-1.224196985664925563e+02,4.862666123492903125e+01,4.823374680869508779e+01,-2.905353940299197575e+02,-1.380010391720333018e+02,-2.600309616134287580e+02,-3.045305135423568004e+02,-4.465178674044096852e+02,-1.651768360337883905e+02,-2.536239158023663549e+02,-4.257439499053476766e+02,-2.503300958701951515e+02,-3.910989538986949015e+02,-2.244208366284148610e+02,-2.433864753686018503e+02,-8.715511189502902880e+02,-3.423968067376171689e+02,-4.127715994250639824e+02,-3.947104598577364527e+02,-3.558290001330018413e+02,-2.092871783992324879e+02,-3.404582124892717729e+02,-1.910960827697397235e+02,-2.106916750884773819e+02,-5.944894389769740428e+01,-6.200715589643488812e+01,-2.525600636715589644e+02,-3.246913922434110873e+02,-2.694827075592210122e+02,-1.458058326383023200e+02,-2.600936041220255674e+02,-1.793620611297255891e+02,-1.666747951075124661e+02,-3.553140020515539845e+02,-2.212946325139561452e+02,-2.605762474111559754e+02,-3.628929885761654646e+02,-4.470061767967735591e+02,-3.562997064361752564e+02,-1.716070172587096181e+02,-1.788479440990397507e+02,-3.837375038361181510e+02,-3.763430073762851293e+02,-2.720914646134674513e+02,-3.104716814008638721e+02,-3.392074852777705587e+02,-4.161499504430325942e+02,-4.406266055292352348e+02,-4.778127632510133935e+02,-7.146613409675320554e+02,-3.643995053887864515e+02,-3.876116377971989095e+02,-2.571370412029614272e+02,-3.157117553287026794e+02,-4.162525634666992573e+02,-4.205999577291926812e+02,-8.382443142690856348e+02,-5.251338090110652956e+02,-5.680556551839085841e+02,-7.174043279219242777e+02,-5.855664116461189224e+02,-5.406809215015994141e+02,-3.603549554588668116e+02,-5.544228138438297719e+02,-4.038110909664394512e+02,-5.506397657701321577e+02,-5.783485519353259861e+02,-5.614726359923690779e+02,-1.903281045401651568e+02,6.290570921677624483e+01,-1.175077909600077533e+02,-4.430531658115609162e+02,-3.506067881553019561e+02,-8.409217448840934139e+01,-1.997024704350868092e+02,-2.742371507176259229e+02,-3.070087573599228108e+02,-2.058035711904808807e+02,-1.040147745055988366e+02,8.632939168328783808e+01,2.208950627167632774e+01,-1.720604573655957381e+02,8.709974699482319238e+01,-2.047958919153859370e+01,-2.243759153191996916e+02,-3.593698655104259387e+02,-3.157833057716996450e+01,-2.501918614965881602e+02,-2.958993394887385193e+02,-2.153907771475196569e+02,-4.024351326154711614e+02,-1.927510756874410163e+02,-1.503918854474421778e+02,1.415135762333873686e+02,-1.351022121789802100e+02,-1.025063524621896534e+02,-3.986124316777878107e+01,-1.307951826726151126e+02,-3.273983287497799211e+02,1.667983806273764742e+02,1.407699449516087498e+01,-2.504594081626852358e+02,-6.839325466128227049e+01,3.373090462468865098e+02,2.586444620154437644e+02,2.728657401173142034e+02,2.561681101216030356e+02,1.387662653067703218e+02,2.249749074619756470e+02,2.505374190479073491e+02,2.888012209392211389e+02,4.913824591653419134e+02,3.846476989896247574e+02,2.059962804835569727e+01,-1.029373891548215738e+02,-8.718180825685638524e+01,4.471158112581395017e+01,1.450360086160013964e+02,4.759156619372893147e+02,3.516455024323879570e+02,3.927315140716416408e+02,6.238255195211965543e+01,1.747028787896459789e+01,9.612455200293715052e+01,4.743226530827197962e+01,-7.655605791305359276e+01,1.403601791048911878e+02,1.670701153048175627e+02,2.466200267139883522e+02,8.733227825560473434e+01,9.698229488931298192e+01,-9.354724643483734781e+00,-1.070696574078016283e+01,4.417167420901887454e+02,5.184695333573026801e+02,4.115872224197168521e+02,-1.646234993868824859e+01,6.932341943083133629e+01,-1.019497907278522888e+02,-9.693694024992747416e+01,1.503272847381805093e+02,-1.577490428663251407e+02,-1.856875153443454849e+02,-1.078564749435185917e+02,-2.247227157293525295e+02,-1.281222509191821359e+02,-1.390779948839752933e+02,-9.302937224525373949e+01,-2.762186356959935551e+01,3.399691249941548676e+01,1.461172888845314901e+02,9.451695045802281925e+01,-4.599269525069277620e+01,3.687072779224304497e+01,4.270318506167583337e+02,1.804779090745518317e+02,1.052299846108513748e+02,2.046115049734501667e+02,3.475992350805212823e+02,-6.495966833574669863e+01,-2.690325828647830235e+02,-1.859912650011716551e+01,-1.884293925968925123e+02,-6.083107997682816404e+00,1.457068981050139769e+02,3.440664867003192740e+00,-2.198851775631118812e+02,-3.411909771236003053e+02,-2.694884068682340512e+02,-2.419204636891300595e+02,-4.837400713034176647e+02,-4.543165420851209433e+02,-5.986782119874936825e+02,-1.990424933478814182e+02,-6.463561141111708253e+01,-6.730250047706601890e+01,-1.802210579775772317e+02,-6.708348853131079181e+01,-1.309350232208642240e+02,-9.702201207976004582e+01,-4.129460509814408056e+02,-2.474140031078491120e+00,4.091425231066827450e+01,-1.257067486628210418e+02,-3.180700177417168675e+02,-2.751135414317325285e+02,-2.536037243346321191e+02,-2.423208630330690028e+02,1.152814597949231938e+02,2.600275929201294502e+02,4.810117634373294777e+02,3.381816531599266114e+02,5.056111941255522311e+02,5.898594522493687009e+01,1.413547388111429655e+02,1.812363262799482015e+02,-1.065789118807102511e+02,-2.412339245034031876e+02,-1.039869326187171907e+02,-2.909820022613811261e+02,-7.771065161994823711e+01,2.216272499095110220e+02,4.315950493631681866e+02,2.769173258951754519e+02,3.580981877087202747e+01,-1.001492088514492877e+02,-3.279083685654245528e+01,-8.317279958625998404e+01,-9.416318359208253241e+01,6.379222928778159485e+01,8.505046978866550944e+01,-1.548890642594162159e+02,2.002315903495035343e+02,8.058338193340580347e+01,-5.345160175366308408e+01,-2.037320435139337746e+02,-5.987091232143138768e+02,-2.832336037668032986e+02,-2.284872990208062902e+02,-2.763903220057450199e+02,-3.301957563351572276e+02,-1.254104400581129113e+02,-2.064445714297341681e+02,-2.787779014131708664e+02,-3.146345459479468900e+02,-3.615072041117366552e+02,-1.749035106562626822e+02,-4.870602593656105341e+02,-1.357013265192272797e+02,-2.899437500273764385e+02,-3.029087855594735288e+02,-2.217138626376994068e+02,-7.418842888770068384e+02,-2.000348426231880978e+02,-3.337538174446270887e+02,-1.897174245154788537e+02,-1.341964876905055348e+02,-1.671816286763306039e+02,-1.831196659784295377e+02,-1.434979361938317197e+02,-1.510850471334636040e+02,-9.605314666674338753e+01,-1.237592530182499502e+02,-3.716534724074779774e+02,-2.795679935130979743e+02,-2.405581796610779293e+02,-1.658319248710458567e+02,-2.872061308856985988e+02,-2.480713638880078520e+02,-2.054132745553845609e+02,-3.145205927814059237e+02,-4.359742345922964546e+01,6.154261638181766614e+01,-1.016801010047387308e+02,1.270309695862636801e+02,4.731023892129371688e+01,3.585896804517875580e+01,-2.698091064627147375e+02,-8.806799720600466230e+01,-1.727185101766457933e+02,-3.796206052669443807e+02,-1.943043049162251350e+02,-1.877159555473818955e+02,-1.890674457645576467e+02,-2.708475551814642017e+02,-3.785556210147170191e+02,-2.678259012767433660e+02,-2.549434337108768318e+02,-1.985686111201383426e+02,-3.581777035320765208e+02,-2.383224648884229282e+02,-4.237245767086721457e+02,-2.926973263811324841e+02,-2.355058188206493242e+02,-2.460113271493615912e+02,-3.126976990819309208e+02,-3.617415050686395261e+02,-3.279706017442724715e+02,-3.097301383476273031e+02,-6.481816530408995050e+02,-5.675710506655555037e+02,-7.702658346252561614e+02,-4.060682043537680102e+02,-2.344405225995940043e+02,-3.623016211657572399e+02,-4.409704744900178071e+02,-5.736532577899212129e+02,-3.349651067259632669e+02,-1.463828635608984143e+02,-1.742724535071313596e+02,-6.910447626300617685e+01,-1.410665890203526374e+01,1.261794372441919734e+02,-3.938661043879594104e+02,-4.901041626879016349e+02,-5.531592237865428388e+02,-2.377473567967284964e+02,-4.211920497532581180e+02,1.042976563322800985e+02,-4.852588843629073949e+02,-2.987988578675314102e+02,-2.749780828607152898e+02,-2.941553452888148286e+02,-4.125889660422844258e+02,-1.374834337956045260e+02,-4.125677944788527896e+01,-3.572592391195887558e+02,-2.190687010205044487e+02,-1.688458526817744882e+02,-2.173280195824326029e+02,-1.621521161429559470e+02,-1.860100720487958483e+02,-2.238432100173168351e+02,-3.953007863678086551e+02,-2.416697862657995870e+02,2.193323589879316415e+01,-8.488524222529389363e+01,-2.905076971512668820e+02,-4.009845718886141981e+02,-1.690616840018257392e+02,-3.239245514846738274e+02,-2.701766601847957077e+02,1.310041969393895442e+02,1.452269457081569612e+02,1.331037809940579280e+02,-2.920568236560347373e+02,-3.030129798035653721e+02,-3.374217372120286313e+02,-1.909433923492069880e+02,-1.697853046353188233e+02,-1.558426129994486473e+02,-1.908577437185267627e+02,-2.645873861000516740e+02,-2.775918073724725446e+02,4.595173057689135021e+01,1.995836999063346866e+02,1.630871462544712927e+02,-2.229031637385739373e+01,-2.924348429661554860e+01,5.860743542458233435e+01,-3.372084779501836351e+02,-1.284720894209416713e+02,-3.030553960561890108e+02,-1.528687028434972603e+02,-1.899597465102023079e+02,-1.191640391215264572e+01,6.933599886215469610e+01,1.119989473029234546e+02,3.380555105356337435e+02,1.826660104127993236e+02,3.127543537345212599e+02,-2.554010861982152392e+02,5.736700098595804320e+00,-8.624226068844464521e+01,-2.330844336155956853e+02,-1.816948634477199107e+02,-2.359005776663159963e+02,-2.809261782853221803e+02,-3.077678797867478124e+02,-1.102871503512705829e+02,1.240009817347695531e+02,-2.578586768525175330e+02,-1.174581052946929844e+02,5.340330512246934092e+01,-9.600986357167275287e+01,-2.463107518857939908e+02,-3.385059285237053928e+02,-4.735293267817160086e+02,-1.969225009078413677e+02,-1.314760978281506425e+02,-1.958169388810235887e+02,-2.496405047861697994e+02,-1.920941030010576185e+02,-1.845621801882882949e+02,-3.097386527927551469e+02,-3.655914648635870776e+02,-1.310639975387790059e+02,3.414152906935279930e+01,-1.716944617513234732e+02,-2.739813882144713943e+02,-3.831623522291537256e+02,-6.105360893931360806e+02,-3.078247204703963575e+02,-3.233107216984424781e+02,-4.483631145316633138e+02,-5.461388205874380901e+02,-3.903511908168828768e+02,-3.209774628801610561e+02,-4.894621886205173951e+02,-3.233246118793182404e+02,-4.675816797361804333e+02,-4.271307089937905630e+02,-3.064537916609915555e+02,-3.117546589691208965e+02,-3.522600101197582489e+02,-7.718730024184752665e+02,-3.179231162231138228e+02,-3.794072884599988811e+02,-4.833607187740724385e+02,-4.423826148162833078e+02,-3.233287522938209690e+02,-3.368124673794593491e+02,-9.437665942985518086e-02,-3.219525153466904612e+02,-4.114405022589235159e+02,-5.322323155071933343e+02,-3.541782180751399665e+02,-3.614710186698732741e+02,-4.973567054657758604e+02,-2.718995646823796051e+02,-4.216480744044119433e+01,-1.565330241260394075e+02,-5.789091832348630362e+01,-3.765212425427904464e+02,-3.134329473968605839e+02,-5.040799441910901351e+02,-2.938832271988356979e+02,-3.746409888195987605e+02,-4.363468593957364874e+02,-3.688976861625948231e+02,-3.424273793836807727e+02,-4.988431758643750982e+02,-5.501318787952184266e+02,-2.948600800421263557e+02,-1.847379692958787132e+02,-4.548528274825757762e+02,-3.999934747953110445e+02,-7.251031386908097147e+02,-2.137948977694349821e+02,-5.672812583641419906e+02,-8.301728606090199492e+01,-1.557996501199176009e+01,1.701372971723657201e+01,-4.392815161413972191e+02,-2.959514315280163146e+02,-4.336020563498830143e+02,-3.238234333010532282e+02,-9.084098061012709024e+01,-3.040221423930657352e+02,-4.830731478016637084e+02,-4.038889164815414006e+02,-3.434988217027209316e+02,-7.717524719420831048e+01,-2.995333309649167859e+02,4.181911852992502077e+01,-7.276605422747837792e+01,-1.975543768504621482e+02,-1.668115924630466793e+02,8.911586004982828513e+01,-3.096523585711536839e+02,-1.969075712455027372e+02,-3.014960659166986829e+02,-2.471101241804562108e+02,-8.648218058586019197e+01,-1.922385054694918267e+02,1.905217562936695685e+02,3.189640988932937944e+02,4.935632397673055038e+02,4.625962009651607900e+02,-1.234212509549846004e+01,-2.399011275445573688e+02,-1.173457674772569987e+02,-4.051114260775361231e+02,-3.235034373890464394e+02,-2.015936244682303595e+02,-4.367617977728604615e+02,-3.806537273049319765e+02,-2.450997136714774172e+02,-3.710786794230941723e+02,-2.881140711915309112e+02,-3.351611239837619678e+02,-2.648700149922572109e+02,-4.066797008551785666e+02,-4.073504227367252497e+02,-3.560842962388971955e+02,-1.831221334854684528e+02,-4.475980434708452549e+02,-4.121249920116156318e+02,-4.431488762897989204e+02,-3.220280266224460775e+02,-4.392955020543060414e+02,-3.025327226174528050e+02,-2.780117697546450017e+02,-4.937984067605398195e+02,-2.068069726271214108e+02,-2.819310582768418385e+02,-2.601128346323442315e+02,-2.254596993243359577e+02,-3.911582628295968789e+02,-3.748877081316597923e+02,-3.353838156166040108e+02,-1.853648001705821002e+02,-1.209490824158398539e+02,-8.323112267843677614e+01,-1.123934560122783353e+02,-3.393126014643813448e+01,-3.428649350118761276e+02,-1.600952002877592122e+02,-1.488165189320197896e+02,1.571720880594050129e+02,-2.479045168190260995e+01,-5.414489168364753624e+01,-5.374646715324912805e+01,8.117016236799040030e+01,2.988952815844260158e+02,1.545262576712684677e+02,1.372109869783610350e+02,9.247878465793102976e+01,3.703588507222874000e+02,3.414895010992768789e+02,3.048569597134318201e+02,4.593097130344281709e+01,-1.662290711507221204e+02,4.517002768533276367e+02,3.971334755233337432e+02,4.091777981492181198e+02,3.163810779023471582e+02,9.914195292369161905e+01,1.294019599376875362e+02,-7.168527685620233569e+01,1.391787491107347705e+02,2.916611263593488843e+02,1.522675943160585348e+02,-1.288081928584657021e+01,-4.591275827787643493e+01,-1.563320172787540514e+02,-1.172433634066624961e+02,-1.830211302349128459e+02,-1.557868641792944970e+02,-4.898550442130826355e+01,1.099245313630626697e+02,9.667632575078488344e+01,2.356562447418831709e+02,3.608444679100770713e+02,2.726821106112719235e+02,-5.883203159501462665e+00,4.467099660194378430e+00,3.052780830988930916e+02,3.430012120849689268e+02,5.938533605566615279e+02,3.672991901528412768e+02,4.380558275264170902e+02,3.651108436462617988e+02,8.147039197626099849e+01,1.315585495187401364e+02,1.334382839016935804e+02,2.670650724284552666e+02,1.568756203030448546e+02,1.892608443607859670e+01,1.423609816249886251e+02,3.647591556425752515e+02,4.696705189074150439e+02,6.136566422042144495e+02,2.203693468952114074e+02,2.903144050267310945e+02,-2.420517648903896202e+00,4.079185405319458368e+01,4.456001485055165290e+01,1.050032119189950208e+00,1.239457782477276595e+02,2.159921174542234326e+02,2.681039728225694034e+02,8.625517206937146852e+01,7.076224325641643986e+01,2.092162772148373904e+02,6.621493563524992965e+01,-8.496791400420420359e+00,3.449066345986657325e+02,-1.051037396477650816e+02,-2.331407624076962577e+02,-1.438284775583283022e+02,-1.014450101051393176e+02,-3.089192466114328681e+02,-2.047166676243451775e+02,-1.764155795567128280e+02,-2.159704380815604736e+02,-2.325326006290065379e+02,-3.257549112490132188e+02,-2.433764348155323205e+02,-1.111794784504279221e+02,-3.628267400589471094e+02,-5.676230468877398607e+02,-3.452178947538320699e+02,-2.454364758383750882e+02,-2.189097044562253132e+02,-4.595424877990951700e+02,-6.578235705178428816e+02,-7.766970835873311785e+01,-3.409206753634676943e+02,-1.246617827454194867e+02,-2.475006481909983904e+02,-3.892506731412017871e+02,-3.145298252036140525e+02,-3.063004394389680556e+02,-6.552605025387869375e+01,-1.131513095292710034e+02,-8.931316312546398706e+01,1.666055328297804579e+02,7.841911012366355749e+01,-1.892855152346551222e+02,9.601156316542032698e+01,3.426425463538535041e+02,3.502551934513277843e+02,3.658185394043781713e+01,-1.737384434943778047e+02,-8.222167821724569592e+01,6.746071487075811035e+01,2.530674947658575888e+02,1.574053436578282117e+02,2.992975934679013221e+02,1.491801422575449863e+02,1.336839250775909704e-01,1.544398332269655043e+02,1.500242719693669073e+02,1.245248598811939900e+02,1.566331912468199903e+02,3.735785758752251695e+01,-1.430960853713271774e+01,7.143864204973672827e+01,1.254234688956499468e+02,-5.508583189360886934e+01,6.125533128493943735e+01,-1.544516497220581641e+01,-2.356449532024559090e+01,-7.073997336481151876e+01,-1.339515697586546992e+02,-6.944294241251499500e+01,-9.666806317195025144e+01,-1.070866846373889416e+02,-6.792817941961050110e+01,-2.065350820003662591e+02,-2.406421360688609354e+02,-2.997341609439513377e+02,-1.021617527896090394e+02,-2.332753691080182534e+02,-8.032022257030394030e+01,-1.713184607385293248e+02,-1.294838857696005903e+02,1.788177429813043204e+02,-5.214786975463805163e+01,-2.249596972953841885e+02,3.256779007354177224e+01,8.811981801970297568e+01,-7.996139949020312088e+01,-2.919332586569448722e+02,-1.362812987739449682e+02,-2.721031743965941985e+01,-6.946003260822934067e+01,-5.952061682220033845e+00,9.971725096116389864e+01,1.098120651967064987e+00,-1.059427905677924286e+02,-8.413463139649421407e+01,-1.970749325513239683e+02,-1.950926924817426311e+02,-1.064425519563349383e+02,-1.660203991736900662e+02,-3.719919855895673209e+02,-1.685979546238820035e+02,-5.897733685393603764e+00,-1.139581144989252692e+02,-2.346999793947272792e+02,2.172746207887706760e+01,-4.199733621745915002e+01,-1.159785490388968157e+02,-1.068343464095682407e+02,-4.997177621903492195e+01,-2.396896753909503275e+02,4.831025629970920932e+01,-1.536505842895362548e+02,1.160957222321740119e+02,-4.498694812468944093e+01,-1.601837756863730817e+02,-5.972866939510190321e+01,-1.169897393419493881e+02,-2.987559112486326285e+02,-3.004841537766591273e+02,-1.998519116401354836e+02,-2.062165508233284754e+02,-3.502409905564223891e+02,-2.813405299104126698e+02,-3.955533250131921932e+02,-2.707893306388734800e+02,-4.237165804643980209e+02,-3.025044771790715004e+02,-2.914575089226864293e+02,-4.812699776450845093e+02,-2.933672857534861578e+02,-2.952967001984206377e+02,-1.441719279723448324e+02,-2.185985273484421327e+02,-2.151697775496839995e+02,-2.260327424379929084e+02,-2.980367946213610253e+02,-6.411171348230984677e+02,-3.866322418766484361e+02,-2.253555439916159173e+02,-3.980907485517858504e+02,-2.601946337576909514e+02,-1.990845185852573991e+02,-2.748287351684356850e+02,-1.548594564819307493e+02,-2.565898879430758370e+02,-1.711685840564462637e+02,-6.770243336997680217e+01,5.773084365500906756e+00,-9.564817557387542024e+00,-4.464775039267448165e+02,-1.500171499952036243e+02,-1.172605233653307124e+02,-3.432790946789194777e+02,-1.165721604999910284e+02,-1.706118677624471616e+02,-4.849698604891381137e+01,-1.617259344390847104e+02,-2.629730665104057152e+02,-3.378530938847326297e+02,-7.630281269516189013e+00,9.911405349525924180e+01,2.733059147056776510e+02,1.721380111893783180e+02,-1.412656659936943129e+02,6.139450766158165607e+01,1.471564688221452855e+02,-9.595825002997406727e+01,-6.847131536505594340e+01,-2.199606601560375907e+01,1.203701163709240518e+00,2.727961591741443499e+02,5.167884824185422303e+02,3.874194495755823482e+02,1.920962540855955183e+02,9.734031395036572576e+01,-9.552564146537747547e+00,-1.795541570449682922e+02,8.292334517237554792e+01,2.230967449114898784e+02,2.390026685642777124e+02,2.620327947546851419e+02,2.110544661632022212e+02,-3.921462247974443471e+01,-4.601586832571524610e+01,3.056238946070175189e+02,3.578270608345897017e+02,3.153813147483207331e+02,-6.216052281230511767e+01,-2.530466306121659272e+02,-2.253102926520806761e+02,-2.705331137433158801e+02,-1.963307914881177680e+02,-3.684731029676100889e+01,1.647881264912782910e+02,1.207871922284601567e+02,-4.130345814365361434e+01,4.584035680865838458e+01,1.678466883626077788e+01,-1.320414548202295180e+02,-1.349981782259021657e+01,3.891480914859114648e+01,-4.385402771840803382e+01,-1.596776494946122966e+02,-1.342896238901387562e+02,-1.040601693261613008e+02,5.416507201375850400e+00,-9.663988557329707874e+01,9.218574602131096185e+01,2.889161664706039119e+02,-2.103199604334633932e+00,6.136695046989072466e+01,6.737970320619430709e+01,2.128810794576230307e+02,-7.934358961722409731e+01,-4.623434777240726135e+01,-2.265727232105462576e+02,-1.809848927881294287e+02,-1.899495586685605701e+02,-1.456552468243199598e+02,-3.498459247125049387e+01,1.945587727194294132e+02,3.289463829467129585e+01,2.024623737888021822e+02,-5.856234669653247238e+01,4.210366169074305276e+01,2.673178259314043999e+02,-5.699563401355538872e+01,3.297802658173625900e+01,-1.437869485210745779e+02,-6.383187665736372196e+01,7.257768588996664505e+01,-1.720440336023220596e+01,-1.842689199171086329e+02,-1.729170443787572253e+02,-3.235651233272542981e+01,-2.500748838407415633e+02,-3.071534810231117945e+02,-3.465694635988999153e+02,-2.817558936746715972e+02,-9.633783077463561995e+00,4.821269181449756047e+02,1.768008001532653566e+02,1.031797498827583297e+02,3.170060422860275366e+02,2.689262919433218144e+02,-1.403102701293426833e+02,-3.666717619571430475e+01,2.068597145796391601e+02,2.657918126369656875e+02,1.691519781858833653e+02,3.468415711528717793e+02,7.784987022821303526e+01,-8.376695093116012458e+00,-1.024314302168843085e+02,-1.717379991413813514e+02,-1.240767055069532319e+02,2.214218410272606832e+02,1.215900263474645584e+02,5.588686611976419272e+01,-3.256114406367696574e+02,-1.808505313378781238e+02,-2.493981133898957978e+02,-3.306997961895761478e+02,-4.226414485497042506e+02,-4.389637081266633913e+02,-2.932077468061603440e+02,-1.632227833538967161e+02,-2.068377063132125215e+01,5.712348832252160946e+00,-8.473368158540196760e+01,1.060070112737255954e+01,-1.825409000991368202e+02,-1.576526046361919953e+02,-4.727306769594378011e+02,-1.520715055047569138e+02,-2.504234784184723424e+02,8.339338759594727435e+01,6.437889193279607980e+01,5.914955393678124551e+01,-1.160337695804985572e+02,-8.073729302657208962e+01,5.741381435346050921e+01,-7.223062201583742592e+01,-1.883722620129078678e+02,-1.114996792999292410e+02,-1.422835671188726110e+02,-1.605170930992511558e+02,-1.070940073440462754e+02,1.576991573698371383e+02,3.222124782475256666e+01,-1.211672901269513574e+02,-1.859075265686871319e+02,-3.091284170718818132e+02,-1.641485139484024671e+02,1.220120775073596064e+02,4.529682776004154903e+02,4.326113712006845162e+02,6.175491126377490048e+01,-4.449117861488099948e+02,-5.736797493154700760e+02,-1.157427992195479050e+02,1.590775159037791013e+02,1.303573726276431728e+02,-1.023968351849400449e+02,-7.870124483379278502e+01,-6.412910744459817636e+01,-6.520891262260819587e+01,7.373021435962272108e+00,2.975544797141350273e+02,1.427923053564045688e+02,1.028003414354222684e+02,-1.455127927218725858e+02,-1.916325971070022547e+02,-2.635127674208100075e+02,-6.088357107786372069e+00,1.283519908109839776e+02,3.489577042291082307e+02,1.610566543607753260e+02,-4.578149325931525482e+01,-1.453384540635353233e+02,-2.510889363732048878e+02,-1.518086659605056639e+02,1.221288609912103880e+02,-2.853343728752925017e+02,5.280884976683644538e+00,-1.087790560664458894e+01,-6.275409168677890648e+01,-1.753913085789264699e+02,1.514205663191363271e+01,-1.330248758897653261e+00,-7.064288959769797316e+01,-3.323346650138779523e+01,-2.197462702125110923e+02,-1.514456247170732581e+02,-1.004607885565386169e+02,-1.487679218053930299e+02,-1.310463519342108043e+02,-2.261300174418480253e+02,-1.538216711297491770e+02,-1.369795867674247347e+01,-1.360940552940053294e+02,-2.434857592981818470e+02,-1.962607109030163883e+02,-2.261668756853422622e+02,-3.352360486642860451e+02,-3.899129846942992117e+02,-4.569047745103547413e+02,-3.203907472933768759e+02,-2.377709807581923087e+02,-1.317521818014526218e+02,-1.677829532349439887e+02,-1.335358633441898064e+02,-2.205038221258218698e+02,-7.303642406592521752e+01,-1.310602087902008748e+02,-4.703703983656732248e+02,-4.416326998513261515e+02,-4.275469122205965959e+02,-5.907040602925176245e+02,-5.143552132223489934e+02,-6.765216255166799328e+02,-4.802299161896142436e+02,-3.717424933949362185e+02,-4.296376578984749131e+02,-4.854672313437204707e+02,-4.742093067293295121e+02,-4.678385633460331974e+02,-6.756033023281570422e+02,-7.748116760097299220e+02,-6.371974872827373702e+02,-4.272990695432470716e+02,-6.286152444147824099e+02,-5.491722203758190517e+02,-5.061534087643800603e+02,-6.739194716440247248e+02,-4.169370231639586564e+02,-4.498563225564955701e+02,-5.008826147212841420e+02,-5.896196990585425510e+02,-1.728529322723851465e+02,-1.139884333906059624e+02,-4.224281188954262234e+02,-5.723317602374006583e+02,-5.676442189484175742e+02,-4.363814793876915132e+02,-3.069708461175594039e+01,-4.185948692550869055e+02,-4.264406172073341850e+02,-1.769351243948898400e+01,1.065553058676006231e+02,1.296025549568091151e+02,-3.090375507155007995e+02,-2.954208485750841646e+02,-9.485227209598014042e+01,-4.868439149677749356e+01,-1.971887454589560207e+01,-3.486681343036668750e+02,-1.629895632897209907e+02,-4.893548869050695771e+01,-1.168484217363111668e+02,-1.756648819780788813e+02,-1.711333868512053584e+02,-2.930869070554149403e+01,2.482866560668448130e+02,4.129217525409287646e+02,6.140090217430085886e+02,3.932246464142459104e+02,2.041648931043778816e+02,1.685014681274131476e+02,1.642859748823766211e+02,1.217718545722407555e+02,-9.076856786944965449e+01,-3.454316886882668882e+02,3.756959317727001348e+02,5.312259015538146514e+02,4.338431625966952083e+02,1.674336948091122679e+02,2.633513152688517494e+02,1.034529581755208483e+01,-1.181345440569138390e+02,-1.849253593905086177e+02,2.467634587933691535e+02,5.788218615135731397e+02,3.431426897710362027e+02,2.104218797133890462e+02,-1.921648618646913178e+02,-2.345423134519133157e+02,-7.630036875262021567e+00,2.575696127173324612e+02,2.790825707657669454e+02,1.449300823334089614e+02,9.751660228555670074e+01,1.600701784726174139e+02,4.979292109367509056e+01,2.082805386333529896e+02,1.643133282815442726e+02,3.984568938140381533e+01,-2.335444878484537412e+01,9.450661773391624365e+01,1.473978451804547944e+02,-1.417864623893240150e+01,-1.160233791519074771e+02,1.759617733579739536e+02,1.325296442030690400e+02,8.077074912021339514e+01,-6.559218499470131292e+01,-7.513292589245747877e+01,-2.065622064488138108e+02,-9.045062098750588575e+01,-5.535077316620086663e+01,-1.387481063615779533e+02,-2.322307934437359336e+02,-3.297879324732994064e+02,-4.303426655737181363e+02,-4.004167373737867024e+02,-3.452062218292659850e+02,-2.640738137958289258e+02,-3.640899295587886400e+02,-1.469882946463071960e+02,-6.694285065089312070e+01,-3.669262388714059853e+01,9.095007485008812864e+01,6.391811329360473337e+01,-3.291061775203729667e+00,-3.853723417748020097e+01,1.828544917041830615e+02,9.455189442676149270e+01,1.076194959523677994e+02,2.453654280418273288e+02,2.863557744266424265e+02,-1.840931104760502990e+01,-6.107996930777733269e+01,-1.304184095065702707e+02,-9.810582774918862015e+01,-3.302237011439839875e+01,1.174287408791956011e+02,2.567721785772883436e+01,-1.016898704492019192e+02,-1.937954468949792499e+02,-1.604170931565061267e+02,7.719765314511616339e+01,1.877903219824074199e+01,4.367832710858380096e+00,2.140209150739121355e+02,1.361838421063366695e+02,2.989643139274489840e+02,1.707668207555243498e+02,-4.444735417545837208e+01,1.306301942629331165e+02,-6.442931574540088491e+01,-7.717627829782159665e+01,6.922637294615077508e+01,2.100145954741365699e+02,1.711630779498972288e+01,-1.699258843536692609e+02,-8.328837156829845867e+01,-3.112097349896228593e+01,1.314368916904060143e+02,5.002062027126097519e+02,5.469788066791311394e+02,1.830199093450746659e+02,8.471751377318472009e+01,3.146918574759789635e+02,3.228316565657776778e+02,-1.567957110854464986e+01,9.104234292388210292e+01,3.162831805991835949e+02,-6.782738920342276856e+01,8.130624888918114834e+01,3.643994577128553658e+01,1.011893846461752702e+02,7.299234733838750344e+01,1.207490360964715848e+02,-2.615297546241200166e+01,-2.179623701424531532e+02,-2.183978447434262193e+02,-2.103470486240890125e+02,-2.011729828405889009e+02,-1.910851896690397211e+02,1.048877776934561439e+02,4.911661464729590989e+02,3.241978023412007701e+02,4.898602604596327126e+01,4.513375199500208623e+01,-2.960519010314791899e+02,-2.616699423718853268e+02,-3.924346376995043784e+02,-3.499088663357397309e+02,-3.490853467794309495e+02,-2.146263858876275208e+02,-4.323061157639093040e+02,-2.794402864441464658e+02,-1.081961050959150299e+02,-1.733457120783032224e+02,-5.928627131274977273e+02,-2.011759788330000447e+02,-3.384668577133136296e+02,-3.414185468459496633e+02,-1.545229668972249328e+02,-2.751761151357608810e+02,-1.087379579002759158e+02,3.449388993676723203e+01,1.405036430552806337e+01,-1.888487794237170760e+02,-1.317852297799672101e+01,-9.898701790148379587e+00,-2.126303610674970628e+02,-9.871311452132508180e+01,-1.018913985103511521e+02,-1.230600955675197952e+02,-6.203693173076979406e+01,-1.112605098750221941e+02,-7.585387590910804079e+01,-1.971456617391158375e+02,-2.061993924008555723e+01,-9.871424148902518425e+01,-1.761708476598278992e+02,-2.547533890875331224e+02,-2.903909026840799470e+02,-1.694634110035327694e+02,-1.259496331531958617e+02,-2.306378636682182446e+02,-2.903118889504440858e+02,-7.115657213672091075e+01,-2.548367848641629791e+02,-1.166030529045813893e+02,-1.002386155191581452e+02,1.887651980218947756e+00,-1.925832190313099090e+02,-8.702082581011910634e+01,1.407062639676222204e+02,-1.187718331234461715e+02,-6.799321831359544888e+01,-1.818778611011520354e+02,-1.636239936110313806e+02,-2.209079518261963813e+02,-2.550086986109014333e+02,-2.262629532853309229e+02,-3.043473890326724813e+02,-1.125656783338268951e+02,-2.473024023821466528e+02,-2.551120706251212198e+02,-1.822201733235285133e+02,-2.751359178293559467e+02,-4.452795205168296775e+02,-6.062902754054293553e+01,-2.827301992861619055e+02,-4.342094308640862437e+02,-2.883608419064157715e+02,-2.343250506674846179e+02,-3.866288725805124500e+02,-3.895544708307969586e+02,-5.216942827375930847e+02,-2.065289441979796266e+02,-1.394274130815528565e+02,-3.635302994414082605e+02,-3.782338359350190444e+02,-3.845911328847381014e+02,-2.633336397304688035e+02,-2.446231946797987007e+02,-1.515617207346026021e+02,-8.728107913739862056e+01,-1.311423914974308786e+02,-2.388910125394811246e+01,3.586185487313439069e+01,-1.055265492211221954e+02,-3.597779237272063710e+02,-3.586913760105047118e+02,-4.557087730268000314e+02,-2.837037390542798789e+02,1.135692793034575772e+02,-3.286174928419729895e+02,-2.489536058420553672e+02,-2.288326971551607585e+02,-4.144443641466015720e+02,-3.994955611059842226e+02,4.428294736608025772e+01,-3.482631048833029581e+02,-2.776148811423275902e+02,-4.447627567097057977e+02,-3.117512679910594784e+02,-3.020634019383998066e+02,-3.193494570729346833e+02,-1.369213439304298277e+02,-4.399767126903793155e+02,-2.667425583287515565e+02,-3.466967415688063170e+02,-4.720009670414320624e+01,-2.020456495146294742e+02,-2.011621482426166949e+02,-2.912798904520047358e+02,-1.351305234702315943e+02,-2.008935197224447791e+02,1.670005433957011292e+02,-1.135799006098542350e+02,8.670338036823082462e+00,-1.496255689701383176e+02,-4.679614680885562166e+02,-5.014556503412833308e+02,-1.725776509646642580e+02,-1.255218790982581822e+02,-2.120510676490603998e+02,-1.867281267516499099e+02,-2.553533354489219391e+02,-2.881327325923922444e+02,-1.431463787645885191e+02,-2.332847972394650071e+01,-4.571278983201359836e+00,2.988695584610671290e+02,-2.208184886048655358e+02,-2.068946468507146221e+02,-3.189654794269659988e+01,-3.190931776576425136e+02,-9.756386507871911817e+01,2.251841882807498223e+02,-1.376108007333518231e+02,-1.795168664513156500e+02,6.270639517043383648e+01,1.903091524134137842e+02,2.858016571132484387e+02,1.215496536577493316e+02,4.295126483624975435e+02,3.014926997139970695e+02,-1.370585545203467746e+02,-5.654751946686127440e+01,-2.088558950775959318e+02,-2.239999916073368809e+02,-9.560095317758671740e+01,-2.728143879644837284e+02,-2.691430308523671329e+02,-1.510762052057453957e+02,-2.959670269034765511e+01,1.566740356243792860e+02,-4.670503647536766323e+01,1.238080717703129778e+02,-1.110805815223403243e+02,-2.433690123890011137e+02,-1.674715719925669362e+02,-1.336426714143784125e+02,-2.441049429602865359e+02,-7.811592743283532059e+01,-1.405038472948963602e+02,-2.158293412594419465e+02,-1.275245566320599835e+02,-1.034714574536904337e+02,4.983391178616514594e+01,-1.908198483720121885e+02,-6.000882584786755558e+01,1.391482907122094161e+02,1.594249449028354491e+02,3.408344559066577517e+01,-2.570230509943741595e+02,-2.499880165194160497e+02,-4.218841055495829551e+02,-3.109405677656959597e+02,-1.860293207705900613e+02,-2.426395690373569209e+02,-1.792924920152539414e+02,-2.000469028238635758e+02,-2.003910567793929829e+02,-3.052401384750049829e+02,4.893759732425948528e+01,-1.096285717672336091e+02,-2.749855103012001223e+02,-2.281539538809703060e+02,-3.374019521091505567e+02,-1.849805409772129394e+02,-2.285430206922733589e+02,-1.741973773018640941e+02,-3.067345547981460641e+02,-3.529595911022654491e+02,-1.966639410429524446e+02,-2.172942315743646304e+02,-2.877491543770090061e+02,1.263207036392028471e+01,4.418670541997326495e+01,-2.565414724180558323e+02,-2.861065817468667092e+02,-2.780645880717506770e+02,-1.849259485993906651e+02,-5.319694323730649330e+02,-1.455348277438737625e+02,-7.801341078761387848e+01,-1.482782030270875850e+01,1.170744491965926670e+01,-4.013068796907446085e+02,-6.527978605150362057e+01,-3.198225714602380094e+02,-3.309074528747200930e+02,-1.292671857568698499e+02,-1.624268140942818661e+02,-2.810163566757573221e+02,-3.090681608478010958e+02,-2.761641809228969464e+02,-5.098880094846253996e+02,-2.403631327951341063e+02,-2.757759279133122732e+02,-3.106984001957022770e+02,-3.490381627338887256e+02,-4.642168195689167760e+02,-1.955792982080608056e+02,-2.495599580758717480e+02,-2.552693590638365606e+01,-2.174034199297587122e+00,1.863604460680482688e+01,-2.224617673600334911e+02,-3.792662008327595800e+02,-3.625944403410551331e+02,-3.770319165730651321e+02,-1.860031314409497725e+02,-2.323132333783687500e+02,-4.340545431342247866e+02,-3.918831687383446933e+02,-3.445371544477189332e+02,-1.326691831362808216e+01,9.500862199096206950e+01,-8.782775381127652281e+01,7.848892947874924175e+01,-2.605224898666168087e+02,-1.101791625591269224e+02,3.638551643132912545e+02,-2.754983954630884568e+02,-2.001163339322992840e+02,9.209224681527018674e+01,1.181494171639390629e+02,-7.293334258058615660e+01,-2.399864110849300118e+02,4.311556489134091521e+02,1.496260835806629927e+02,-4.488973183885335061e+01,3.961035930926572632e+02,1.281443510491711777e+02,-4.111956206599923007e+02,-2.053267427762516490e+02,-3.808199036298018427e+02,-6.039360838957135229e+02,-2.616147697904367533e+02,-3.341692176717584744e+02,-4.232108945800728748e+02,-4.044809623250451978e+02,-4.197745504977863789e+02,-2.861983910913953650e+02,-4.208601833611305665e+02,-4.032395531265905220e+02,-5.143571188826530260e+02,-3.518411067208865006e+02,-4.518546751215006907e+02,-4.121590424677963256e+02,-4.987116706548254115e+02,-6.102407115868574010e+02,-5.113181010252507690e+02,-3.737197399695712647e+02,-4.634418868936771787e+02,-4.060584267669825067e+02,-2.373550702223141968e+02,-4.829603661546341300e+02,-1.405077934828147761e+02,-2.758374680408912809e+02,-3.050656545586198263e+02,-3.273643894942150609e+02,-1.922929060805091979e+02,-3.285321400641010996e+02,-4.827281827536734795e+02,-2.308636383914403893e+02,-1.510525583048134877e+02,-1.415401709285166589e+02,-1.753676991136439938e+02,-1.606927548209347663e+02,-1.585624418757684850e+02,-8.747431204504474067e+01,-1.386655176411905757e+02,-1.332652166271247438e+02,-1.559591597053891974e+02,-2.320393341492399486e+02,-1.474056012383589405e+02,-4.558933325414862026e+01,1.569906446493912711e+02,2.689531253759358265e+02,2.611117133287189631e+02,1.967953048182156408e+02,2.652947652833653081e+01,2.057086269002769257e+02,4.774134265057622315e+02,6.013811744725760491e+02,1.393299550933436990e+02,2.352352039600057765e+01,2.865646130002563154e+02,6.804805163492161455e+02,5.498872814558513937e+02,1.776086478961134105e+02,2.353221433617407854e+02,1.318855023947847656e+02,1.414921108011034221e+02,1.851397767595798314e+02,2.300780197882902200e+02,2.036455721843770164e+02,1.195018203842042084e+02,1.088378728291924205e+02,-1.863715572531647524e+02,-2.230207059053586818e+02,-2.135804923322378670e+02,-2.016313425914832465e+02,1.179573237263556962e+01,-1.370840214276618099e+02,9.815344999596543119e+01,2.049701264848956157e+02,2.117383068873672869e+02,1.641783663971645524e+02,-4.658148079853475565e+00,3.537494701947144335e+02,5.652761117761032210e+02,3.692558777365876495e+02,2.515030028168375793e+02,4.053335446320287474e+02,2.996192078986325669e+02,2.597497125007212730e+02,1.664041224321331356e+02,6.410307532602614344e+01,1.797688146392099213e+02,3.558351683877991150e+02,2.914740296560563593e+02,2.323647207455959744e+02,4.535729164802845048e+02,4.242462178929461061e+02,5.522224784842267127e+02,3.535394685204317398e+02,2.895244624399168742e+02,3.019536697348293046e+02,2.635866612297583060e+02,1.041041468908887708e+02,1.532784660308874152e+02,2.171455707985475385e+02,5.057571236394600760e+02,2.224337247937829432e+02,4.597860367364345393e+02,3.207309691288321574e+02,4.833261388643721830e+02,2.401181276774634057e+02,4.507994111240176380e+02,3.059555504173508780e+02,5.185853952691180666e+02,1.747709247650440147e+02,3.616434097113456687e+02,-1.667896732132814464e+01,-1.683841054945795577e+02,-2.025233071778137059e+02,1.484280914768311845e+02,1.409236824229550393e+02,-8.302114810705674586e+01,-1.374419171847143843e+02,-4.002528839065803368e+01,-2.227750577339969027e+02,-4.261226551778089089e+01,-4.265489519499236337e+01,-1.442470672962424487e+02,-2.053313003347565484e+02,-1.005114791515839130e+02,-4.796252075588314767e+01,-3.498417220424422567e+02,-9.099240511293439226e+01,7.365348953994873682e+01,-1.435465214642687215e+01,-2.784682814836838816e+02,9.584183004233545944e+01,-1.305259362598449684e+02,-9.668586160465598311e+01,-1.347776774732316198e+02,6.758489803050684941e+01,3.815104302348548515e+01,1.360214917228844342e+02,4.452746117727053132e+01,2.373218199224926650e+01,2.638290905578945456e+01,4.148642393729668925e+02,4.678732341560823897e+02,8.557492444282478061e+01,-5.243676620145652123e+01,-6.478769943938229403e+01,1.359240818436990992e+02,3.190158361864200174e+02,3.732690183647228537e+02,2.927755604746220683e+02,2.761339777071227104e+02,1.858132897917406581e+02,1.826839286384184788e+02,1.945457922265952106e+02,2.073369398710070470e+02,1.071501184951430758e+02,-2.502986942240723067e+01,1.824282719408518005e+01,5.413930098400442859e+01,1.442582348364232701e+02,9.371577967120282437e+01,1.419931107700717803e+02,1.595793275175311123e+02,-4.532793547852119787e+01,-3.793359393265818369e+01,3.329371314606959231e-01,1.920923745352772016e+01,1.729499121987849719e+01,3.614122501119777553e+01,1.167089358431644541e+02,-3.757774493920416958e+00,-7.658859510532404613e+01,-1.738648346195699332e+02,-4.270062898950811814e+00,-5.773386126997436918e+01,-2.415307692524980610e+01,-2.906041634286986550e+02,-1.606079263036940574e+02,-1.748991320277893067e+02,-5.534680492314706157e+01,1.111579977478391470e+02,6.853020306143231721e+01,1.064346204456263365e+02,1.490760565482002562e+02,1.212502464487550640e+02,1.297632504849550799e+02,4.552194030490974797e+01,1.199591214805766697e+02,-3.942667509560948247e+00,-1.345705929865054031e+02,-4.172324635599565568e+01,4.354465404143226692e+01,-2.627237348421886054e+00,3.090168087772887162e+01,-1.070445589130821418e+02,-3.190608336176552484e+01,-1.391181464388805864e+02,-3.729249967375658343e+02,-1.042197200515006159e+02,-1.014195188277291209e+02,-1.854562724598999068e+02,-1.492810196451431466e+02,-1.036641266049587955e+02,-1.543544819453368291e+02,-1.698737280318760554e+02,-1.099023297906724110e+02,-9.640073245028477800e+01,-3.510048361836743993e+02,-1.097313306225619840e+02,-7.211463917505113841e+01,-1.369727141457495918e+02,-1.943138727612571586e+02,-2.606345499898176286e+02,-1.842146973108738166e+02,-2.364298246581885508e+02,-3.005307658974120386e+02,-2.799912303088209455e+02,-4.083915380915374840e+02,-3.014200432923867652e+02,-2.779573907140590450e+02,-3.469410056764183992e+02,-7.134989289341040148e+02,-5.025769831837243373e+02,-3.646990565540490934e+02,-4.982025816917153520e+02,-4.218905795758205954e+02,-5.938896061826042114e+02,-5.358819538089661592e+02,-5.261175423128084958e+02,-4.155078855119219838e+02,-3.034281004880507453e+02,-3.821219851621586940e+02,-4.009089679560378272e+02,-3.948370748478203609e+02,-4.430656613696726822e+02,-9.491868432714956043e+02,-6.354708266385416664e+02,-4.561828785917849132e+02,-5.088181153778156727e+02,-4.989051198449201934e+02,-4.649628187159732420e+02,-3.848868525018821174e+02,-3.911485931990864628e+02,-5.049798779449266704e+02,-5.324498776929419819e+02,-4.228285827083941513e+02,-4.426828705203042773e+02,-4.490405645090187363e+02,-7.111812578937699527e+02,-7.664407061470378721e+02,-5.085075780890474562e+02,-4.462090215383755094e+02,-4.699113797629072451e+02,-3.961954261434818250e+02,-3.352367169503318109e+02,-4.457515382431910211e+02,-4.200235321524833125e+02,-3.564942191965351412e+02,-3.693227709200789945e+02,-3.615853473282149935e+02,-3.315545063972376170e+02,-3.995186053945946014e+02,-6.717220158173053051e+02,-5.282821971261632825e+02,-5.623686523955375378e+02,-5.595399571324106773e+02,-2.040186438705193837e+02,8.625881228386100474e+01,1.010783122694773226e+02,7.370218443267876296e+01,3.146261242252051034e+02,2.502343405618196357e+02,1.957369515619256788e+02,-5.732980031540620303e+01,-1.443062701079068120e+02,-3.183148695085627651e+02,-1.661864907235791975e+02,-3.586498269752582928e+02,-4.095802631226508197e+02,-5.370046109215747947e+02,-4.152176509750190689e+02,-3.830769623074948527e+02,-3.966281245347545337e+01,-1.642096336780323895e+01,-1.321197328067680132e+01,1.818543278118437456e+01,-1.797584476088765655e+02,-4.521363916874306597e+02,-4.170484870297158295e+02,-5.304352691528304149e+02,-1.980948611534354882e+02,-1.747170398356354326e+02,-5.886116155049688814e+02,-2.965526539150943677e+02,-2.159457175688949349e+02,1.912552891774458885e+01,-1.679563819640036400e+02,-7.107807139048082945e+01,-2.389327858053891873e+01,-1.175385124739784999e+02,-2.279532045309778994e+02,-2.952647384901522400e+02,-8.644690794970148318e+01,1.227614594411170685e+02,-2.594254237718031959e+02,-3.822775682287556833e+02,-3.931729457922983784e+02,-3.046867460482511092e+02,-1.007338046679672061e+01,1.999857974206789777e+02,3.548085873590366646e+00,1.353962144568096733e+02,1.711407616607358761e+02,4.623015885123172097e+01,-1.554341530208451161e+01,3.438170116133306919e+00,-7.744800902945030430e-01,7.745522444704531040e+01,1.860758694527474972e+02,8.845186026313439243e+01,-1.490078544899338624e+02,3.183537157581471320e+02,4.519188888198817153e+02,3.608124226254294626e+02,3.933061214085329880e+02,1.369772110861665908e+02,-2.007468480961040314e+02,-1.195965101781356736e+02,-8.786454472314656527e+01,-2.426417694323455976e+01,1.808881678104398816e+00,-1.083484508320515829e+02,-4.828269875042075228e+02,-3.843607077634905522e+02,-2.497557108205173222e+02,-2.994217491204996122e+02,-1.426410555377522371e+02,-2.773508066056875805e+02,-2.913524552883409910e+02,-2.391794075053560960e+02,-5.204397348435450112e+02,-8.866146447351059123e+01,-1.363385886174568213e+02,-1.452921608154072146e+02,-1.467473424618191302e+02,-3.611072720759409549e+01,-4.827889228997906912e+01,-1.772417650353468446e+02,-2.106563123566650688e+02,-3.329581485291114404e+02,-3.803665606557514138e+02,-6.015597618039543022e+02,-5.358832504111167054e+02,-5.195508607156488097e+02,-3.607391996434831185e+02,-2.478135960087688545e+02,-2.409119031127157200e+02,-1.638608106099719066e+02,-8.741057910502976824e+01,-3.788995953883769516e+02,-9.894382313265427911e+02,-1.081392629278169807e+03,-6.229328382206196011e+02,-4.255086341841138733e+02,-3.525150639047135428e+02,-3.197098957149962075e+02,-1.465527778814306430e+02,-2.119724728673857044e+02,-1.806312543185253503e+02,-3.516155206744555812e+02,-5.929255539343366763e+02,-1.183142639675158136e+02,1.252882307098217325e+02,1.360617428768959769e+02,-1.170863543831437426e+02,-3.660640402159085625e+02,-2.169004208049510112e+02,-3.233783008807140504e+02,-2.978033382688077779e+01,-4.416737480943434946e+01,-7.219281778817769180e+01,-1.675065024788762571e+02,-1.453935942907532421e+02,-1.414385597692776173e+02,-3.920109887770310024e+02,-3.064853957554006456e+02,-3.956514816975370650e+02,-4.473640224704697630e+02,-4.065923489705907059e+02,-3.797815446734840634e+02,-2.814392167865241845e+02,-3.639341021131832576e+02,-2.254698983371605436e+02,-1.283676335257832193e+02,-1.517644562423307093e+02,-6.837531542005062875e+02,-2.621223681729080681e+02,-3.710969295694468428e+02,-2.188107265874155587e+02,-1.809955707807133649e+02,-2.088565873877416266e+02,-2.514559995073549601e+02,1.165097265213120181e+00,2.066275528541866606e+02,3.980863450169252928e+02,6.418803231054198477e+02,3.240809550211388341e+02,-2.880485808916603219e+00,6.156445477895289287e+00,1.247756952302999593e+02,-4.264629899373133526e+01,1.726507422463485568e+02,-1.019606189590405165e+01,-1.461074011728418327e+02,-3.325855009617799283e+02,-2.542026430614150456e+02,-6.335835271319451749e+02,-2.158109225863408085e+02,-2.242878032890555176e+02,-1.642574841777512233e+02,2.039011708143361261e+02,-4.858166290193766201e+01,-6.192613826081093009e+01,1.503557839005135577e+01,-3.125530343748272344e+02,-2.560778477925599077e+02,-1.896790090662392458e+02,-1.638741960697189199e+02,-4.171142752485197889e+02,-4.156746348434265883e+02,-1.104473048938332767e+02,-9.801791302587953680e+01,-1.427642270587434723e+02,-1.877930534467002133e+01,-1.623914095387674195e+02,-2.028720351426458421e+02,1.257785814609053716e+02,-2.009967164358225489e+01,-1.132297787047995712e+02,-1.263971137751613583e+01,-7.703732671144234700e+01,-8.113021509230839001e+01,-2.632442772506048811e+01,-1.822459234267079751e+02,-2.443986501860916292e+02,-2.696108265783143452e+02,-2.449122276909653237e+02,2.386968426599455029e+01,1.152750300121644358e+02,-8.899700152120556140e+01,-2.199156919312445098e+02,-1.904475049073100479e+02,-2.397961687522655438e+02,-3.084491823570679685e+02,-2.336983922795149624e+02,-3.085717688933708587e+02,-4.392980483230315940e+02,-4.244483882012986555e+02,-5.231571508365061618e+02,-6.290879552170832767e+02,-6.186308089614649361e+02,-3.956148687269672450e+02,-3.850211848115891371e+02,-4.881973091613911038e+02,-3.352573047798608741e+02,-5.599168897901704440e+02,-5.711789527558032660e+02,-6.010702124516634512e+02,-5.244532972379618059e+02,-6.769089980169428600e+02,-8.174754452693654230e+02,-5.998734558221048019e+02,-6.587401024003435168e+02,-6.244017198969249876e+02,-6.550579833429402470e+02,-6.910345481296074013e+02,-3.877131348183174282e+02,-4.112591131838516390e+02,-3.403301516807466669e+02,-1.124341119404893448e+02,-2.102537078049198271e+02,-1.834973290603815030e+02,-3.458466805752448181e+02,-9.163559449606896123e+01,-2.927438335142239225e+02,-2.335668642981037522e+02,-1.709082895265474349e+02,-2.774858501732472860e+02,2.068409680566743987e+02,3.576677334460637212e+02,3.421568208251717351e+02,3.752010033961828412e+02,2.532069447195999317e+02,3.192010065210951097e+01,1.806312155876457837e+01,-1.036010334304201876e+02,1.167239374506794150e+02,-1.481255725691952136e+02,-7.441975258290591455e+01,-5.972454636562669350e+01,-5.922665112940680388e+01,-3.444429359868058782e+02,-1.073053439073564164e+01,8.931175586450123660e+01,1.455126195504276438e+02,-1.816103016689680771e+00,-1.968608014546638856e+02,-1.057721142208332310e+02,-1.553044655454310714e+02,1.964021743019546307e+01,-3.455020398584963459e+01,-1.604942343202006612e+02,1.061412896713782743e+02,1.540391662372812789e+02,3.075773524745962391e+02,1.778097007926073445e+02,2.057119885174163585e+02,5.256926287494459871e+01,-1.037403509291434034e+02,-8.053111640545515115e+01,2.037128975095127430e+02,3.890151813975487585e+02,3.730703348647618895e+02,5.343171931771843219e+01,1.314152022595083338e+02,-2.839094587665690597e+02,-9.789173937266724579e+01,6.305315444687508375e+01,4.473506169905508614e+02,3.402025419286491115e+02,4.653061331740598234e+02,4.126610185030685898e+02,9.390404649676173676e+01,2.365431349485345436e+01,7.485900558286982687e+01,7.445054397199339746e+01,1.264363154701076724e+02,2.218333823370954860e+01,-3.332673191960253689e+00,1.133925158188089597e+02,1.276143851147294299e+02,1.234423027101552748e+02,1.762027902189002191e+02,2.174841131538759953e+02,4.584738754194715398e+02,3.341995319731533982e+02,1.742536224466155659e+02,1.800399054006836934e+02,1.313139861974388225e+02,8.511053435523015764e+01,-1.418694790367936491e+02,-1.747139992827341359e+02,-2.086518647246532225e+02,-2.712868317926886448e+02,-3.255311573548856927e+02,-3.267618055603799121e+02,-5.038384063854530837e+02,-3.220521075132541569e+02,-2.549083394728273220e+02,-1.164439361131481405e+02,-1.818715801471000759e+00,1.357290014532958367e+01,-5.607254162392081298e+01,-2.270412554274321622e+02,-1.471103600819024280e+02,-1.842131954086702592e+02,2.251844903966457423e+01,6.261007647827813116e+01,3.336357556177699735e+01,-2.316250895517973731e+02,-8.755314630382133601e+01,-1.635762863232950508e+02,-4.582260762498959821e+02,-2.732450545004327296e+02,-4.217153270151819697e+02,-3.477344826842139014e+01,1.960365921076243012e+01,-1.108971631625813075e+02,-2.089728650066012960e+02,-2.103811168129522571e+02,-2.832912579783644560e+02,-2.647229685469780520e+02,-1.997326472922812570e+02,-7.174602862879762597e+02,-4.207515702078304685e+02,-1.976042788175685700e+02,1.977314094712405961e+02,3.886028928021659681e+02,2.952802015760709651e+02,3.502419068054992977e+02,2.361350116676085804e+02,5.407947779509697739e+00,7.751278405056416432e+01,1.853355208242328729e+02,9.098364816731029237e+01,-6.241054348271978824e+01,-1.272957031573988900e+02,-6.046154251068603003e+01,-1.066189727432022920e+02,-1.655577779562864293e+01,1.000212810146709899e+02,3.884505300927600615e+02,4.555106398986921477e+02,5.151938020706692214e+02,3.546238924680073978e+02,-2.814206045834569636e+01,-1.557935742620917665e+02,-2.295277159140155163e+02,-1.649085666410386466e+02,-5.971179656762376453e+02,-1.844135267623478569e+02,-2.438628893189632834e+02,-1.249218144027639426e+02,3.188914519892171029e+01,3.338046247935592419e+02,3.460335853136344895e+02,3.196980262013046854e+02,-2.177704900933319720e+02,-1.788235002041118378e+02,-8.231429666859592942e+01,-1.608119069388153548e+02,-2.847667318943826444e+02,-1.924770291266079312e+02,9.422527356458607528e+01,1.202227518113210749e+02,4.250969807550083601e+02,2.961972243094959367e+02,5.870365030345412833e+02,3.386151824213822010e+02,2.214666581217379075e+02,2.146030107035636831e+02,-3.493349456363802119e+00,-2.323192803086189997e+02,-1.767791376459674666e+02,-5.185084846340387799e+01,-2.382633099698419414e+02,-2.923904859753799315e+02,-3.484530415144546396e+02,-2.400117356170717926e+02,-1.767060570968632192e+02,-3.121749079838257330e+02,-2.078684838981499752e+02,-2.883840509267559469e+02,-3.032843681064269958e+02,-1.963760103107991313e+02,-5.394571289085693024e+02,-3.642936473431781792e+02,-6.147635189574192509e+02,-5.181165751244573130e+02,-2.766777423623166783e+02,-3.924091198645252234e+02,-4.710908878935055100e+02,-3.406329945370249561e+02,-2.772338217066378547e+02,-4.701631950546969279e+02,-5.346336276915033068e+02,-5.049888082023615539e+02,-4.540903025830070874e+02,-7.446231432550098361e+02,-9.667335230490439244e+02,-5.012521950226085892e+02,-4.439688499564205131e+02,-4.886338253888384315e+02,-2.930040528556822323e+02,-2.485943486445888198e+02,8.819627153933396357e+00,2.824963706113188664e+02,-1.083170292859755079e+02,8.292948238565318775e+01,6.496671592875512147e+01,1.030575625186334179e+02,-4.907035906920789614e+01,-9.175001709651803594e+01,-3.762455745267837415e+01,-5.219507646355688735e+01,-2.907222004733677068e+01,-1.034877291340925183e+02,-1.194821089037353090e+02,-1.771303884323184548e+02,-1.801319546871495447e+02,-5.592515654334364683e+01,-1.618366060150013084e+02,-2.605613081482017535e+01,8.227321226440693636e-01,-1.648026883771484563e+02,-1.709681504235776970e+02,-5.705222851899772252e+01,-5.092500993931338371e+01,-2.400357430383051565e+02,-2.458618316805570885e+02,-3.179127550855228037e+02,-1.098175648720208528e+02,-3.358770092974062891e+02,-2.816093933227385264e+02,-2.759239643807828770e+02,-1.938484463279867498e+02,2.536678300328755427e+02,6.005124592987803567e+01,-2.550717408570162092e+02,-2.132151675469718839e+02,-3.808947174547092800e+02,-3.455169450593472789e+02,5.368193119584186945e+01,2.089676237656211910e+01,-2.413568087201658585e+01,-2.568764111408533068e+01,1.274145764639816321e+02,2.038400058013270950e+02,6.860783700313184852e+01,-2.654345677161671233e+02,-1.688383408699298229e+02,-3.898931813386249701e+02,-8.848861483114454529e+01,2.030726109167684967e+02,-3.338130266273765301e+02,-2.874873761349766710e+02,-3.404765823247789314e+01,-3.516176781384019705e+02,-3.948200909763972959e+02,-9.814635800838914292e+01,-3.173312630135045254e+01,6.250010711582564227e+01,-4.395202766119272724e+02,-3.331867126388409588e+02,-2.274312561603634606e+02,-1.277901165579100251e+02,-1.535695763743560178e+02,-1.899789184248695619e+02,-2.600016599150855541e+02,-5.747882338840740601e+01,-1.501936221524392465e+02,-2.680957552253376548e+02,-1.256145609121440856e+02,-1.018787020795304130e+02,-2.661306965137829366e+02,-1.740646289565886207e+02,-2.761414903828309662e+02,-2.130913894928930574e+01,5.914677318714064569e+01,-6.070037758267285710e+01,-2.581393757532614472e+02,-4.312363715572378169e+02,-2.885889901348069770e+02,-2.053295800007081766e+02,-2.615468821399069839e+02,-3.979911226028003739e+02,-3.392442141351810960e+02,-3.877640085171910869e+02,-2.044945054056372555e+02,1.450942631968896990e+02,5.505855389279075780e+02,8.819676286669432841e+01,-1.468986253243307374e+02,3.537079002760594193e+01,-2.674798038910811329e+02,-4.182151296881758640e+02,-1.129213206362649800e+02,-2.090181549787263862e+02,-2.049031234064368050e+02,-2.271552097043017966e+02,-1.882641361089815746e+01,-1.669565631684415052e+02,-2.500125322775477912e+02,2.832309686243065698e+02,2.218885784822348342e+02,3.440118919090031682e+02,2.578988730283737141e+02,-2.605599031444268121e+02,-3.177007930787851819e+02,-3.482916841926817710e+02,-2.456978318251954079e+02,-2.105254382309726680e+02,-1.838284561353636093e+02,-1.813916599485039853e+02,-3.529967977013569680e+02,-9.834820214752761558e+01,-1.024960496539184334e+02,-7.642458669099299584e+01,-1.299542152505198089e+02,-6.917733408102711223e+01,-1.192323057787412353e+02,-1.209755118764598905e+02,-3.999796089621414694e+02,-1.231611077106167755e+02,-7.340961488040079530e+01,-1.683700328722071617e+02,-1.880219011046314108e+02,-1.720046012889536939e+02,-1.106868520839448706e+02,-2.942922786737960905e+02,1.238310833893308427e+01,4.813830347530962683e+01,-1.255049384779239858e+02,-2.591920201700880853e+02,8.690842807081871513e+01,-2.428634288426724197e+02,-2.630560075225172909e+02,-1.632332113237930002e+02,-2.754313905690323736e+02,-2.052245634050128729e+02,-3.330642518530956409e+02,-1.006734714120050000e+02,-2.643524822661815961e+02,-2.684108812468550695e+02,-1.941864411666023216e+02,-2.663943257914742162e+02,-5.619559097652687996e+01,-3.081008705340541951e+02,-1.216081710334611330e+02,-5.436459480137516493e+02,-2.453624128023171522e+02,-2.186756467715996450e+02,-3.296366490424616131e+02,-2.457042861000450955e+02,-4.676543877621610932e+02,-1.594820985920042062e+02,-1.821974448059455085e+02,-8.809148804299621816e+01,5.223344305157403511e+01,-5.086340961247260566e+02,-2.073402979593388977e+02,-2.105385785632002751e+02,-8.573440367785624971e+01,-4.097076379409055562e+02,-2.893968557699599273e+02,-2.630793758726625811e+02,-3.138482660503170791e+02,-1.435320218527875511e+02,-2.284916249834324731e+00,1.603391968279140656e+00,-3.553616898500426373e+02,-3.513574920735223373e+02,-2.703219442839222211e+02,-4.837249922872500179e+02,-2.987061438107410822e+02,-1.704375424571622943e+02,-3.692942525502618309e+02,-4.680736546178237063e+02,-5.170373580555466333e+02,-3.949190739924287072e+02,-1.837914708862436441e+02,-2.726734759101659620e+02,-4.815910799625914933e+02,-3.137824359243716117e+02,-3.555921223205772321e+02,-2.083466424030433757e+02,-2.468423299175348689e+02,-5.256205234954882144e+01,-2.096243332383744473e+02,-3.472474200272803557e+01,-2.427409647299967901e+02,-2.118669159175067875e+02,-2.255796658775682033e+02,-3.091241221526828440e+02,-2.944421206291658564e+02,-2.714760583045889462e+02,-2.904632190259685558e+02,-9.330175428118005243e+01,-2.644423539757401898e+01,-1.036216031762884029e+02,1.281178542946341281e+02,1.508189372492703626e+02,3.806408091516270531e+01,-5.966550448306175269e+01,-6.430453549039663130e+01,-2.470787999106740358e+02,-1.257028922553724044e+02,-2.268314597186113133e+02,-2.934304773981564267e+02,-1.272881930498323015e+02,2.329269524703402681e+02,3.237787247600338105e+02,2.990837416483423112e+02,3.233129916012049421e+02,1.993951475681507191e+01,-3.118413136169725703e+02,-2.502812803243274118e+02,-5.038055799586878720e+02,-3.229699059857645693e+02,-3.401107205460307341e+02,-3.495415759262382380e+02,-5.225584893011180156e+02,-2.750104610913792840e+02,-2.279663099991105639e+02,-4.424903094102149907e+02,-3.276900937852397533e+02,-3.909977218623371300e+02,-3.884449080247314328e+02,-2.925143692169462497e+02,-5.017004040296658900e+02,-1.533977689141811709e+02,-4.683995335745225930e+02,-2.713299872183503112e+02,-2.598986925261070837e+02,-3.034679558998910807e+02,-1.990769212100359766e+02,-2.814816413950072160e+02,-2.773752290189540304e+02,-2.802706201494365814e+02,-1.805384762015419824e+02,-2.160080740887874526e+02,-2.174858889152781671e+02,-1.315043892411871980e+02,-7.742872243824196232e+01,-1.632101950590922002e+02,-2.554896585988732909e+02,-1.003401630142051459e+01,-8.291302130074080878e+01,1.375256854602945111e+01,7.611923039299517768e+01,-2.204031822389590189e+01,1.280917575959669819e+01,-1.023352819235729498e+02,4.694158590470275527e+01,-2.362321853824808926e+01,1.471075696222195006e+01,-2.359116060464891973e-01,1.194531054872251019e+02,1.580809861612362113e+02,1.659628773207601569e+02,3.559108983892718356e+02,2.718975967685286150e+02,1.445065520163433064e+02,1.447697551254379960e+02,3.808285881640319417e+02,4.578694674524365951e+02,4.591167868791662841e+02,8.917387098315290928e+01,1.904139533718480095e+02,5.412825729151506948e+02,3.900988175304472634e+02,4.293471905209122497e+02,7.965959095120859956e+01,2.346508269916685094e+02,2.381362931280533246e+02,3.503295106591872354e+02,2.921996658103560094e+02,4.225477899578492043e+02,5.260666949441623075e+01,1.642133774885394644e+02,1.151991448519214600e+02,5.024601121777739365e+01,3.538674937633786044e+00,-2.768343569364246264e+02,-1.365038270172107673e+02,8.291512771926029757e+00,-8.253526961447542476e+01,2.103258820720151334e+02,3.443093890634184504e+02,1.780079767371786659e+02,6.416387520733417205e+01,1.075599161427513906e+02,2.892701303181515868e+02,1.849895847532799280e+02,4.182807222991233971e+02,4.171366127874852054e+02,6.127782635411314232e+02,2.009303673661808318e+02,1.446663818405899065e+02,3.394082235260757443e+02,1.883077611532096967e+02,1.218914620829230415e+02,3.194283724848415886e+02,3.193971717007595430e+02,3.158512702641723990e+02,5.775002020315823756e+02,5.268716636510843045e+02,3.254058645542119734e+02,2.158255199342307264e+02,2.991728961006799068e+02,4.878289608900197294e+01,-5.389030065265325220e+01,2.434525197070043134e+02,1.032091076968572310e+02,1.166864891049672792e+02,1.942516081134028809e+02,2.875661325407799040e+02,2.259180805952354376e+02,1.019049696587942293e+02,1.618202810966466245e+02,2.899856295043327350e+02,9.337672764821789428e+01,2.870545093645322936e+02,3.516646768029273744e+02,2.121587776219583930e+02,-2.872039310467590099e+02,-1.685828667030891665e+02,-3.156060733613435900e+02,-1.967029324338413687e+02,-1.177004422132012280e+02,-1.903242489646784179e+02,-1.677307443563138634e+02,-2.507075645942250617e+02,-2.902914802885933341e+02,-2.612063993272900007e+02,-1.526125713149432954e+02,-3.503372203978286166e+02,-2.264723850178532132e+02,-2.359248850715869423e+02,-3.083400679314617605e+02,-3.191224868171640310e+02,-4.345894578848139531e+02,-2.078484910105994459e+02,-1.081072830520512866e+02,-1.174738015192163516e+02,-1.361074960273637657e+02,-1.615612819492428684e+02,-1.892638209667574358e+02,-2.125763403870279831e+02,7.981317759087629327e+01,8.562665120523139706e+01,1.309516005682467039e+02,8.227625501718574696e+01,-1.411468507717008265e+02,-7.163093895816626855e+01,1.006343460062008148e+02,4.857427500556294717e+02,5.296466177906818302e+02,1.501534178503012527e+02,6.641691230381330513e+01,7.814185931184387357e+01,1.342829873577171327e+02,3.496725969632566375e+02,3.511707777345932300e+02,4.005834783092761882e+02,3.859376530262051119e+02,3.061961567179243957e+02,2.955517584310072721e+02,3.931473809428272261e+02,2.341988088938381338e+02,1.464952924883696141e+02,2.224465688596246764e+02,9.940498887337976441e+01,1.797891626208728439e+02,3.933725956448893157e+02,1.578438663067681773e+02,1.509879092029981962e+02,6.653082751921284910e+01,1.023130299253457736e+02,-6.006828804500969454e+01,7.216300966217505497e+00,-1.002310343430348922e+02,-2.834403290616319282e+01,4.930523899552049727e+01,-8.214325719853642127e+00,-7.624834594463030157e+01,-2.829186085433170774e+02,-2.260008675778664440e+02,-1.209639912232888292e+02,-1.798842525739419784e+02,-3.241277212783693074e+01,-4.455306722491158666e+01,4.975555199208564261e+01,-1.568529743354965262e+02,1.650589924232813814e+02,-1.938987282898725653e+02,-1.334387533636757723e+02,-1.655124364101562264e+02,-3.200268048709004347e+02,-2.014551309440852833e+01,8.115064446426666223e+01,-2.564894108258883421e+01,1.280551874236268759e+02,9.457309789012620627e+01,1.810448961857593986e+02,2.365424911678515230e+01,-8.061771917058247539e+01,-8.799538296106975110e+01,-2.556640790274327628e+02,1.424670885959388045e+01,-7.827084411677387266e+01,-2.602278937337797515e+02,-4.336565963214329713e+02,-1.123793654807381017e+02,1.554223449370979040e+02,-1.999772371653978098e+01,3.110298979867593516e+00,1.445950539098797378e+02,-2.821862391696683403e+01,2.116949991597951453e+01,-6.882360266428463547e+00,2.053081634740965455e+02,1.135868070270133927e+02,1.060413080498965570e+02,9.479424759500776076e+01,1.056980196247779844e+02,-1.455925822561570726e+01,5.418390147230896048e+01,1.656303179238459222e+02,-3.912097155509937352e+01,2.570107625066125934e+02,5.621457637234574349e+02,6.117007191213824058e+01,-1.978073931265553824e+02,5.776337678877833781e+01,4.584960658365931607e+01,2.337717429724123264e+01,9.072410135118471430e+01,1.910323613383033603e+01,-1.346746150161229139e+02,-2.581283446193181419e+01,1.263534601050493080e+02,6.742927731167829108e+01,2.193712290288063969e+02,4.623813565797574654e+01,5.657481052370266639e+01,-4.348099650350222589e+01,3.747375018058164642e+00,-4.192894006087227865e+01,-2.040997039768470600e+01,2.624563088202769023e+01,-6.957112995161963909e+00,-1.247200431481928149e+02,7.022688629168186480e+01,3.165799496027808857e+00,1.489228723233215135e+01,-5.597123223616366516e+01,9.237136604055926625e+00,1.558463738425470524e+02,-6.546572034921983629e+01,2.025830626013110987e+02,2.663348895278280679e+02,1.185194951439015227e+02,-1.026936146927431537e+01,6.944094825336222243e+01,-2.536819499240067444e+00,-1.226612169327555080e+02,-1.389964394590374468e+02,-2.526096887632363064e+02,-1.348283547756591929e+02,-1.681109027783275565e+02,7.793489032721424792e+00,-5.563308705765612672e+01,9.781248770615403032e+01,-1.734540626942015251e+02,-2.108113602283920613e+02,-1.503192428482132641e+02,5.588172504553892850e+01,-4.467558906344468284e+01,-1.064858746488973651e+01,4.734492666586770326e+01,-1.282582156573870691e+01,-3.120639387554845143e+02,-3.098401345153005764e+02,-1.888493975389314983e+02,-3.858577170865340236e+02,-2.807811446222953577e+02,-2.880232308284821556e+02,5.767665616436162423e+01,-6.660408234449573683e+01,-2.027899325905129899e+02,-2.040174737668172043e+02,-1.690536702938191240e+02,-4.172165252833370346e+02,-3.806251290734020358e+02,-4.412186229479634108e+02,-5.848383091675943888e+02,-4.985811064969583413e+02,-6.538081939014525688e+02,-5.617257835069705152e+02,-6.337032226046408141e+02,-6.477934242896237720e+02,-6.615510429798025598e+02,-8.959420286709555512e+02,-6.912063614176979627e+02,-8.217825017648019639e+02,-9.059650312705600754e+02,-7.047154204210817170e+02,-8.799736839244853854e+02,-1.050965503232934452e+03,-1.052028470370418290e+03,-1.075278017571362170e+03,-1.151382773283540246e+03,-1.059417074267691078e+03,-1.197921292134342593e+03,-1.012093486704914994e+03,-1.098896440372170218e+03,-1.365605172347319240e+03,-1.408926726008546893e+03,-1.189360834928317672e+03,-1.117239317917415065e+03,-1.339784292362782935e+03,-1.274214466566220835e+03,-1.438544513078148157e+03,-1.544166131998274295e+03,-1.610263321512213224e+03,-1.442669633724601226e+03,-1.673769068885211482e+03,-1.550637304277817748e+03,-1.428625138075077302e+03,-1.524223043889076735e+03,-1.659578854490533104e+03,-1.715143493675828267e+03,-1.564916730125255071e+03,-1.793148622991711591e+03,-1.719082434763678975e+03,-1.535656480635293747e+03,-1.379287891954221323e+03,-1.626183566749843521e+03,-1.606003426052127907e+03,-1.492594025096557743e+03,-1.483746405020156999e+03,-1.511424431842216563e+03,-1.564249091503088039e+03,-1.485910277146622548e+03,-1.448964026845776289e+03,-1.503278053460452156e+03,-1.505548510959052692e+03,-1.753167472060026284e+03,-1.781334320888426873e+03,-1.549433368658094878e+03,-1.571988067855005738e+03,-1.654247275400476155e+03,-1.786255334987134802e+03,-1.734873019919123180e+03,-1.750198246144012273e+03,-1.986423385096737093e+03,-1.952089523857504446e+03,-1.780524912413104630e+03,-2.111506916217495018e+03,-1.847486986183134377e+03,-1.994980104007133377e+03,-2.455225090521640141e+03,-2.265894287092705781e+03,-2.357596796767505111e+03,-2.438161938984776498e+03,-2.491200020618173767e+03,-2.699851745376721283e+03,-2.882122599860658738e+03,-3.172546179195297555e+03,-3.331667684001194175e+03,-3.675466753611742206e+03,-4.160264320118458272e+03,-4.252773226978429193e+03,-4.303055039500106432e+03,-4.536620238218882150e+03,-4.423276679542744205e+03,-4.597027177448975635e+03,-4.764041639509194283e+03,-4.642285464653300551e+03,-4.651255168104682525e+03,-4.621483158923087103e+03,-4.706650285971592893e+03,-4.863015504927279835e+03,-4.781102959082341840e+03,-4.787987939621472833e+03,-4.707045417137920595e+03,-4.807530846304136503e+03,-4.933137679034080975e+03,-4.793230892467468948e+03,-4.793164185411621474e+03,-4.898184079146090880e+03,-4.871644459899005597e+03,-5.007230072417522024e+03,-4.966143867926859457e+03,-5.087981501731685057e+03,-4.941999507733397877e+03,-5.026832371827738825e+03,-4.969432133893235005e+03,-5.022775039316255970e+03,-5.079083147430407735e+03,-5.104847167361003812e+03,-4.964917556515609249e+03,-5.105593195490855578e+03,-5.052624856434247704e+03,-5.177518961366224175e+03,-5.190253308791868221e+03,-5.330779030647692707e+03,-5.160141528456929336e+03,-5.093429661188305545e+03,-5.072787208917347016e+03,-5.010206825194598423e+03,-5.101292928208669764e+03,-5.061449500112256828e+03,-5.086692174403047829e+03,-5.156017404210342647e+03,-5.197376805494767723e+03,-5.028820833097548530e+03,-5.197229444921002141e+03,-5.126820975728355734e+03,-5.292026282880910912e+03,-5.113298718816369728e+03
-1.596721031877941641e+03,3.129634781714231053e+02,6.169744923583836282e+01,1.008833937450068277e+02,3.468591524581235035e+02,4.378697466730387760e+02,3.223467556392032520e+02,7.693354286506209405e+01,1.827076225883913310e+02,-5.470310989841794935e+01,-2.187208256775714403e+02,-2.638287996461075409e+02,-2.377821154054134922e+02,1.172888021950399207e+00,-2.820643550462927465e+02,-2.113856267532473794e+02,-1.693950582601273425e+02,-2.525759094957901993e+02,-3.677749689340942041e+02,-3.195893808775599609e+02,-2.170617738372565668e+02,-2.508316466629376578e+02,-3.183760559725141093e+02,-4.280740320955536617e+02,-4.785986509065849077e+02,-5.287005260590765374e+02,-7.340577352598052130e+02,-9.274477902331027508e+02,-5.795424957519680902e+02,-5.529409813990241673e+02,-5.221604790158042988e+02,-2.072828807609485864e+02,-1.699325690689485668e+02,-3.617073247127470950e+02,-3.392459244764496589e+02,-1.992637715104270058e+02,-3.276423158921065806e+02,-3.827493999461153180e+02,-3.176332017557314202e+02,-4.264781901253061278e+02,-2.299391172069227594e+02,-1.047326301235303561e+02,2.595717053609097320e+02,1.028565205076051257e+02,-2.616739157083915757e+01,5.688505673672182184e+00,1.052538878450369282e+02,4.780298029425355821e+01,7.356334540817175593e+01,1.263264510870629920e+02,1.779784894260228612e+02,4.837066367965172731e+02,2.368942943800894909e+02,1.412466606166170493e+02,2.261138150673194502e+02,2.843427488483001753e+01,-5.707560541042133195e+01,2.617035482423101200e+01,2.182347672955606015e+02,-2.461510655764385547e+01,-6.714824175317551180e+01,1.438009271791360675e+02,1.346527063480893105e+02,1.222825361625956475e+02,1.836107191018604112e+02,6.269503518565053923e+01,1.619258381051912465e+01,4.272631325637411237e+01,-1.072696440185758462e+02,2.958510267914830649e+01,-1.428107099147354688e+02,-3.491231488646931780e+01,1.989729709165693095e+01,-9.107025310767765802e+01,-3.836667052850134496e+01,7.727579965185120159e+01,-1.969382888719563311e+02,-1.838957856956201340e+02,-2.691227768553226269e+02,-3.800229541956408070e+02,-5.758828350776894922e+01,-2.419295171157693289e+02,-1.209941351569452479e+02,-3.167636635690840308e+02,-4.562600077770065354e+02,7.052383963507989506e+01,-6.393105579164813435e+01,1.168666051521973230e+02,-3.198223591168418807e+02,-2.168765118702945358e+02,-3.686088813953750787e+02,-2.791054904290393779e+02,4.336549681441812254e+01,-1.401869395179850244e+02,5.422639956577938847e+01,4.219504156000722332e+02,7.136286033856998756e+01,-1.771405284850688417e+02,-3.502401327016445975e+01,1.507084782534392673e+02,-3.115422523707292157e+01,-3.080477427206803895e+02,-1.536282582852150824e+02,-3.624655741718501076e+02,2.611036092006017952e+02,3.250859269149131592e+01,-1.076457319331463793e+02,-7.859826990451108486e+01,-2.260793063086874213e+02,-1.387766714275243203e+02,-3.803335184877685151e+02,-3.931927898886502817e+02,-6.564624038803885924e+02,-4.817211462466122498e+02,-5.902981125803125906e+02,-4.211037443340400728e+02,-5.255779877664900823e+02,-4.263155102612744258e+02,-3.915619226061220388e+02,-2.358595552774022508e+02,-2.933129807527946582e+02,-1.962972835859228553e+02,-3.838211815778068967e+02,-3.030114475093536726e+02,-3.271461439043263226e+02,-2.135154888259826294e+02,-2.422142174888475665e+02,-3.978148656003617702e+02,-3.400290927911471499e+02,-3.723066043093149347e+02,-4.288501542721392070e+02,-3.250483975973904762e+02,2.249218053849368459e+00,-4.081047902385820976e+02,-5.327009125806951033e+02,-6.479565402029869574e+02,-5.497244939332560989e+02,-5.429365311497517723e+02,-3.607510587831686735e+02,-1.541802915582476885e+02,-1.930661818832820700e+02,-5.041129602834525372e+02,-5.323336217330033833e+02,-6.574796241641356573e+02,-5.439846534930866255e+02,-5.401194130937305999e+02,-5.186598877066372779e+02,-2.692735782275528891e+02,-3.233018274813848620e+02,1.679062634603824620e+02,-2.049519563111848299e+02,-6.215558711102798952e+02,-5.466874874139012945e+02,-5.162343424780867736e+02,-7.747210738026375338e+02,-5.155336064639332108e+02,-3.391507061272949954e+02,-2.435118446668724062e+02,-4.613310564537940195e+02,-2.383450818855007469e+02,-1.864580635645552320e+02,-6.875392839224602994e+02,-5.764692527827021422e+02,-4.022268421844689783e+02,-3.190099838072709417e+02,-1.469678049114594671e+02,-3.254555406323320312e+02,-2.567949561927829905e+02,-2.399443487207345242e+02,-2.184840819866386710e+02,2.211745299073278375e+02,1.571610271931763521e+02,2.424345492053479063e+02,2.473668678042728288e+02,-2.958756562949503177e+01,9.233050245460589167e+01,2.442868419751590068e+02,-1.690095889508175446e+02,-2.348148117993520145e+01,1.106592317737577957e+02,-4.031284261639655142e+00,-3.340456189558267397e+00,2.994561951212824056e+02,8.293874067183298848e+01,-1.862654741865245853e+02,-2.574808537067391399e+02,-1.544491082683569232e+02,-4.376154224052469317e+02,-3.790201642950457313e+02,-3.710814139547017021e+02,-4.534750365243446595e+02,-4.106922263682028529e+02,-2.588349382382334625e+02,-4.458524685914794645e+02,-4.632691724629274290e+02,-4.738048880257468909e+02,-5.172458290325799908e+02,-4.882613880512180913e+02,-4.876921528863200592e+02,-6.282956121204598503e+02,-6.158499948846033476e+02,-4.672181172457653702e+02,-4.834717235084375488e+02,-6.265715650815060371e+02,-4.103020614126224928e+02,-5.086638037867100479e+02,-6.318463544715822309e+02,-5.380057428701730942e+02,-6.186583537345477453e+02,-5.958422236989725889e+02,-6.447272792064004534e+02,-2.745725390202410381e+02,-4.409201125651510438e+02,-3.344934106091574222e+02,-2.280257879442727926e+02,-1.370178758538925479e+02,-1.724870329681490944e+02,-4.217704356307373814e+01,-2.271211751304994095e+02,-8.068654807641979687e+01,-2.181927565539378975e+02,-4.032708917051832032e+01,-1.696650069672791687e+02,4.684674811403709782e+00,6.681221605521216134e+01,1.294054478130548773e+02,-5.741101044536154063e+01,1.908773272543731991e+02,3.251096179422879118e+01,1.093408702187046515e+02,1.823970128900674865e+02,1.170623480906398726e+02,8.030907777060070885e+01,5.970979606539671636e+00,-8.566717908633845013e+01,-3.447197367221380659e+01,-1.656210591734181037e+02,-1.969446171914972865e+01,2.810091660274892433e+01,2.354747705674662939e+01,4.327309346213590402e+01,-1.069513442518792061e+02,-1.028423499058976631e+01,4.607651818568655244e+01,1.263361370254614258e+02,-8.265750306313898932e+01,-7.535996294532387196e+01,1.630830455367568845e+02,1.338704260371378041e+01,7.528937148117375955e+01,-4.200729011861926665e+01,-2.068325254189113593e+01,-7.834376830062012687e+00,7.254058732721252056e+01,2.636184481810895477e+02,3.165571207539542229e+02,3.274273594350448775e+02,2.550339084501555362e+02,2.540911821324256721e+02,1.904837367132931831e+02,2.619824337905433254e+01,-7.439722215806452255e+01,-1.344413789769980099e+02,-1.359973555995897811e+02,2.083258495104004737e+02,1.799190529472913624e+02,-2.630215790991957192e+01,1.999562465225090477e+02,1.520403586959839686e+02,-9.931879171317407895e+01,-2.282994879677225413e+02,-8.818476510667144908e+01,-1.877505437332355314e+02,-5.823617490598494442e+02,-3.052757692884053426e+02,-2.967622298346553293e+02,-4.128856748999940578e+02,-4.235042611093597884e+02,-3.199938754120577755e+02,-3.414376799702554877e+02,-2.326326580804781088e+02,-4.017799086014470049e+02,-2.396096257287207436e+02,-4.128012639551595839e+02,-5.261393915082319381e+02,-5.588663366023170056e+02,-4.817246018387888284e+02,-5.336713092178725901e+02,-6.368847665233454336e+02,-7.830200361264959383e+02,-5.469194540231108022e+02,-6.817804688653853873e+02,-5.314702362174730297e+02,-7.789113370578513695e+02,-2.699401792846537091e+02,-3.397352245417072254e+02,-3.548943604560233211e+02,-3.770625790122084027e+02,-3.172811278721711687e+02,-3.387993436902227700e+02,-7.245263770605125728e+02,-8.164560932078068163e+02,-6.251457325298022170e+02,-6.547996852690841934e+02,-6.622211207593692279e+02,-7.689508743549996552e+02,-4.788263941150216851e+02,-5.755694126048081216e+02,-4.592557597611124720e+02,-6.593339773423351744e+02,-5.418244429146342327e+02,-5.869836052707518093e+02,-6.752002113852994398e+02,-6.081891259158932144e+02,-4.417895910746123036e+02,-5.327327456134235035e+02,-4.409787631474040950e+02,-3.399548590722772019e+02,-2.116939377133865037e+02,-4.305785336613694199e+02,-4.958465061547757387e+02,-2.281690141004139605e+02,-1.229059205604097684e+02,-2.701841218827327111e+02,-3.365081780680548604e+02,-1.637692802989725180e+02,-2.053855217064990200e+02,-1.953869275926156206e+02,-1.255510497395493985e+01,9.293670333021404417e+01,3.811863435253687271e+01,4.340032818036391404e+01,-6.613182456773949980e+01,-2.543602596369382240e+00,-1.714659778205439693e+02,-1.197351587349530178e+02,-9.754099153134245626e+01,-7.005865406298987352e+01,-1.490931779027964410e+02,-6.575348462565554541e+01,-2.048505032950675968e+02,-3.286649948605851250e+02,-5.393935473543942294e+01,5.389841675509066476e+01,-1.415149811970642091e+01,2.571011499338304418e+01,-9.954420185043048264e+00,1.565987064323439881e+02,1.398288558868694622e+02,9.608720944731837221e+01,-5.383203061312011073e+01,-1.280370936993706437e+02,5.659396582673568332e+01,-1.534087083660299982e+02,-3.755017854699840427e+02,-4.237330588202230501e+02,-7.613419772101875083e+01,-3.412760479599031669e+02,-2.431515149571223731e+02,-2.828097695466792629e+02,-1.751550207192688617e+02,-1.436020894309990581e+01,-3.977208639289710845e+01,-7.820962593372297533e+01,-2.052815193173831290e+02,-3.844618125992872137e+02,-6.184743612359554277e+01,-3.257518126466103467e+02,-2.634649288442271882e+02,-1.370341524439896261e+02,-3.388994192052946346e+02,-5.083407881684680660e+02,-3.430612426513188780e+02,-2.809057795116798388e+02,-2.438044673854563769e+02,-4.395385231917921942e+02,-3.585873762384348993e+02,-5.236375658256829979e+01,-4.363635040366588669e+02,-3.260878150733734060e+02,-3.514069588031586591e+02,-1.310050225534208153e+02,-3.722430805096782365e+02,-2.710566676515895779e+01,1.459834150667394681e+02,-8.958740369252373625e+01,-1.357539323627385954e+02,-8.134669077707294491e+02,5.681577115047616644e+00,2.427036803031024874e+02,5.502984583495817787e+02,6.232311036788429419e+02,6.387919817597836527e+02,4.670288998561933340e+02,3.718393092154164492e+02,4.029377567485943246e+02,4.879854880085442232e+02,4.501883640253332715e+02,4.783536436991680603e+02,3.838658652606281407e+02,5.138692122860765039e+02,2.405393098712580411e+02,3.907548790239693517e+02,2.110180016302169008e+02,2.194372882906576194e+02,6.834158372410888660e+01,6.492054156024525469e+01,3.242556925311724285e+02,1.197785721138383508e+02,-3.287849448366494016e+02,2.482162702935346488e+02,1.402647931659324172e+02,-1.566476644367736526e+01,1.846818756619330770e+01,8.511806756083529990e+01,1.100894289562966719e+02,-6.255169613964113751e+01,-1.777502227852437500e+00,-5.136649258876991553e+01,-2.254468793761216716e+02,-3.565630120505039713e+02,-6.840955961520265873e+02,-3.225934161691729400e+02,-2.687065576754743006e+02,-1.756447389122711513e+02,-1.348604147375360753e+02,-1.273962012676444999e+02,-2.410097658487325418e+02,-5.104571800723908837e+02,-3.311767912619194476e+02,-3.097868900202402074e+02,-1.669304918114375198e+02,-3.748646837233008569e+02,-3.443183368307891783e+02,-3.557180032455116816e+02,-3.986540628544237848e+02,-3.458887754048532202e+02,-3.497443165059519288e+02,-2.245697868078684110e+02,-3.264101398023285014e+02,-3.426117005769096977e+02,-9.273918062872911605e+01,-3.664740290187694427e+00,-1.165996726635482901e+02,-1.936705522499707968e+02,-2.831390530645253989e+01,6.061041799801137131e+01,7.670067944037000984e+01,1.335597633578774719e+02,6.286990689562003354e+01,-5.774118083799942269e+01,1.624693579030483903e+01,-1.211601193351261827e+02,1.241994334175276862e+02,-1.305785871428761595e+02,-6.102605643951960701e+01,3.357705836685991585e+01,7.935735200899159736e+00,9.558021133490183274e+01,1.498024654061104002e+02,-1.731247850036490377e+01,1.686369314292876709e+02,-2.593007762115377091e+01,2.823222054650598238e+02,-5.846185273118567238e+01,1.731266470397721093e+02,-4.327946697288155065e+01,1.303421041578960455e+02,1.098898533134520221e+02,1.573008167211871751e+02,2.336997139929941341e+02,-2.755887249534259809e+01,9.693149898170796064e+01,2.319285375126848123e+02,-3.864795485605515069e+01,2.723382559230529409e+01,1.061290521413174304e+02,1.260088650706058644e+02,2.214865843079633123e+01,-1.342853598078113464e+01,-5.248549069353819050e+02,-4.658740967684572070e+02,-4.631891547410134535e+00,-9.496367732108583937e+01,-9.270670691933560192e+01,5.479111310182815942e-02,3.532313186029057306e+01,-1.269258347392995461e+02,-3.184450212659352815e+02,-2.207227497047370832e+02,-6.111215733870640179e+02,-3.791705856914165338e+02,-5.015652137756806610e+02,-4.392582893173158141e+02,-6.213654635530642736e+02,-3.904650544345799972e+02,-4.117145032751918734e+02,-6.465955769960293082e+02,-7.337833106858604424e+02,-4.000715574600518494e+02,-4.889958830508377901e+02,-3.656141630596371783e+02,-4.050187495201727188e+02,-5.405962415912272263e+02,-4.467416503829683734e+02,-4.076202679412781436e+02,-5.623119212709272006e+02,-7.691387277359986001e+02,-5.792168570545688908e+02,-5.580564674266826160e+02,-3.450071108612764306e+02,-4.695749256149786106e+02,-4.470833077537198506e+02,-3.807304277351621522e+02,-5.009731972856011453e+02,-5.940541770599816118e+02,-5.124200844601731433e+02,-6.908467213934607116e+02,-8.956225807314766598e+02,-6.896370584713946528e+02,-5.701991611327746341e+02,-4.952883037072367642e+02,-7.506392105886810668e+02,-7.071729801818476062e+02,-4.322404922967200491e+02,-3.272971541787738943e+02,-2.490390809548227367e+02,-3.202170502116303510e+02,-2.330322836499887558e+02,-4.284081043254555539e+02,-3.980450359529478419e+02,-4.533130494654481595e+02,-3.278904042455617400e+02,-3.023727289843406538e+02,-1.298094250477550418e+02,-7.089749747245667777e+01,1.284474130934620462e+01,1.035828184772543636e+01,-1.817089765418957938e+02,-6.939304835484051637e+00,-1.252746366301555270e+02,-2.023094645791487096e+02,-9.180792549100178235e+01,-2.042352161390938932e+02,-3.963333705781967637e+02,-1.454524640251418646e+02,-8.399605338448779435e+01,2.406542379558726168e+02,3.380836911174004058e+02,1.233435955062455207e+02,1.112915604264460967e+02,2.661029871588074229e+02,-3.013143371260675281e+02,-1.354975756929793818e+02,-5.661636337187587742e+01,2.407231792547685245e+01,1.245281254183196324e+02,7.773918743923368879e+01,1.953845350114956432e+02,1.453109704900788870e+02,2.934975350860024150e+02,2.693449008485174545e+01,7.388005544236477817e+00,-1.185249529634434111e+02,-1.570366600904163477e+02,-2.178633754082697465e+02,9.038467446679118211e+01,-1.043474512090128314e+02,-1.522287904217097321e+02,8.359609491962555694e+01,8.826028507578209314e+01,4.207374837735949313e+01,-4.883191552396814927e+01,-1.369978374219785451e+02,-1.147148036325454257e+02,-1.804823632610149957e+02,-3.136865587757910134e+00,-9.021688172948805118e+01,-9.147120889140680333e+00,-1.203752106684607384e+02,6.562615664501106494e+01,1.176663509791927709e+01,-3.164484715416276686e+02,-2.123960068257085823e+02,-1.909154695127938339e+01,-3.560720999527186450e+02,-1.073692925713116892e+02,-2.047006427465196339e+02,-3.308291089805367164e+02,-4.066080520955347311e+01,1.149144645913139584e+01,-1.168788479001787550e+02,-8.406024271951707760e+00,3.675859909389771474e+01,-3.582727031394907158e+01,-2.875124863088744291e+02,-1.106121872039824154e+02,-1.376561594975729008e+01,-3.023125356047273726e-01,-2.081977734188064062e+02,1.497060210339770663e+02,1.449303859068275813e+02,1.763216196442286900e+02,-1.038980777900904400e+02,-3.760034082927463714e+02,-1.601028246401143917e+02,1.489101125133071832e+02,2.934625407649140811e+02,2.314287251682139299e+02,3.074159658902976844e+02,3.744541676710504703e+02,1.774493244269605157e+02,3.919080952825269151e+02,1.681577541290934334e+02,2.548026416064180353e+02,8.536959169510024026e+01,2.694552913274355888e+02,2.063269071671966230e+02,1.930816987346206588e+02,2.204524511078215596e+02,1.844122602421005297e+02,1.587266184621269076e+02,1.619782546701821673e+02,7.100100595039580753e+01,7.508834427153172442e+01,9.766134221490906953e+01,-1.150817009438478635e+02,2.016935415425416238e+02,1.412671806089528559e+02,3.597733722095341591e+01,1.699367140674427219e+02,1.165944064991851974e+02,7.323000624718923746e+01,-2.387354204755061460e+01,3.325854161569026246e+01,2.119727319562238677e+01,-1.441841717938084457e+02,-3.602190089514799638e+02,6.510352090708556716e+01,6.974737898907577005e+01,3.573354410767333889e+01,2.771703235371339247e+01,1.034166103173457145e+02,-2.773651481237322969e+01,1.389875845106512315e+02,1.207013205871139689e+02,-2.563232225540054969e+02,-5.228568804170265594e+01,-1.548477247968646964e+02,-1.267908791297627573e+02,-3.180068186201137905e+02,-4.060091521778062997e+02,-1.496687614219097782e+02,-2.786222342117016524e+02,-2.743273981960615515e+02,-2.991447953893845124e+02,-2.301628853533946995e+02,-4.272405566400776706e+02,-5.067066992023430316e+02,-2.282355112727259154e+02,1.367980172912348991e+01,-3.792435340885440809e+01,-1.711714740833943722e+02,-3.015207921851360879e+02,-9.515584451157792500e+01,-7.755196532133849985e+01,-9.081869595942762885e+01,-3.949282434305818583e+02,-2.117712447187112446e+02,-2.497754841242121131e+02,-2.982340865631272777e+02,-2.728157462497830466e+02,5.863734670641395041e+01,1.076367822877315490e+02,-8.614753072677700629e+00,-1.621141321242254776e+02,-2.066409606230637053e+02,-3.900904393402176993e+02,-8.388907512533648969e+01,-1.520095779665137172e+02,1.647545527258435243e+02,6.499561611402541530e+02,6.018826698383642224e+02,3.040012721255783390e+02,1.956672670026323431e+02,9.311203807704637825e+01,4.709362111589738902e+02,2.445609468923753980e+02,1.256070134525984230e+02,-8.771051254265856301e+01,-1.606204840519916388e+02,-1.586301954943834858e+02,3.025659039348667534e+01,-7.937168282247102979e+01,6.532001469838972341e+00,-1.713607934995236519e+02,-5.409634016017639624e+01,-6.753638346541254123e+01,-1.067558503836784212e+02,1.322559763759089435e+02,5.098025551960181474e+02,2.194774244144729778e+02,8.667305790596952875e+01,2.525428930621222889e+01,-7.053685094089402696e+00,-5.347705331936592188e+01,-4.577119722940523872e+01,-1.979429346575650683e+01,4.629019774393674425e+01,5.084207714642114979e+02,5.830092647739297718e+02,2.760474334662973774e+02,2.356536775453075450e+02,4.086622017819905750e+02,4.728682440628263635e+02,4.546049269260529400e+02,4.857945702173229847e+02,3.242844699083135538e+02,7.573623908479446243e+01,1.197242731336805832e+02,-5.023111602994544000e+01,-1.389537553987619560e+02,-2.121452360609454217e+02,1.229690618015676762e+01,1.256233518954826280e+02,1.028704036065363141e+02,2.772301160232845518e+01,2.263992511610974816e+02,6.676699923889486854e+01,-1.036315181795307296e+02,1.096951664020335215e+01,-9.462997088006801505e+00,-3.575181078904728338e+01,-8.072411229113308195e+01,1.949222543790028794e+00,8.562809013048763518e+01,-1.640022169702865540e+01,-9.551955006649268398e+01,-1.968580959539610831e+02,8.501304393672657511e+01,2.615269672893755910e+02,1.414066759434515745e+02,4.973779207694806814e+01,6.901103373415054421e+00,-1.051033036532024028e+02,-7.752250255664372958e+01,9.912520872287450402e+01,-6.792531273022331106e+01,1.152135069180518201e+02,-3.064155869181690832e+02,1.616157668698265297e+02,4.337919914116249629e+02,2.826565120055619218e+02,8.448302390150030305e+01,2.594941338429765665e+02,2.427456971465883839e+02,1.613964476346028505e+02,-1.848965693633510909e+01,2.745028372938879215e+02,-7.707609839118526907e+01,4.236729812206849033e+01,5.059929172103380779e+01,1.309224944016908978e+02,-1.741806030870626216e+02,-4.002258913413898540e+02,-1.401084045089632468e+02,-7.066583254626338828e+01,-1.476674060400592623e+02,6.724349632994432113e+01,1.190909402155332657e+02,1.273738160911760531e+01,-1.652563624040718366e+02,-1.023359925002321802e+02,-1.938170545133521614e+02,-5.616873080740622726e+01,-3.004758009657568323e+02,-1.662852249078080149e+02,-2.070634619545870976e+02,1.981004953005556501e+01,-4.443932325463683952e+01,-2.241188825694148363e+02,-2.367698684627929708e+02,-1.656395058851730084e+02,-2.267443548255871804e+02,-2.783198486951433210e+02,-4.545213275034487879e+02,-9.694997481342520018e+01,-1.264947569189488377e+02,-1.378379864139002962e+02,8.255055109955186765e+01,-2.290048118382435405e+02,-1.468312801740659665e+02,-1.671591956953050726e+02,-2.790267528583805188e+02,-2.994504452718849734e+02,-1.574792634131051159e+02,-6.078602148859420140e+01,-6.223741343038187779e+01,-2.415583436169179663e+02,-3.434173526165220096e+02,5.742225977508766732e+00,1.529996046474811351e+02,-6.534647879374062995e+00,-1.088254577346833685e+02,-1.705546618138570238e+02,-1.443552111115272396e+01,-1.760263938988353516e+01,-1.497210325083063935e+02,7.892281142118193316e+01,2.631402114329080177e+01,6.237245121261044289e+01,3.881772006897188021e+01,1.068400558518836050e+02,2.602084520934722036e+02,1.646075380104455377e+01,4.329087441897687540e+02,4.365023738012149579e+02,3.308703800408293318e+02,3.578131768783156303e+02,4.060681063075924726e+02,5.258220922589806605e+02,7.528051317463257419e+01,4.997935029199600194e+02,5.555401792107454639e+02,5.848216700814137994e+02,2.351120767546599950e+02,4.957140300029329865e+02,3.253532195067189718e+02,1.025280049979913031e+02,-5.709525063545206081e+01,-1.730370548639115214e+00,-1.577585499574209393e+02,-2.767837644157654609e+01,2.615581386815280496e+01,-3.173148037071385374e+01,-5.469715768542482692e+01,2.377671549034774898e+02,1.427810342060527660e+02,3.014033070558608074e+01,5.323746480635315947e+01,-4.585350647351332043e+01,-8.631965534926092687e+01,9.288948198464296979e+01,2.112721879128150704e+01,-7.902013283659309195e+01,-2.339677701404770005e+01,6.008710517747424262e+01,1.741605950631553412e+01,-1.949544510377882034e+02,-8.968091460342009213e-01,2.861929697728365340e+01,-9.486236204724770005e+01,1.029824557844358424e+01,-2.621155974567695068e+01,-5.109532245871122313e+00,6.986383593380226387e+01,-6.274161798778584398e+01,-1.943747421559543227e+02,2.030150449218574238e+01,-1.701335629697076399e+02,-4.699421455943937076e+01,-1.333683904605161388e+02,1.854502610678689507e+02,2.417109528670174257e+02,2.953016417442920272e+01,-3.951322587661394437e-01,5.207896689334646112e+01,7.778487536929441148e+01,1.613102280864867453e+02,-1.539402918303549939e+02,-7.804798345424619299e+01,-1.744429166151222148e+02,-8.591009823342488971e+00,-1.371325828533308027e+02,-1.597252411558164908e+02,-1.555916140004738963e+02,1.451180420643383684e+02,2.472343232330269416e+02,1.389269306632282337e+02,-5.771616158082935044e+01,3.722958808408819209e+01,3.384263213636309331e+01,1.240186555696308375e+02,9.807550838619795286e+01,-1.872627140385608300e+02,-1.959074550215340196e+02,-2.831045537200362787e+02,5.960085556800493123e+00,1.048778279445787120e+01,4.329357432245924997e+01,3.053348521018928068e+02,2.143381140272084053e+02,-5.089470562114698282e+00,4.564927006561993039e+01,7.284151356140472444e+01,1.764777198787182897e+02,-1.011499633760072783e+02,-6.604087403138456125e+01,1.697125328268777196e+02,1.702742971305238768e+02,3.619546827344633471e+02,7.236104450838919888e+01,2.059208019611785119e+02,1.012122632746055189e+02,2.019577339713241031e+02,1.111816562708045808e+02,-1.501695942617164974e+02,3.211328783740412973e+02,2.866888172220620277e+02,3.784470082172867933e+01,6.960474424231144042e+01,4.842165844123712759e+00,1.117799316373773877e+01,6.605093926093078949e+01,4.588948122426333498e+01,5.231621750855381947e+01,3.520049131300133354e+02,3.675516732259762307e+02,2.110310374960941431e+02,3.447335284982219719e+02,3.269987951154795383e+02,1.523801953957600404e+02,1.876281615825194535e+02,9.726308718062804815e+01,9.392592172345814561e+01,2.975888740788241762e+02,3.518626012199136994e+02,4.618984502798733729e+02,7.411021791653034825e+02,5.951443590685987601e+02,3.102783280859562183e+02,5.551078799616055903e+02,4.751486505453431732e+02,1.268463428209640540e+02,3.404210304936430020e+02,2.464811439952896421e+02,1.746704945137427956e+02,-1.848095801979230259e+02,-6.782097673752039668e+01,2.478615127697258913e+01,-5.365473471491841906e+01,-1.805625807535977287e+02,-1.119187330242400691e+02,-6.782977727890875030e+01,-1.243321357408819381e+02,-6.898587333045881564e+01,-1.200708373614993718e+02,4.130172996117420325e+01,-8.319919159675234255e+01,-1.262115464808600791e+02,-2.424906899898224992e+02,-1.131236410119604159e+02,-1.367126329542875283e+02,-2.014058070585427345e+02,-9.507623506118584089e+01,-2.795644297795813600e+02,-3.311150723627221168e+02,-4.127106060629359945e+02,-3.328447480254995980e+02,-2.872555475763124946e+02,-1.051342871166511372e+02,-3.510381026466490653e+02,-1.522518001083355443e+02,-1.629183943106345112e+02,-1.760876726621693251e+02,-3.107085144248841857e+02,-2.417380534104549383e+01,-1.592638649835166973e+02,-6.870044244818646462e+01,-1.976934225152541842e+02,-8.683051807791535737e+01,-1.981135512743429672e+02,-5.213361585675269794e+01,-6.748272359169266110e+01,-1.910334186480830851e+02,-7.301420476219732336e+01,-8.822411881434682357e+01,-1.313376591687089672e+02,-3.413559142613004838e+01,3.278850913176204074e+01,-2.504558822908356319e+01,-3.142965349870176794e+01,2.356741958625096913e+02,1.635582200913631254e+02,6.029697492722091567e+01,5.738375467308019040e+01,1.273976718031154292e+02,2.827854819550864818e+02,2.092109878246578489e+02,1.388856595734957864e+02,1.685955364938671437e+02,4.897233015856053839e+01,5.748110549750938958e+01,7.576634855213211495e+01,5.535249157548420840e+01,1.507067552189155890e+02,1.013027056441918603e+02,1.363912085573173840e+02,6.142205897474698872e+01,2.870824907084762003e+02,2.310359643900261517e+02,6.947586628164640388e+01,-4.848417715707296338e+01,-1.554286605414990561e+02,-2.554884186181888879e+02,-3.933885581173848323e+01,7.131505415177636564e+01,-6.043057114951284348e+01,-2.176942567147091836e+02,1.029469789380517568e+02,1.308482450343321091e+02,-1.074380671783023899e+01,3.198318693444996370e+02,1.792054966426115357e+02,2.502798293064037694e+01,2.000747665555178969e+02,2.393741598554340442e+02,1.832381919403444215e+02,-1.801421495880272801e+02,-2.040318694712079832e+02,-1.802481352569581077e+02,-3.191937399129175787e+02,-2.923857899940720699e+02,-2.514650740728133087e+02,-2.307072036693422206e+02,2.427784135183370893e+02,4.222048387367358941e+02,1.334327667864413911e+02,-1.236276340088672328e+02,-2.858776908159556456e+02,-1.044241900771052372e+02,-1.929083744274947776e+00,-4.374050233903344065e+01,8.116755335574902119e+01,-4.499461877279838973e+01,1.603958521615732593e+02,-3.812928621074959779e+01,-2.634287075169396530e+00,8.867876531032310083e+01,-9.805533305371668007e+01,1.243941360420086539e+02,7.554843578888259970e+01,-3.674719801707993838e+01,-3.229931142279730238e+01,-8.620002339128976132e+01,-2.772668915067646367e+01,5.579827796906454296e+01,4.388311027087894445e+01,8.912983445082743117e+01,-7.593507324440133743e+01,-1.527466705891399101e+02,-1.235801538354618856e+01,-1.932975089824450663e+02,-4.815664860124203983e+01,-2.577112912806140343e+01,1.096087311270333942e+01,-2.001132348953453004e+02,1.147526724570627721e+01,6.750484180807063694e-01,-7.455817740889628453e+00,3.993464610838952922e+01,-7.410438049690264961e+01,8.758777137938969304e+01,5.166734520742909353e+01,-1.797201843892410977e+01,9.186882103981652392e+01,-1.642811310557752336e+02,-6.499311958324554439e+00,-1.369941717906592658e+02,-1.005928498042433290e+02,-1.578714567931856152e+02,-8.485595403782070889e+00,4.540121104696143561e+01,2.764707360599982167e+01,-1.791480893147081588e-01,-2.347816559151374349e+02,-1.406316690135406020e+02,1.869924096719833528e+01,-4.973739928290760304e+01,-1.953376600182946277e+02,3.659840861631892039e+01,1.210618493948012429e+02,-5.063960841685400283e+00,-1.217015440988810724e+02,6.590284407763817853e+00,-1.350413493519187114e+02,-1.690613844617628843e+02,-5.512369266736308759e+01,3.907744778971107280e-01,-8.577295318762877230e+01,-7.094752291509996667e+01,-8.352681550928892307e+01,1.504185062193837439e+02,-2.013701039496891099e+02,-2.537939274125054681e+02,5.716661519396026847e+01,1.180959221473195413e+02,4.763934244067263535e+01,5.497542324618504495e+01,2.870224122805072398e+01,-1.300479520734632217e+02,-5.144140298224755270e+00,1.609905465216841947e+02,-2.259096315682796785e+00,-5.721303211832952229e+01,6.473972109739722214e+01,2.023480784215439598e+01,-3.513806399570253802e+01,1.687915082897882257e+01,5.771323222884828397e+01,-1.758627905478022058e+00,1.600128798623742910e+01,2.055141025506452479e+01,2.808588581701940257e+01,9.071250823994319035e+01,6.561316312775429083e+01,-4.523636574977558666e-01,-2.993864088583060834e+01,-1.969267112118293994e+01,-5.866646240533182777e+01,4.112873445185056198e+01,1.418208806722931854e+02,5.854513459750350535e+01,6.972432351786159188e+01,7.421383783519615918e+00,-4.447112996636874982e+01,-3.419476609308574666e+01,1.668999475718409258e+02,1.662913315708237576e+02,-3.537689225279171268e+01,-9.049197691493586149e+01,1.043645257839377507e+02,1.878893177731131914e+02,-6.746241312359748576e+01,-1.688945106976376564e+00,5.939939150594341299e+01,5.825137332085958519e+01,-1.337955598657998166e+02,-1.068412170195512090e+02,-1.487600898418682789e+02,-2.571053821863515623e+02,-3.123794046675309346e+02,-2.569015199928973061e+02,-2.344961503271582046e+02,-2.049220953925629658e+02,-2.970052981693256697e+02,-1.965742840323131304e+02,-3.400705588313858811e+02,-4.784001531509175038e+02,-1.152907037992330572e+02,-2.383503367315363448e+02,-2.337268870442649700e+02,-2.777709848512217263e+02,-4.555594625980542105e+02,-4.134580245607562574e+02,-3.851877721713181586e+02,-2.212117681761627921e+02,-5.340734009689133472e+02,-6.201296309999031564e+02,-4.835548480806386920e+02,-3.991026063682473932e+02,-3.706099288306756989e+02,-3.541143885117870695e+02,-3.447509690308172594e+02,-3.613780534756629663e+02,-4.933515171133721537e+02,-1.904077744019926683e+02,-2.693281922126415111e+02,-2.071420931234192722e+02,-5.362545269016972043e+02,-4.442147210883491653e+02,-5.131280834850433621e+02,-5.909323125188873291e+02,-7.490507167287593120e+02,-4.900924228357365564e+02,-4.369151424041787095e+02,-4.050002869648702699e+02,-2.927871857710739505e+02,-4.802919842459796769e+02,-4.803676684483238546e+02,-5.877567919176951818e+02,-4.702975145657494522e+02,-3.980416526745073611e+02,-1.632109670884242121e+02,-2.196735182918231430e+02,-8.135814852588168833e+00,-1.470117462159803381e+02,-1.537528836886204147e+02,-9.122701058562032017e+01,-2.557113547266074534e+02,-7.871800156578930796e+01,6.933100168134713215e+01,1.358832691942244537e+02,-7.433549828266478698e+00,-1.707200809639468559e+02,-2.458953429975148310e+02,-1.813517930523991595e+02,-1.140635652701668050e+02,1.686540553546243473e+02,2.539126948036758051e+02,3.971526097617754658e+00,1.511756133489985814e+02,3.725118790350505265e+02,-2.312694381531111958e+02,-9.982007397342826494e+01,-5.542177599343642669e+01,5.067908125422385979e+01,-9.479820913123205628e+01,1.109424474220035677e+02,8.351057594537456907e+01,1.823723505624462859e+01,-3.236397085235935833e+01,1.365096106855315270e+02,4.696369747992321209e+00,3.519466205463390907e+01,-3.638612636432458203e+01,-1.589909703117192805e+02,-3.101263425490287204e+02,1.858436926047375550e+02,8.511751915135197066e+01,1.478238560418719203e+02,-8.524599158219530182e+01,-1.033688721493193157e+02,-9.225437618144613339e+01,-3.751320231976940249e+02,-1.742302576036596520e+02,-1.515103304440669945e+02,-1.475408610003418630e+02,-2.255398178132745102e+01,-2.742382676482372403e+02,-2.160925080317851439e+02,-8.096804515367682598e+01,2.364378211269678900e+02,-1.733616199728713241e+02,-1.697473327404026122e+02,-1.352229471144074466e+02,-5.183327588983422629e+01,-8.964193762602718607e+01,-2.123686762451064283e+02,-8.041464978947469433e+01,1.218172102406662702e+02,-1.108439083782431425e+02,-3.367962868032904566e+01,1.217847807283995820e+02,-9.446128895155544569e+01,1.374733776909554308e+02,4.009097754381912182e+00,1.546117670816541931e+02,-3.653105414485699498e+01,-3.317940312968422631e+02,3.238053423135767730e+02,3.010095123592913069e+02,2.522065473760165162e+02,3.959872893179828566e+02,4.094284620607064653e+02,5.132147245276555623e+02,4.069232703131045810e+02,4.538355969568552268e+02,3.952761539474162760e+02,4.195002795565093265e+02,3.097352679625289511e+02,1.842872141743558529e+02,9.069772210982682736e+01,2.395102112786308339e+02,1.457325721233201250e+02,4.731402692304043285e+02,5.225388081240505471e+02,2.554065111925182521e+02,8.415397719167478385e+01,-9.046729361014057247e+01,-1.048437570801223160e+02,6.689088075949598533e+00,9.928866112718372960e+01,1.762044959258798542e+02,2.764644089714579422e+02,2.671345159419998083e+01,1.946941198422705952e+02,2.656607417106317826e+02,7.219561015786868552e+01,3.307384716692719167e+02,1.165328252293987532e+02,-1.658682602367416052e+02,9.941686429404964542e+01,7.177550176131683202e+01,1.062002623034661895e+02,1.715921778005622400e+00,-5.362306649579488749e+01,-6.432031180118934799e+01,-6.056202683624479732e+01,-2.501566969083987431e+02,-4.617275285525304866e+02,-3.017153584176929826e+02,-1.395904254536504254e+02,-1.573587655806315695e+02,-1.119503128806872212e+02,-2.988808794708564847e+02,-3.113572048297488664e+02,-4.609600493174122562e+02,-4.639318919760887638e+02,-2.956998834185089891e+02,-1.527923237261966563e+02,-3.294812067989359434e+02,-1.792226444494245072e+02,-2.136641254684851674e+02,-2.365810849136702814e+02,-2.142267253255572541e+02,-2.800826004523878510e+02,-3.900598602924790725e+02,-2.940826687166623401e+02,-3.140096161526886362e+02,-1.089133131098813294e+02,-3.468268728686433633e+01,-2.733425240861517977e+02,-1.986577055034233581e+02,-2.582279281367432304e+02,-1.745270851689230369e+02,-2.734475475440680157e+02,3.932597132530730732e+00,-1.694932171187369363e+01,1.314591780638158980e+01,-5.879940500748509180e+01,-6.403708944237132528e+01,-2.682794937864512121e+02,-7.790901258529999041e+01,-1.686008786883625135e+02,-7.664858543146499414e+01,-3.651751129272830667e+02,-1.578585437360785022e+02,-1.297052988067271997e+02,-2.567415394728178626e+02,-6.361873622240995019e+01,-1.318774893469635003e+02,-1.459148567093427005e+02,1.780837492628137397e+01,9.417033077783224826e+01,-1.771106300664432069e+02,7.742517162311003176e+01,2.937345492717236084e+01,1.449210825792092692e+02,5.751780330204778124e+01,1.808830016487249281e+02,1.429274224728746674e+02,1.410478828905659441e+02,1.613982705941876361e+01,-1.347151815901354723e+02,-5.022651564569767402e+01,2.328726632459502071e+02,-1.398373294461404726e+02,6.600551246242476111e+01,1.316043716448732539e+02,-4.092530458555181667e+02,-2.974054623054761919e+02,-7.946613703092651804e+00,-2.099604142243050831e+02,-5.469425292145876938e+01,1.121582831340993494e+02,-1.221845246899026449e+02,-1.775098323347802420e+02,-3.188612612794925099e+02,-3.964286780326152666e+02,-4.371286862821393697e+02,-3.595639829749450200e+02,-6.413415093665648783e+02,-5.921682734847211123e+02,-6.990111876340668005e+02,-4.799690515447600774e+02,-6.032343357989259403e+02,-7.306625001513075404e+02,-4.643584427627181981e+02,-3.178464904968867586e+02,-4.519501990530874309e+02,-5.519326875366562035e+02,-4.536572957552981507e+02,-5.179925413547409789e+02,-4.015235192444856693e+02,-5.524828777786535738e+02,-8.313740139027122495e+02,-5.340538384770270568e+02,-5.253745933196328224e+02,-5.653876193472531213e+02,-5.454062061263961141e+02,-3.196125563366050528e+02,-2.256237131813204542e+02,-4.540759643197884543e+02,-4.216803055627188996e+02,-4.446520895582420962e+02,-6.165996145195389317e+02,-6.562196178501988015e+02,-6.704601959610804442e+02,-5.772776730843823998e+02,-5.969626152554008058e+02,-5.021211082773218095e+02,-4.522160915559934438e+02,-3.033091528355171818e+02,-4.941098716239389432e+02,-2.943210029464916033e+02,-2.730357346389412783e+02,-2.365959324833092694e+02,-4.256124131065790834e+02,-3.416765415993825741e+02,-4.761579322513595116e+02,-4.029600088498584682e+02,-2.333839176316688224e+02,-2.980926580357731837e+02,-6.563488960660816929e+01,1.345866055000544748e+01,6.491819351349772660e+01,-1.766411219308442924e+02,-4.112685882850200869e+01,3.889786956626477377e+01,-2.120373213331878617e+02,-1.547414549205053902e+02,-1.026376869616397300e+02,-8.060038535331202070e+01,2.653813437279521281e+01,-2.379989516257697346e+01,2.073099254742327275e+02,4.246600153213167914e+02,1.989985432378638563e+02,4.466018802402047072e+01,3.441241310456301221e+02,1.707479505183715673e+01,1.703590459979805587e+02,2.010817740560483742e+02,1.150234299493589560e+02,2.822888888031162082e+02,2.106206230282082288e+02,7.583033031545289759e+01,4.394974235965321441e+01,-4.628369457493062100e+01,-1.627722795906757369e+01,2.511257454111842549e+02,1.606250335987004405e+02,2.570665382442410305e+02,4.294902925797185844e+01,1.202321072506678661e+02,1.889034365857906153e+02,1.993488297416563455e+02,2.296766706017197919e+02,-8.759163333505952664e+01,1.839875698715681267e+02,-6.007239173699559842e+00,-1.215201268212448724e+02,-1.449992690455337652e+02,-1.072194539215924465e+02,-5.273256334156056369e+01,-4.295821128370897668e+01,6.426932106852632387e+01,-4.317490195525269883e+02,-9.564903903265653184e+01,-2.070262671592755055e+02,-2.863882636066172154e+02,-3.614642013015333077e+02,-4.887047813711137678e+02,-2.278440627973178039e+02,-3.192169494543827000e+02,-4.129175617028031411e+02,-5.825701521734636117e+02,-3.008400177029897122e+02,-2.876729637725059092e+02,-5.079874467899841193e+02,-3.705920644990793562e+02,-2.388180352716105403e+02,-2.693201699996237153e+02,-3.776190996049359683e+02,-8.676633246592137994e+01,-2.908739444363827715e+02,-2.426170393836987387e+02,-2.074485685279067866e+02,5.879120843421907239e+01,4.893240589194331847e+01,-3.170156604316659354e+01,-8.209768682981459165e+01,2.435954329805635155e+02,1.409953190080568675e+02,-1.867587108105283278e+00,2.986313566297008038e+02,2.313076463473199169e+02,-2.179396177797912060e+01,4.575246559945782110e+01,3.150896242884621188e+02,4.165814452878213956e+02,1.845155169574026104e+02,4.332461581159338948e+01,-1.711747370739438736e+02,-2.835712008184910928e+02,2.561020918210223272e+02,4.531168927715066275e+02,5.061701196327345542e+01,9.782401489078725376e+01,1.499442648796211586e+01,1.070460068280094958e+02,1.193943974112305426e+02,-6.142766784754851983e+01,1.760454561525203303e+02,1.392757699219573624e+02,1.658700358926204217e+02,1.491193583761715047e+02,1.488810829250553525e+02,-2.222839864127058718e+01,1.044949370882928008e+02,7.480657115540975610e+01,1.696344708415968512e+02,1.978671477458311472e+02,5.885094617531262884e+01,8.528779499050375534e+01,-7.943076821372079621e+01,2.063571040284651303e+01,1.046380164171793297e+02,1.761312079304462941e+02,-5.121289675903349803e+01,3.070655145579448231e+01,-2.422432431790187479e+01,2.419427039613450745e+02,-3.961530724981037110e+01,1.706887172140756377e+02,-6.030783829336809276e+01,-6.624903064749730675e+00,-5.558151285688933285e+01,-5.728745154462450273e+01,-8.465734385978888099e+01,-1.029425229663976609e+02,-4.290623471424741808e+01,-6.170724399117744952e+00,-6.396602091571993753e+01,-5.497114315837052345e+01,-6.269817026406836646e+01,-7.411083667683726617e+00,-9.088827113970563687e+01,1.128957850402461389e+02,1.897726574293011481e+01,1.028047159979610257e+02,9.270913748285555300e+01,-1.385992985720859849e+02,-1.713159661215179028e+02,-4.504711695635033664e+01,-1.036895293832061071e+02,-1.868374188545056427e+02,-1.797079349445894820e+02,6.884622862042158431e+01,-7.447292136140070795e+01,-2.364903177720279359e+01,2.229047095007165922e+02,2.615625797558814725e+02,4.526679121176243825e+01,7.216117173954700093e+00,-2.042918860293332841e+02,-1.484765765151668120e+02,2.480073845687085310e+01,7.440870085757123320e+01,2.962123716238080533e+02,5.555791049144487488e+02,6.655843636758149842e+02,4.879020340988276985e+02,4.450718028478484030e+02,3.549627671760190424e+02,5.972401817730158200e+02,2.997503345101936247e+02,2.813381477167628759e+02,5.926604937571805465e+01,-3.543842812337078385e+01,1.054051333217133219e+02,7.160858175809032389e+00,1.195371122862013635e+01,6.057337687583182628e+01,7.790139190272712710e+01,-1.418027545057987027e+01,2.026145150213908437e+02,4.086453748391852514e+01,1.173216186758682795e+02,2.283442203709875855e+02,2.325242839364070164e+02,2.431495882568334252e+02,1.439990513372750911e+02,-5.729695278704207340e+01,-5.556874058259172955e+01,-2.139943196260623992e+01,-2.960951426129268782e+01,-2.638679081499016092e+02,3.022110294330023521e+02,4.292133585377966938e+02,5.034903640091430930e+02,3.711543839824244628e+02,2.424636562111070077e+02,4.518442125332600767e+01,3.756624957884946525e+02,3.931083487333081052e+02,9.691440746980481435e+01,1.637619882934160387e+01,-2.335463069953553656e+02,-2.126570621483681975e+02,-2.841487816711247092e+02,-2.156685584474456618e+02,-4.648329370121075499e+01,2.572703527119898581e+01,-1.169904505987999102e+02,-4.489638432076822028e+01,1.676816995106204899e+02,-4.047234108835732513e+01,-7.548601989730133255e+01,5.101036154630116926e+01,1.778046214293468950e+02,-3.294765219436774828e+01,-1.575617865708009049e+02,4.309601516356238449e+01,5.983280637211748854e+01,7.031282103144692996e+01,-1.988603372007621033e+02,-5.392683449492807313e+00,-4.866568695070526474e+01,2.800105532671688593e+02,2.595926442137181311e+02,1.015278043314160215e+02,2.282783137340968551e+02,8.495707075549015030e+01,2.147760874463289156e+02,9.044973060496843686e+01,4.434206131175471910e+00,4.726859964005443544e+02,4.336824272424800597e+02,2.421372327877913619e+02,6.192433916507517324e+02,6.470968002319643801e+02,3.345790874500615359e+02,4.990818850108905735e+02,3.301273075063318174e+02,3.265905170375356192e+02,1.255594846044290307e+02,2.038355734407222712e+02,3.115116867870383999e+02,2.463271713217731929e+02,-1.939989312626278206e+01,1.140313121966391918e+01,8.033780603786178176e+01,-2.097082549540383809e+02,-6.585990845124058524e+01,1.764384023161067461e+01,1.156214128881549783e+02,2.361668345539062841e+02,1.294291824974988572e+02,1.402981549840117168e+02,3.803848266011473811e+01,9.312986589839391627e+01,5.060626013856065697e+00,-1.259739202454635034e+02,-1.597211973474068429e+02,1.905641048752325872e+01,-4.614961780056395924e+01,9.412399759911885155e+01,8.307170108368390515e+01,-2.451335849072541464e+02,-2.439291390701184525e+01,9.737773795069287530e+01,-2.473350102423000862e+01,-2.541739239610344612e+02,-8.581961113159550791e+01,-1.608816143759119655e+01,-2.509056418091380181e+02,-1.131706900072438344e+02,-9.188851011327085416e+01,-1.334937133913425100e+02,-3.186063962967115231e+02,-9.171524992762670081e+01,-2.048691603984048584e+02,-2.019303539081026315e+02,9.544781063798075138e+01,2.279454811212559662e+02,6.642380172854903719e+01,4.986356836608787546e+01,-2.102850661880388827e+01,4.549011840889177449e+01,1.152892488020130770e+02,-6.076079968792467412e+01,7.261270896440350953e+01,-1.256515167316950965e+02,1.786203499115746069e+02,1.064337756220914173e+02,1.172558777909591470e+02,1.021682409406136856e+02,3.156252386005684798e+02,1.004035560831152338e+02,-1.452001415268910023e+01,1.348859407145651232e+02,7.787337839286317376e+01,-5.064489221519262685e+01,4.460935532113427939e+02,6.074055222670707508e+02,2.714313052073836730e+02,6.719748495190558515e+02,7.070613112506567859e+02,1.713618732690677575e+02,9.087739093831328319e+01,3.897356467987012820e+02,3.332413505949737669e+02,1.745695471331157478e+01,2.920297682786978726e+02,4.300951632637851390e+02,1.085277533947691495e+02,1.699119675410238983e+01,-1.910129538510810505e+02,-3.443224676229511942e+02,-2.864933459705378027e+02,-2.258603067928590065e+02,-1.462036123791620810e+02,1.491845974367271310e+02,-1.450755152580235290e+02,2.587137383429693500e+02,2.150765719968812562e+02,-2.681832459116606060e+00,5.746340935658068361e+00,5.138244733629753114e+01,-1.326944859536874901e+02,-1.589820299633965419e+02,5.523997320304235359e+01,-2.949401963787568093e+01,-3.270353870952013153e+01,-1.105132172024030837e+02,-2.547670431175022827e+02,-3.671383017559624307e+01,-5.240891825691375061e+01,1.703832369236068303e+02,-1.178024702852690098e+01,3.285250522936684092e+01,9.880338786197377487e+01,4.016416804734282664e+01,-8.035258925209686254e+01,3.475395196146843091e+01,-6.548832782475682279e+01,-3.618193589354328310e+01,1.055332388404528530e+02,2.249923051364543767e+02,1.598284482601669652e+02,3.791922578353742779e+01,1.420748606508789464e+02,1.984821016224789787e+02,2.208658677622650828e+02,2.038015393810808575e+02,3.383090195630886114e+02,-6.158857469320221156e+01,-1.696917339806445284e+02,-1.897103373380231233e+02,-2.241554401323763841e+02,-7.828515620955835175e+01,-2.681151615216153772e+01,-1.294612380630524910e+02,1.835856682516263731e+02,-1.118296418615240668e+02,1.496529609455008085e+02,2.323947367522131628e+02,1.003575567057688573e+02,-1.141429679006114100e+02,-1.127194459922012584e+02,1.541749471443456230e+02,1.965761800952305549e+01,8.525250996036990614e+01,-1.484164478003916088e+01,-2.380475131317759292e+02,-2.496067499535712031e+01,-2.172765980985978729e+02,-1.502793549402883855e+02,3.091576126898713639e+00,1.587764927379826077e+02,1.090589564856174860e+02,7.505328103989134547e+01,-1.191337784594598475e+02,-1.691846694764608969e+02,-2.906419096229907382e+02,1.326199180417333423e+01,-6.519056741249400488e-01,1.354543497971045838e+02,1.259781472414587711e+01,3.526078102309995188e+00,4.607700061980877138e+01,2.321799168758334986e+02,3.478277681566067940e+02,4.036088523890479678e+02,3.153048653731048034e+02,9.407019469663843836e+01,1.052884650313389443e+02,1.298217872197621148e+02,1.769155245769221096e+02,2.504360274933005428e+02,1.417480896345487338e+02,1.683475902829952702e+02,5.752410300381819752e+01,1.806429496356975051e+02,2.287399474029326711e+02,2.378067293574354721e+02,4.880728838005444459e+02,2.569947355639379794e+02,3.306695166210739671e+02,2.552460182948357783e+02,1.691712086949374623e+02,-6.157802072963738738e+01,2.948469313001331784e+02,3.313119607110119205e+02,6.826351251087276069e+02,7.867706825813032765e+02,6.277744144978918257e+02,5.075099154895938796e+02,4.785940186091410737e+02,5.340361444852438808e+02,4.411908791775997543e+02,4.723529639804647786e+02,4.228574013313943851e+02,4.158578117898032360e+02,-2.411327235568299443e+01,2.253864938168164542e+02,2.906418204614885781e+02,1.787607238178962348e+02,1.294670237916168674e+02,-3.220675348140389360e-02,-2.193878158067177253e+01,8.216602193281497080e+01,-5.169989785049234854e+01,1.683549421059115616e+02,1.295086094201271578e+02,1.094026844162382872e+02,-4.053401815763038485e+01,-9.008864433082371193e+01,-1.336368345283877659e+02,3.710514421948410302e+01,-3.869815986327702717e+01,5.553851548591666187e+00,-1.224382362479128972e+02,-2.254890203334182956e+02,-2.372343084859843430e+02,-1.905641430932188314e+02,-2.527697062692672034e+02,-4.839264608005018431e+01,-4.256436249788811210e+01,-1.135628616294393112e+02,-2.051823332776118036e+01,-2.212729300799707630e+02,-7.728492655294650149e+01,-2.311887694306534513e+01,-9.352297494943374545e+01,-7.483703442402264727e+01,-1.954555453527767384e+02,6.042496312300997374e+00,-5.477127249083787319e+01,-5.306991239151577133e+01,-5.699239009474283080e+00,-3.647024710573219863e+01,-5.362630109769995101e+00,-1.500707320365055608e+01,5.732537314577167109e+01,9.001069746260954219e+01,-9.745846701204294504e+01,2.773151179613713566e+02,1.337120912557910799e+02,8.472961521827926390e+00,1.224127107858957260e+02,1.221870914149264991e+02,3.431488140481424693e+02,3.397871948277037291e+02,3.557852923843701660e+02,4.084602798430043435e+02,4.115773981206677377e+02,2.416218331503823435e+02,2.490004618500366860e+02,1.106922179511093987e+02,2.179495229018115765e+02,1.950365283748516561e+02,1.426604362419066092e+02,9.844178746008650194e+01,1.447611475908291254e+02,2.286035218004893750e+02,1.191456421139255042e+02,1.273430997107803933e+02,8.239856937891309485e+01,1.031180800517501268e+02,-5.165973288977286870e+01,-1.213153364501830254e+02,-1.627933641046352875e+02,-1.993569473179496754e+01,2.109619966040519898e+02,6.974938731836921590e+01,1.085139513848709640e+02,2.111834104275101822e+02,2.798370723847475574e+02,2.045378999663163881e+02,1.173433038864059199e+02,3.521564765429792487e+02,2.489787007572857362e+02,-4.854132956822093092e+01,-2.826135016070745110e+01,-1.521647685062225719e+01,-9.659503379165848003e+01,6.954581120880658318e+01,1.912134804665427623e+02,2.252649444953922284e+02,1.016684128264026654e+00,-2.825516980395293132e+01,-2.334881985766863579e+02,1.793850655011031563e+02,2.201061017351284761e+02,4.821824482643137344e+01,3.014477644543291035e+00,-4.279498541425395501e+02,-1.027224306866639552e+02,-4.827724731204196473e+01,-1.745865393271406560e+02,-6.528252952725409841e+00,2.341215081639319351e+01,-3.418147949809360853e+01,-9.529684761496335454e+01,-3.059650385628719391e+02,-1.029432308274681702e+02,-6.036382702648077725e+01,1.837844652318027556e+02,1.984070534587803536e+02,1.318627167650565184e+02,4.447465846712412940e+01,2.201343470802251545e+01,2.157815887607426930e+01,-4.920655072479456749e+01,-6.055031104003205655e+00,-1.287009480442559095e+02,-2.026911495620579444e+02,-1.834286282189098074e+02,-8.093614859429787600e+01,-1.822758829327940191e+02,-4.076776531093840958e+02,-1.235434241994311151e+02,-7.240924082849858223e+01,-2.469195219261935677e+02,-1.681873422230493702e+02,-1.591137059789380999e+02,-1.918843851937373870e+02,-1.823544423196856030e+02,-1.493496722510051313e+02,-1.798905986230374197e+02,-1.342856734411878108e+02,-2.032562596599803157e+02,-1.286621780870218572e+02,-8.995940762021774617e+00,-6.067552317514251854e+02,-1.516833536011411070e+02,-1.377630347255419565e+02,-1.384509529043450300e+02,-2.699552384324164791e+02,2.116898767109415758e+01,-1.289878296062390746e+02,-7.581688862500072901e+00,-2.476457793842653814e+02,-1.315101887252296251e+02,-2.170107279255564379e+02,-1.632189152939353676e+02,-2.087145162433075143e+02,-2.947748938696163918e+02,-2.775634803178710399e+02,1.472174783521097652e+01,-1.644738057031602807e+01,-1.672154808640522106e+01,-8.340713349512867580e+00,-1.584714283745228443e+02,-1.205163962918722405e+02,-2.659923449943022433e+02,-3.108136831549610406e+02,-1.548213096894399996e+02,-7.186739799456574929e+01,-2.687442439664913536e+02,-1.192013787732668391e+02,-3.627362756956129601e+02,-4.254282103546884173e+02,-4.863943170330919656e+02,-4.286769436337849584e+02,-4.615080083474123285e+02,-4.074767143513044516e+02,-4.640963290383508593e+02,-4.157941956411559659e+02,-3.801743156717315060e+02,-3.001797143011939397e+02,-4.076231276167429769e+02,-4.842340293025726510e+02,-6.145502773277194137e+02,-3.843784144261093161e+02,-5.248173638962432506e+02,-4.663683427749360817e+02,-4.626901643532199273e+02,-4.912304481779611365e+02,-5.554891502995610608e+02,-6.282418357848821415e+02,-4.591814770628092219e+02,-5.101816546483144066e+02,-5.059933096824860286e+02,-4.184260783562669417e+02,-4.450862140885844838e+02,-5.118796217745386912e+02,-6.083890201967572011e+02,-4.855842242139090672e+02,-5.536865519834118459e+02,-5.874461836810575051e+02,-3.950570839566047425e+02,-3.723243544933546900e+02,-4.956945235787372326e+02,-5.544770276951851429e+02,-3.765824067355449074e+02,-1.466839310133708807e+02,-3.079899876040472009e+02,-5.818250790566771684e+02,-6.186245671952651719e+02,-3.626840248558963822e+02,-1.775773311691834806e+02,-4.941062705309136049e+02,-4.529549731205000285e+02,-3.922345279132352971e+02,-4.681670524141569558e+02,-5.737613671542731026e+02,-4.977786374571688839e+02,-6.980829483373333915e+02,-6.464060773516453082e+02,-8.786429833426113873e+02,-5.053206443339889233e+02,-6.450069983097287150e+02,-5.989669771462449717e+02,-6.782701769796307190e+02,-6.658679366557449839e+02,-6.131008654479392135e+02,-7.149649757049603522e+02,-6.596664226410349556e+02,-6.277204777291887012e+02,-7.086167828159561850e+02,-6.422306316552515000e+02,-6.823776602211792124e+02,-7.910342945508048160e+02,-1.006921432614456648e+03,-1.001758292633308770e+03,-8.618585484895278341e+02,-1.140340615982528561e+03,-1.045967807154477669e+03,-1.089124602283791546e+03,-9.660830052071939917e+02,-1.154913147826493514e+03,-1.020798974203489934e+03,-1.318724078537620244e+03,-1.075665317305860526e+03,-7.002082244600255763e+02,-8.906936533751666047e+02,-1.246592769765047024e+03,-1.154955743134784370e+03,-1.087132984477640548e+03,-1.148875097109945500e+03,-1.211246228094678827e+03,-1.173686721820359708e+03,-9.710965788120512343e+02,-1.008771958801106621e+03,-9.713058441879591101e+02,-1.060704793139338562e+03,-1.171954759005703181e+03,-1.273681483300647415e+03,-1.165437099630985813e+03,-1.288351563197489213e+03,-6.596814942607479679e+02,-7.300348365435932010e+02,-7.721489366206599243e+02,-5.103073287151008799e+02,-3.747107976977654289e+02,-4.700192486523516209e+02,-7.537276142418426161e+02,-8.401080753192719612e+02,-1.288024494649202552e+03,-1.143508403457549321e+03,-8.084598446021462905e+02,-5.844886218598211371e+02,-3.811516350315549744e+02,-5.849499892422635412e+02,-4.023477957379298005e+02,-3.985188384019668320e+02,-5.004538389963664144e+02,-6.942546069686009105e+02,-8.432309378228497962e+02,-7.578462796058452113e+02,-5.469352653819971692e+02,-5.811672942086132707e+02,-6.736732581409407885e+02,-7.213061278990003302e+02,-6.319218659283831130e+02,-4.366710124846607641e+02,-5.648338270901239184e+02,-3.984659694594113830e+02,-2.797016025457385240e+02,-2.613756945406840941e+02,-2.262448684909832650e+02,-2.546029752893425950e+02,-2.350094909179871365e+02,-8.550847223955923937e+01,-1.088701459658237809e+02,-7.878110470739443372e+01,-3.150893677594967812e+02,-4.605972606886291487e+02,-4.191548179498169588e+02,-5.977733991317054461e+02,-8.648420392085153026e+02,-5.418295142409535856e+02,-6.159394129933036766e+02,-5.780806852025054923e+02,-5.271321563011781564e+02,-3.199990475729096602e+02,-4.130089028918433200e+02,-3.081083468747972915e+02,-4.856864674454631654e+02,-6.548568846582033984e+02,-6.940217161806039030e+02,-5.345615411353960553e+02,-6.224395873412224773e+02,-5.062348848032398791e+02,-4.884445696478982200e+02,-3.653303552658043145e+02,-3.737500712182817324e+02,-5.033800321411211485e+02,-2.664398183870933963e+02,-3.931417899116716512e+02,-5.899046499986249046e+02,-3.296625478521610830e+02,-4.607508315193761064e+02,-4.479568466191541347e+02,-4.501252748311097776e+02,-2.851074512864999519e+02,9.060840990966536879e+01,-3.202733331436877506e+02,1.092212759932760946e+01,-1.006531628776428988e+00,6.750615371370804496e+01,-8.507673070198109144e+00,-6.109122156270748860e+01,4.526136325458477927e+01,9.573797417569238632e+00,3.614795513975979020e+02,5.065673315113391482e+02,4.398454000100769008e+02,-2.145353923045865940e+01,2.686609725238227497e+02,2.412259079575786131e+02,2.966606902974273225e+02,3.563231463504971543e+02,1.078584295133634896e+02,5.125466323639670918e+01,9.322991749368216574e+01,7.499249131382283906e+01,6.707446305788276675e+01,-3.143153924378140118e+00,-1.179097284978071514e+02,-2.738217044976009333e+02,-1.866579039196327585e+02,-3.451260955827024191e+02,-3.009955828614332631e+02,-1.052190999292723745e+02,-3.282853512857068381e+02,-6.887050391860259424e+01,-3.693733471727867936e+02,-2.953760321613871156e+02,-2.517793535371934865e+02,-1.146656560726621308e+02,-1.165415045929202051e+02,-6.516374040055268324e+00,-7.408673322682562912e+01,-1.350383361788661887e+02,-1.938471382910149146e+02,-2.748733122544515481e+02,-3.137050381245022663e+02,-1.101458970466699157e+02,-1.323958046072925754e+02,-6.973924373906669416e+01,-1.470379635265447860e+01,-7.585996802167812803e+01,-1.116675843731662212e+02,-2.641584744766349786e+02,-2.224764574202288259e+02,-1.603773094403424295e+02,-3.241638880026487186e+02,-5.646432660064328957e+02,-5.803086265121937686e+02,-3.954874533264531351e+02,-1.560991124081949692e+02,-4.541395561727321137e+02,-5.551813240300928101e+02,-7.252024736372814004e+02,-2.452146878140364379e+02,-2.464700339993515854e+01,-3.232354354922972561e+02,-2.377560031867862733e+02,-3.565694871621461743e+02,-2.570973850364008513e+02,-2.116478208617016037e+02,-1.309682569541279520e+02,-7.266170956918620050e+01,-2.797105567950449085e+02,-1.596090069712036836e+02,-1.849971644342506920e+02,-1.199580154574530582e+02,-1.541846578035371920e+02,-6.745816275187894462e+01,-2.866546233604665872e+01,-6.271824059731972056e+01,4.576676034994781617e+01,-3.581030472601117367e+02,-2.034702828161188677e+02,-1.708990825325993796e+02,-1.546474921259344342e+02,-6.583589593154891872e+01,5.182669298332643848e+01,7.452470944808112563e+00,-1.769895895505197245e+02,-2.516197622149019253e+02,-1.843891186789148833e+02,-3.178414690972837775e+01,-6.722611408431643554e+01,-1.090975062819204311e+02,-2.411665116900632313e+02,-7.801774944196776573e+01,4.894615458981553502e+01,1.535699445494452959e+02,-1.201206813279485459e+02,-1.565762585913302587e+02,-2.180801251111969066e+02,-1.666427777252955593e+02,6.922006539065995412e+01,-3.747571959543785169e+02,-3.312630333018686315e+02,-2.575578035659800662e+02,-2.394338023202193426e+02,3.268247142852212050e+01,-1.694563516607501583e+02,-2.477034347804838603e+02,-1.649761546130568490e+02,-1.831941933793559656e+02,-2.088225058843246416e+02,-2.823437546383952395e+02,-3.146294490430357200e+02,-4.925590824834529258e+02,-3.365074197039933779e+02,-3.672122202130561845e+02,-4.211819413915811765e+02,-9.144604654250330213e+02,-5.429290168570703372e+02,-4.479563383782733581e+02,-5.433090182703589335e+02,-4.381949415572994440e+02,-4.127371175651942963e+02,-5.508062219744443837e+02,-4.958814440603212006e+02,-6.443382092289864431e+02,-6.313613830821018382e+02,-6.185687712972901409e+02,-6.544900862577366070e+02,-6.663548891001844368e+02,-8.611522073959306454e+02,-8.040162636843103883e+02,-8.269551595810880826e+02,-8.794367314122046082e+02,-8.371517829169025617e+02,-8.224096906967315590e+02,-6.231467777508947847e+02,-8.689930353957581701e+02,-1.093353726825809645e+03,-1.136633991550145311e+03,-9.551043550682826435e+02,-6.846511149601019497e+02,-6.198949067183954185e+02,-7.276556594309821548e+02,-7.172144377133106445e+02,-6.871161900699396483e+02,-6.704220048646917576e+02,-5.968645449588668725e+02,-4.784944565624284678e+02,-5.962452937072313262e+02,-4.386749613016817193e+02,-4.880477586844783104e+02,-6.681155755043047293e+02,-9.947008972500393611e+02,-7.988588027616225418e+02,-5.874232419747359017e+02,-5.894858034657920598e+02,-3.983190086074210399e+02,-2.235546554324922681e+02,-2.575422983342325551e+02,-4.061403789559655024e+02,-2.822367522598742653e+02,-4.859649525300686719e+02,-4.570873808123700428e+02,-4.818215919006858030e+02,-4.687813498818556468e+02,-5.561508120068963308e+02,-8.160653857514270157e+02,-5.123298899228233267e+02,-5.997193305273809756e+02,-2.272891398377725523e+02,2.324659013387145023e+01,1.939634572763679898e+01,-1.526681333544165113e+02,6.046054108504142732e+01,-6.878078830528971821e+01,-2.558469016701976102e+02,-2.950362308319630529e+02,6.787926247117019329e+01,-7.492629418892295234e+01,-1.028933487483546401e+02,4.461132427038643300e+01,6.738561640871381542e+01,7.830394674882535355e+01,-4.718452129846514254e+01,-4.274442750942554881e+01,2.171465764132270237e+01,-8.410905745048864901e+00,-1.560976659781444766e+02,-5.426635243377239703e+01,-1.869170603859197684e+02,2.423042497481313262e+01,-1.960862116741117234e+01,-1.512590436855567475e+02,7.253785456744253679e+01,-2.805075210046887833e+02,-4.129889070885183742e+02,-4.833583260731416544e+02,-3.124444834405832125e+02,-2.933159742379460795e+02,-4.086412957220352951e+02,-2.375603301309040489e+02,-2.802198714199428764e+01,-1.845559074567960351e+02,-3.213431233886869336e+02,-1.843104588960111414e+02,-4.129207370955007832e+02,-3.514038675520591823e+02,-1.144107209537009453e+02,-2.307147827061982639e+02,-4.376855304481680378e+02,-3.596015534579645987e+02,-1.411669532171680146e+02,-6.460592973161028567e+02,-3.345070918045161648e+02,-3.520886535033265545e+02,-3.336184090015833021e+02,-2.449988405062416916e+02,-1.238149180646571494e+02,-2.117049623024042262e+02,-4.424711378721992787e+02,-4.061660352434156493e+02,-1.775573750391355929e+02,-1.933269295800380121e+02,-3.900763969930820849e+02,-7.736947035132567407e+01,1.472392852993133943e+02,1.526854712635400233e+02,7.149908115312621248e+01,-8.307334636122089933e+01,6.478915187405146980e+01,-1.182486947124227186e+02,-6.674977708024533740e+01,9.349172830874368856e+01,1.342215543898306862e+02,1.920439533554896059e+02,3.102147359161693885e+02,5.923146610493864728e+01,2.565924681259035083e+02,3.648668149961033578e+02,9.467628408826686837e+01,3.343140130772118823e+01,-4.060815492070943264e+02,-4.636770763356232692e+02,1.001668039972057045e+01,6.393232846638954925e+01,-3.442074555662185276e+01,9.709341248814507708e+01,-1.647469712392752115e+02,-1.868522056117785723e+01,2.486295467536944557e+02,5.108718611946531496e+01,9.942969248475571931e+01,1.490610885298146400e+02,1.492507737177795946e+02,8.885783971154404526e+01,1.043678521309580276e+02,1.877641793072751852e+02,1.711215985835206084e+02,1.083231765206239743e+02,1.392794281720923095e+02,2.542352068883780873e+02,1.922120160769563029e+02,3.938728847043500991e+01,-3.790577147521455004e+01,8.652453538064901295e+01,2.137593033196380645e+02,1.115589494990865802e+02,8.498456690944752268e+01,1.409835887599021191e+02,-6.513875268282833986e+01,2.181078763815864363e+01,-3.196831929410055295e+01,1.654429250258055788e+02,-1.254959898180766231e+01,1.009039422325602686e+01,-2.923617885154061469e+01,-2.081854505542611946e+02,-2.241175077585067754e+02,-4.536050386392574865e+02,-1.929927312493097133e+02,-2.820746189805464610e+02,-1.790034670202582561e+02,-1.249263961135703056e+02,-2.977831760865317392e+02,-2.348377881764364759e+02,-6.511944258043332923e+01,9.200584522226387207e+01,-7.842790540995424919e+01,-7.095350036060742127e+01,-1.532294497891108733e+02,-9.549687421524933484e+01,-1.332639713407421027e+02,-2.205319569916416071e+02,-2.978254815230891381e+02,-1.688026740056581616e+02,-1.871108011484751898e+01,-9.341194726300392404e+01,-7.014513070310877652e+01,5.920576563633515832e+01,2.334949095264532559e+02,-6.343620844892512878e+01,-2.105634832058951247e+02,-8.768230738110217715e+01,-7.851689358761191784e+01,-1.704042656189353124e+02,1.710300269298528519e+01,4.704533187900600524e+02,5.668136969956194662e+02,6.548435227714700204e+02,5.074190089980370431e+02,3.206404032131342774e+02,3.962098440688829442e+02,5.058903911306580881e+02,4.420424106689153518e+02,3.012944727858704255e+02,7.731843156145703233e+01,-2.074981253803096592e+01,8.920525241112120796e+01,2.035312420815008636e+02,2.526649389868727837e+02,-1.880246693845125776e+02,-3.766770594108346586e+02,-1.163765010941386038e+02,-3.605485283903784932e+01,1.878919393651835890e+01,1.120629848431555331e+02,1.995355920043899118e+02,2.404600758597283630e+02,1.343804690808290161e+02,1.734100903176343991e+02,1.199602857598251262e+02,1.849827825470746632e+02,6.911765766109093079e+01,4.434017116671967074e+00,3.876712656377012536e+02,4.337590010885376159e+02,4.003275785250164063e+02,5.415015665211250280e+02,1.418684487440092994e+02,4.061211098256134733e+02,4.857200983351814330e+02,4.811127765134073684e+02,7.366983251029158737e+02,4.402203187548695382e+02,2.167903747145305715e+01,-1.402436965909538458e+01,1.832299789777017622e+02,-1.821318585860497308e+02,-1.390627207292226331e+02,-1.272256951184260316e+02,7.243712901576158458e+01,1.369927037911085677e+01,7.874700616690171273e+01,1.601127239121966284e+02,1.700494326278887343e+02,-9.993696220136830277e+01,7.370867397051299008e+00,4.497135740487705391e+01,4.634387566311036721e+01,9.880189135817857959e+00,2.382783295835151023e+02,2.124505983882224598e+02,1.947724301308795134e+02,1.231089064583536867e+02,1.413511505577935168e+02,1.436483802878681502e+02,2.654686630708481516e+02,2.690206194266631883e+02,3.339809481185437221e+02,3.828867090397355923e+02,2.670942650417185860e+02,2.464586879165494224e+02,2.242436446297999453e+02,3.476024697199625280e+02,4.017626171073534351e+02,6.590858143144796486e+02,4.676187944469679110e+02,5.300344636132139158e+02,3.767475160010417312e+02,3.410918897974005404e+02,4.707033559661814479e+02,3.820078985126783664e+02,3.356194411722087807e+02,2.589358900530309597e+02,1.676234161759045378e+02,1.198543774451355119e+02,1.138463401624748599e+02,1.321669698119196426e+02,3.762506692097440464e+01,6.903694346114862412e+01,3.122735479955922955e+01,-1.959007871036593542e+02,-2.749504571567923108e+02,1.105789842031936132e+01,6.139112430994784830e+01,4.227659396589970697e+01,5.516023499060911206e+01,-1.086143320659859057e+01,-3.868164113393343229e+01,-3.393226802210952542e+01,1.720715358501678338e+01,-8.650486211280561122e+01,-1.724907094848051941e+02,-1.238530059930943708e+02,-3.121693324105122258e+01,-2.866943828272292194e+01,-2.784095014450326744e+02,-3.523247720339368527e+01,-4.731359376702189934e+01,8.726656704685282762e+00,-2.479363463699101260e+02,-1.713317373715124177e+02,-1.713890614141147921e+02,-4.891269651040910560e+01,-1.106385533501000964e+02,9.667711253789988746e+00,-3.883586571504093854e+01,-2.340765770272786028e+01,-1.168711472943733156e+02,-3.734790035949421281e+02,-2.312624400232957669e+02,-5.719340480632077117e+01,1.388950678777404733e+02,2.370151509467426365e+01,-8.237197733240014941e+01,-1.064629758454465787e+02,-8.214552807366171550e+00,1.795085796545353674e+02,1.464623365797445729e+02,5.600469545454244269e+01,-5.766915580334669755e+01,1.570933759391847673e+02,1.171486019818925683e+02,1.933444354730972634e+02,3.920337339948073350e+02,1.541561611944920287e+02,2.116295888483896306e+02,1.524709118625599729e+02,3.603793689303246879e+02,1.871430129525985819e+02,3.821343691280029020e+02,6.795731113861002086e+02,6.862164289145378007e+02,4.729209164946898909e+02,4.763818154815764956e+02,4.385402755973252624e+02,5.437840217515959012e+02,2.798057889055970691e+02,5.361142308539245960e+02,5.833237356935713933e+02,4.232229592905213167e+02,4.359215177006773843e+02,5.640360271061481399e+02,3.134230266257588937e+02,1.119988326135504622e+02,-8.117960904677615019e+01,-1.513498473615102853e+02,3.743554578532341282e+01,1.666977103819941703e+02,9.927928937180590196e+01,-9.238112614797705646e+01,-1.299432704698870111e+01,2.233252255681263989e+02,2.458093193958526683e+02,3.583114502576424343e+01,6.104173796644616345e+01,9.435629246498388056e+01,-2.078842746216723185e+02,4.967741585093335743e+01,2.398517916947706112e+02,3.833892415519842700e+01,3.382985576425539875e+01,-4.507671947768837128e+01,1.269329331140067723e+02,1.238603314136418021e+02,2.924740584836968083e+02,2.132229655901678882e+02,8.972888051735050396e+01,1.684296919044061269e+02,2.594707914739434500e+02,2.293023588632925680e+01,3.990920679789101655e+01,-1.354365821410840454e+01,8.640862268787351752e+01,8.777819943778528966e+01,1.622170998684859740e+02,1.116638445303530460e+02,-5.396322750261550993e+01,3.298300521460585628e+02,3.474321054146309962e+02,2.126653597896234089e+02,2.390681778479753348e+02,2.815659008834059591e+02,1.774431604110103535e+02,7.686344658329502977e+01,7.406025054651857431e+01,-3.453444209877676485e+01,7.374206795532630565e+01,-1.188710629893320885e+02,7.735599912870975459e+01,2.109981667264279537e+01,8.400207006988595992e+01,4.330246379196317719e+01,1.423873982068471946e+02,1.314301653433562933e+02,4.685302021685241414e+01,-7.249503448987604770e+01,1.163497809033532064e+02,1.482842997617882190e+02,6.424016421674940602e+01,2.950796380177342471e+01,-1.960826820251519109e+00,-1.736216074088101209e+02,1.418241663583979744e+02,7.891248491069559634e+01,8.110087045294029906e+00,2.179842023199125265e+02,2.492369909755967399e+02,6.946310611465523266e+01,-5.274177952623715271e+01,2.941700551973805489e+01,1.385475845339115324e+02,-5.218539246869740111e+01,1.339321444696809351e+02,-7.710711417813541857e+00,1.504957741593715070e+01,1.463912265394926493e+01,-5.719600509246131992e+01,2.196009410848001835e+02,-2.561753543042811998e+01,3.644269926020266439e+02,4.322330040608596846e+01,-9.465356010803519382e+01,1.994095675178479610e+02,8.197284292104851033e+01,7.849927986258940393e+01,2.480845955005504493e+02,2.113975067785846136e+02,1.674595021302007751e+02,3.644986099495851306e+01,3.456183804243958946e+01,1.030327274628547798e+02,2.099739441443165333e+02,3.212460773087381654e+02,2.494083489714184623e+02,3.968000765183548424e+02,3.129610344647503553e+02,1.429863025205740996e+02,-6.195696670322777777e+01,2.622164507616994342e+02,2.464314365280466177e+02,5.852093289541315926e+02,5.073687298565092192e+02,8.468128531019958700e+02,7.875460388287593787e+02,3.497289779549121818e+02,3.243451040049179710e+02,5.843924839702935969e+02,6.817274473301986291e+02,4.063835408113272933e+02,4.797431376993321237e+02,3.273584017769082948e+02,1.248116810431109229e+02,4.931933729514440756e+01,2.840096118404007939e+02,9.313432740223639428e+01,-9.163806657828271796e+01,1.354797828271017579e+01,-1.519757484154320082e+02,1.162167048149880770e+02,-4.927279955682098489e+01,1.660062289483221321e+01,8.832142309025954319e+01,-3.661274560276322632e+01,-3.776812887911934524e+01,-7.560564507131070400e+01,-1.488484098443302059e+02,1.020016806366428170e+02,5.305595539680859929e+01,-1.666735167893027381e+02,-1.295646882972131380e+02,-2.985662884685005452e+02,-2.806556049960454402e+02,-1.879434544630342998e+02,-3.860114769693971084e+02,-1.720882939187206375e+02,-4.274253546233246936e+01,-1.096667704368280738e+02,-2.345075390478749000e+01,-1.195680795916491661e+02,-1.971173972125050682e+02,-1.847018514831144955e+02,-1.850035440023904698e+01,-1.812027992575406756e+02,-3.578919593874362022e+02,-6.285289245676823100e+01,7.080792774887068219e+01,-2.885108281449977312e+02,-1.267027647027465349e+02,-2.035547667092599511e+02,-2.206166428935545980e+02,-2.387075736611249965e+01,-1.918583746883895742e+02,-1.798105684847161001e+01,-7.827282443460661909e+01,-1.080876166422203823e+02,-2.526750505500969268e+01,-1.593200621176167715e+02,9.034637423348328866e+00,1.810924678592524515e+02,1.010928324488204453e+02,2.860995138798630251e+02,3.571666253350500142e+02,3.960399419270224826e+02,3.116299531639964471e+02,2.927286537878336503e+02,8.276302649990233817e+01,1.455201942891127942e+02,2.722056309772140139e+02,2.320968368298656515e+02,2.209424156811638511e+02,1.949600138043712150e+02,1.359426474357761663e+02,3.318108161724296110e+02,1.687266782099877389e+02,1.549010325672544468e+02,1.694792667196137472e+02,2.665538214949648363e+02,-2.253061461461570048e+01,-1.700224171066755616e+02,-2.630997286099602093e+02,1.647797217331738295e+02,2.292984912701873839e+02,1.273000211374976516e+02,-6.786137978796918446e+01,1.634575900210627708e+02,2.995519760212828260e+02,1.657790223519801600e+02,2.917075543519353005e+02,2.605530313288657567e+02,3.134231387748548627e+02,2.707044319902148004e+02,1.495481613920242694e+02,2.935036031827014540e+02,9.872291857801801029e+01,2.338603187996491783e+01,-4.076493293800012907e+00,-2.232628793683281287e+01,-8.153115897453292860e+01,-1.286963364336329221e+02,-1.812129396259265661e+02,8.539302945203941420e+01,2.261295283024228695e+02,2.424251929216334247e+02,2.358910192308881619e+02,-2.909417602357831356e+02,-6.944692419492429281e+01,-3.690645662333681543e+01,-2.249752354627983095e+02,-9.074918076511374920e+01,1.002264728033491110e+02,1.047487285402500845e+02,8.885943714578502295e+00,1.007303883425418576e+02,9.926269307825133126e+01,7.209585276221858408e+01,6.641808348763638037e+01,1.307459660351623825e+02,5.826259035858319635e+01,1.017759183783664412e+01,2.833125355539542056e+01,1.310627666586537430e+02,1.424968503047234591e+01,-7.604049544959642049e+01,-1.678266286870600510e+01,-2.008064445016337913e+02,5.366600592144111914e+01,1.353753914623525816e+02,1.828600378940303131e+02,-1.950981324259707250e+01,-3.798281451062919700e+01,9.537678716777980981e+01,-6.683417478654206434e+01,-1.181202374424198069e+02,5.656148947019286055e+01,-1.061068102185269026e+02,-1.113187378838999564e+02,1.562602878290132367e+02,9.711698635531871560e+01,4.576867133249096753e+01,-1.858443925923017730e+02,-6.089180448330427708e+01,2.287004560206142401e+01,-2.431182713276236740e+01,4.088886713163538502e+02,4.145560467741303228e+02,1.180617593195597266e+02,-1.563087117784093039e+00,2.841913039436440158e+02,1.551973923409848908e+02,-2.785042482808442514e+02,-1.954119636742614716e+02,-1.733876060742151708e+02,-1.569421520010884024e+02,1.096326776776978136e+02,1.363564144684381745e+02,1.052844313917606911e+01,1.890697468730303683e+02,1.520805770217973816e+02,-3.500423144778949336e+00,8.890744067027607400e+01,2.256104725953070442e+02,-5.338834644417374875e+00,7.936061468075899938e+01,1.514654585912850280e+02,2.745094554635650752e+02,2.132129420321773523e+02,4.002294615425526558e+02,3.101326309151575060e+02,4.655564976898184000e+02,4.058093515706144672e+02,4.368823759029139637e+02,3.186525706987762305e+02,2.811884337322658212e+02,2.837693541601294100e+01,-1.128183627431183709e+02,3.477512759313476920e+01,-7.201016200204972506e+01,-1.120851934510947245e+01,-1.435829074436213375e+02,-1.356573749456248947e+02,-1.820426083556717174e+02,-2.799166213408826707e+02,-1.387267476030560829e+02,-1.172214645209419359e+02,-6.655710659876136503e+01,-9.084534465595831421e+01,-1.492726400736181347e+02,-2.361195731461003788e+02,-3.059868191204928962e+02,-5.321433728777096803e+02,-7.234471220803072811e+02,-6.346654577907460180e+02,-6.939908138489212206e+02,-5.719393327145918420e+02,-6.539304791486432578e+02,-3.561647677907268417e+02,-4.573904859466372272e+02,-5.308972940254262767e+02,-7.351430771273032860e+02,-6.476912677855436868e+02,-7.054413842384734608e+02,-7.549455007014266812e+02,-8.658762291923191015e+02,-9.429813106325892704e+02,-7.167023046036206324e+02,-1.071360676266658402e+03,-9.206556884112414991e+02,-9.067311472837405972e+02,-9.374163037828730012e+02,-8.476427670617431431e+02,-8.193588016893811528e+02,-1.058019293521464533e+03,-1.201591341363303400e+03,-1.112277984070669845e+03,-1.123569468346546046e+03,-1.205939333468448694e+03,-1.257537733269318096e+03,-1.224465824475140607e+03,-1.128608052770331369e+03,-1.134209398616231056e+03,-1.245527654561652071e+03,-1.406402127814392088e+03,-1.473826643331873129e+03,-1.317086540672399224e+03,-1.277049555754312678e+03,-1.266114625664735740e+03,-1.424335326965216836e+03,-1.551173583561398800e+03,-1.346940690745054553e+03,-1.592988567547753064e+03,-1.331076602680414908e+03,-1.334513058942427278e+03,-1.363851463683351085e+03,-1.431836262033805724e+03,-1.346223457124794095e+03,-1.448027546961578992e+03,-1.545838896787174008e+03,-1.596328551017514883e+03,-1.466396033292890479e+03,-1.418587337601748914e+03,-1.650347045194910152e+03,-1.516081397653928434e+03,-1.553073953033019734e+03,-1.771373638519741462e+03,-1.529371514227616899e+03,-1.739162045197478164e+03,-1.883849425957828316e+03,-1.861822534120916771e+03,-1.899857708058778144e+03,-2.107335000454146211e+03,-2.089145997165145218e+03,-2.597681627692856182e+03,-2.842518825416244908e+03,-2.711803290405295229e+03,-3.122863937953093682e+03,-3.258414191629468405e+03,-3.462256434597992211e+03,-3.501358333853703243e+03,-3.684111855222649865e+03,-3.920609344692817103e+03,-4.124616117820441104e+03,-4.371206081599024401e+03,-4.537660158202741513e+03,-4.530757285465284440e+03,-4.719267594793533135e+03,-4.922697804677321983e+03,-4.970443206026733606e+03,-5.080468569106948053e+03,-5.232779769405840852e+03,-5.231508514103412381e+03,-5.237552590563938793e+03,-5.317711163318066610e+03,-5.236614159954471688e+03,-5.455329933812814488e+03,-5.351738023143583632e+03,-5.398665427287383864e+03,-5.376519569870447413e+03,-5.333066393299659467e+03,-5.517166972126526161e+03,-5.606589434537069792e+03,-5.475330624840264136e+03,-5.525000816288200440e+03,-5.481594191610588496e+03,-5.618643995124915818e+03,-5.625987686090986244e+03,-5.600258948781207437e+03,-5.558279983222251758e+03,-5.509281003279986180e+03,-5.630401470237545254e+03,-5.677262841033011682e+03,-5.945565637342854643e+03,-5.596938256810068197e+03,-5.772911697818433822e+03,-5.733164048549897416e+03,-5.714309769290962322e+03,-5.803745911209187398e+03,-5.628929831591596667e+03,-5.753045882001104474e+03,-5.790687343598084226e+03,-5.634265009278811704e+03,-5.636238351363399488e+03,-5.845242904866836398e+03,-5.841937453957643811e+03,-5.944131941864750843e+03,-5.868021475342535268e+03,-5.747480786845858347e+03,-5.836087598651977714e+03,-5.774538768149587668e+03,-5.758053667135513024e+03,-5.788823770106859229e+03,-5.729298513753688894e+03,-5.856832828640795015e+03,-5.955667756289040881e+03,-5.857021824165080034e+03
-1.725550643736305574e+03,2.170514829326890549e+00,-1.733849129374764573e+02,-2.220629912233700907e+02,-3.665592611501510873e+02,-3.902577278430648562e+02,-4.631453936371571700e+01,1.228641641333639711e+02,-2.320810090119906590e+02,-2.677537363280104614e+02,-6.240332860905926537e+01,-1.435876753821838463e+02,-2.168470392062762357e+02,-2.129924480264417355e+02,-1.411981144188889061e+02,-2.419392084718821252e+02,-5.665102332442093314e+01,-4.313080088286783820e+01,-1.366911400464776989e+02,-2.800020696012073813e+02,-1.197967209493624523e+02,-1.998661686256506869e+02,-2.378000944489571680e+02,-4.782455609368747673e+01,-2.549134207332764959e+02,-3.301826965986100504e+02,-4.837428262006977775e+02,-3.857413224054648140e+02,-2.267840751899643692e+02,-5.056531980348537445e+02,-5.873522149688540139e+02,-2.073133133058076112e+02,-2.332514916409924126e+02,-3.508722422728093875e+02,-2.284737201473178629e+02,-1.522714109836134355e+02,-2.219934887077113785e+02,-3.187326496845497559e+02,-2.601598445039110743e+02,-1.762042922083047074e+02,-4.917011839074091313e+02,-3.037741933274994608e+02,-5.236225878538252800e+02,-3.627849608064685185e+02,-8.992292870204417454e+01,-1.850599288538949452e+02,-2.640004180746959150e+02,-2.426402551431119718e+02,-9.012072830391888090e+01,-1.177980567390581967e+02,-8.594654454642034125e+01,-2.005998516652880994e+02,-2.118584660330618590e+02,-2.427157626204505618e+02,-3.164441682415380228e+02,-1.093532704412825467e+02,-4.319944930218210288e+02,-3.641964200261192559e+02,-5.034244224714799429e+02,-4.214324827558754123e+02,-4.051760059050888003e+02,-2.502468981638596119e+02,-1.557077540990576949e+02,-4.161561697897751344e+01,-7.334279760423513039e+01,-1.242550376127557001e+02,-1.945885842256690523e+01,-1.161930513894597254e+02,-2.611793117021385910e+02,-4.815961150866301921e+01,8.541407874134506528e+00,-8.468280667124108163e+01,-1.852921647727142158e+02,-1.322820829404138578e+02,-1.512548884585618225e+02,-5.115475654451682885e+02,-1.602494690251710097e+02,-3.714425622852841684e+02,-2.252860584066660010e+02,-3.992971536419091194e+02,-2.405422419186202205e+02,-3.747423800100175981e+02,-3.535048148049255587e+02,-3.429687253302610657e+02,-6.147227938727405672e+02,-3.717893394376724245e+02,-2.680048974631088186e+02,-6.678096628100211092e+02,-2.585599496986473582e+02,-2.413303267612569698e+02,-1.824418353313538717e+02,-3.017573274648013353e+02,-3.564069371526003351e+02,-2.780416194510115133e+02,-9.800123783872517436e+01,-2.541403726721105443e+02,-7.154527309117894163e+01,-1.784884366984204007e+02,-3.791872648176510552e+01,-6.749884699879066829e+01,-9.872979321156091714e+01,5.397576121284430428e+00,-1.465693112623637830e+02,-1.479375274871720762e+02,1.733174780116152647e+01,-2.634434992289849333e+02,-9.178866843303211454e+00,5.268854113930578364e+01,4.988045930464792832e+01,-6.097420759778140109e+01,6.052180856978883128e+01,9.100657561544669250e+01,-4.211670039481171557e+01,1.985549747190962364e+02,-2.739564719203755203e+02,-6.361254558016635485e+01,-1.021661127070433395e+01,4.278599805805302481e+01,2.138257105745246989e+01,3.035089101682899582e+00,1.198390405065456044e+01,8.419502823034517291e+01,-4.897969618758210686e+00,-4.055436955887458339e+01,6.591033703358132811e+01,9.052889527299254269e+01,-9.322560077255320721e+01,-1.196970529660127482e+02,-2.698433144301724269e+02,-3.554630999778087244e+02,-1.435532606472311272e+02,-1.726456688445266536e+02,-2.223553579068820625e+02,-6.144290814659055968e+02,-5.553000584812569969e+02,-4.259424414820089169e+02,-2.779314632631460995e+02,-2.556203496367886032e+02,-4.098200982471356610e+02,-2.918716755185226361e+02,-1.782159594393640702e+02,-1.423551079873184051e+02,-4.430790182882479371e+02,-4.590695140984722116e+02,-1.753777175051160953e+02,-2.887824052340632761e+02,-1.584109603578674523e+02,-3.844269026149344768e+02,-5.258090363847027220e+02,-5.935901402891148564e+02,-4.109627787561994410e+02,-1.798722035964783572e+02,-8.240367726501835932e+01,-3.120252203469286769e+02,-3.820397594053761168e+02,-6.746037252838951304e+01,-1.143168065499848751e+02,-1.878929678911655685e+02,-5.280948462366039564e+01,-3.084342592063835298e+01,-2.144613315062200058e+02,-4.118115176158379427e+02,-4.078248317533573299e+02,-7.483111982009062331e+02,1.334643580660943769e+02,-6.204692808991654118e+01,-3.521715461050486340e+01,1.612518719747685054e+02,-2.141817854030958017e+02,-2.887007366108187512e+01,4.251549909010699224e+01,-1.019801680724896897e+01,1.214115147581863994e+02,9.519821173199569841e+01,1.040800395887493011e+02,1.632032619143268164e+02,-1.786752217367791786e+02,2.109647164089550415e+02,3.326582964855698492e+02,3.359044568208149144e+02,1.585771864183036257e+02,4.774522183628985772e+01,1.304689522836791014e+02,-2.627109147156713220e+01,-4.900153805949052099e+01,-1.614060040323448106e+02,-2.225812965736278954e+02,-3.557897002314608699e+02,-2.198529547250859935e+02,-3.596540165721628455e+02,-2.954241319832499357e+02,-2.515192646167230919e+02,-4.155473890092331430e+02,-3.728928839027111053e+02,-3.800010123626186669e+02,-3.953513712388177055e+02,-3.905498503995316923e+02,-5.123484217729693455e+02,-5.687558225669877174e+02,-4.918996351798588762e+02,-5.308006361583937860e+02,-5.753119591234622021e+02,-6.486295214903677788e+02,-5.572558188626514948e+02,-4.295814683781856615e+02,-3.865918257620916734e+02,-5.825801051778207693e+02,-5.469938558375017692e+02,-3.244369621611552361e+02,-5.072279047814362798e+02,-5.920197908442748940e+02,-5.473225146275866564e+02,-4.444724508878712186e+02,-2.929887704330329825e+02,-1.454942146330944297e+02,-3.092037512310840839e+02,-1.974831031695906916e+02,-2.706952873301460158e+02,-3.371236198950122116e+02,-3.636961847873981242e+02,-2.030197525857285541e+02,-4.327145515520300023e+02,-2.587939789967894626e+02,-4.360247031996195801e+02,-1.774464541519797933e+02,-1.953439670103839489e+02,-1.931282870403669847e+02,-3.230988742875767343e+02,-1.291640655360421022e+02,-2.437053756974096927e+02,-2.286620295513934593e+02,-1.196790257883173609e+02,-4.150209026524804301e+01,-4.230128106821966298e+02,-2.910837020715518975e+02,-1.293752959767291486e+02,-2.999605770486023744e+02,-4.926938673772652919e+02,-2.838184604626623013e+02,-4.137615756751706044e+02,-5.397773518669023360e+02,-4.008188076855656163e+02,-2.609751580997677820e+02,-5.925633963834671931e+02,-3.551063673606892621e+02,-4.530325390693302552e+02,-4.655482453978830790e+02,-3.829859420916369572e+02,-4.277309228654487470e+02,-4.057011442929255054e+02,-5.095672193145976507e+02,-5.463994558263902945e+02,-6.100047369832327604e+02,-6.366337610672164828e+02,-3.637438610446255325e+02,-5.309367793725800766e+02,-4.693046305906523799e+02,-4.835280989676427907e+02,-2.838691776406523104e+02,-2.140091592102402274e+02,-2.182695397716947809e+02,-1.875979024565862119e+02,-1.556338111190767108e+02,-4.102434302232619530e+02,-1.438878356800959750e+02,-2.469417821644539970e+02,-4.272593624291056358e+02,-3.156650577966934748e+02,-4.141616720221219907e+02,-5.421579283046162345e+02,-3.434999523189179627e+02,-4.706972526407914188e+02,-2.508646582285807085e+02,-3.024667650089998006e+02,-3.827355334273142944e+02,-3.482517907764492975e+02,-5.065077383357176473e+02,-5.094848437774998047e+02,-5.446762798367317373e+02,-4.003027668206321437e+02,-7.111641987417609698e+02,-4.099117544904045189e+02,-4.257196610270427186e+02,-4.192995804479922413e+02,-3.812589173042209723e+02,-1.702633500289339850e+02,-5.522979359850664878e+02,-4.638419270244396557e+02,-5.142290006545289316e+02,-6.923149679478167400e+02,-3.337349097910948217e+02,-3.770827982604931776e+02,-3.002693385441685905e+02,-5.987638277974695029e+02,-4.288760055027768772e+02,-4.866839794536908244e+02,-5.452496420141767430e+02,-4.052856877210281823e+02,-2.432337144779872915e+02,-5.478921144953308158e+02,-3.998418138280210883e+02,-3.944464879625436424e+02,-3.447779446416740257e+02,-2.962300055489675970e+02,-3.450631863729196880e+02,-5.080368244579935890e+02,-2.608646505277246774e+02,-4.479409941825308579e+02,-1.617742884949117865e+02,-5.609441368689429055e+02,-2.603926028378080559e+02,-4.787038263264474267e+02,-2.456062801666759015e+02,-2.001276879140440883e+02,-1.250545167088506986e+02,-2.500853633593507368e+02,-1.631522333662786650e+02,-1.342132623241555507e+02,-3.366930920457114098e+02,-3.738132908494743560e+02,-4.352070080869461890e+02,-3.471888865642760607e+02,-3.602786905680507630e+02,-4.245524939607939245e+02,-1.999902954193812548e+02,-3.274296500832361971e+02,-4.531778078794923772e+02,-1.512072912220268677e+02,-9.600478518910367143e+01,-2.609614673478254190e+02,-1.269844015582389005e+02,-2.574400177169499102e+02,-4.296475876779895771e+02,-2.273622236860990427e+02,-4.725921155153656628e+02,-2.604997732753595301e+02,-3.044578763495253497e+02,-2.328418969248937174e+02,-3.295385591233349487e+02,-1.366684393212409816e+02,-2.579565689088605041e+02,-1.793184676531616901e+02,-4.705314496968741622e+01,-1.049135470055190353e+02,-1.164543776091824014e+02,-7.425579533736836879e+01,1.008422551179774729e+01,-1.494297273038760636e+02,-3.208373749037531866e+02,-3.264292303420953090e+01,-3.180875722874017697e+02,-1.573679290469187890e+02,-3.552493264739853203e+02,-1.390589088490058032e+02,-2.001156035722162869e+02,-5.147734806880484939e+02,-1.988972098868259764e+02,-2.471328629351166342e+02,-2.081404316584869889e+02,1.652225034969170281e+02,-2.727918487877133202e+02,-4.782364159650400666e+02,-2.678638695966177465e+02,-3.265604891569703341e+02,-3.981420000768067666e+02,-2.367237189255203873e+02,-1.899186258455905261e+02,2.165947759857873223e+01,-2.358045621888860524e+02,-3.403621747305181202e+02,-4.660170586453943997e+02,-3.362223956250999208e+02,-1.215535279020707833e+02,-1.284320245443324211e+02,-2.769207215528118695e+02,-3.203435266228796650e+02,-1.231569646442202668e+02,-3.573853565876073617e+02,-3.700464031642352438e+02,-2.251570149086730339e+02,-2.009613271187407690e+02,-1.717269131603009100e+02,-5.931151693282092765e+02,-4.525987401460304227e+02,-6.069422708494131768e+01,-2.236692770404515898e+02,-2.521678487925626087e+02,-6.102707483321266864e+02,-3.169395441289783548e+02,-7.267595120516705265e+02,-3.474890620201720139e+02,-2.407511310579559733e+02,-3.525307074158743035e+02,-2.416985026956458853e+02,-2.586527684513654322e+02,-5.716678984848304879e+01,-1.045696861589960065e+02,-1.555277933970980371e+02,-2.730773374416327215e+02,-2.305477705786980493e+02,-2.307057969724307611e+02,-1.927618944083154702e+02,-2.442705984629110674e+02,-1.856634115953970081e+02,-1.596617752500536369e+02,-1.876082213414314310e+02,-2.787711516619167469e+02,-2.603464840159348910e+02,-4.516279262648042163e+02,-4.574226556035713998e+02,-2.345356040975116230e+02,-2.823530598452501295e+02,-1.804522239988502292e+02,-2.598355989994797710e+02,-1.352371383646403729e+02,-1.415755321842917738e+02,-4.857258655320966909e+02,-4.472809896576067104e+02,-4.555915634203104219e+02,-6.544198586494935626e+02,-5.086590964454074992e+02,-9.763657737554181040e+02,-3.614632811216862365e+02,-5.848089526957337512e+02,-5.288020357143956289e+02,-6.498422585641874321e+02,-6.707705326734986784e+02,-7.954460045597827502e+02,-1.122428092102877144e+03,-6.317344314741983453e+02,-5.795147928323852966e+02,-5.472657732015206875e+02,-6.603760434241064559e+02,-5.815921672081728957e+02,-5.181641971804858713e+02,-7.859635964806107040e+02,-4.120848195330165709e+02,-6.981673423923984956e+02,-6.645642832228451198e+02,-5.098785660722700754e+02,-5.597895797027756544e+02,-5.986596320451644715e+02,-5.916533537644155558e+02,-5.934121892888579168e+02,-6.167251710806137908e+02,-4.486639294836061254e+02,-5.433415439565460474e+02,-4.403538464095021254e+02,-6.213301587430401014e+02,-4.495565528406017393e+02,-2.822637897165666914e+02,-7.821531595842259321e+00,-3.726912203318187267e+01,-3.027189666960456407e+02,-1.534577598600293413e+02,-4.653751994269099441e+02,-3.291662770168608176e+02,-3.360805352923954388e+02,-5.058976971400219327e+02,-9.165354767164930649e+01,-1.535561149096063218e+02,-1.029046147957662214e+02,-1.777681977520905434e+02,-3.888052121875826117e+01,-2.969064294435649458e+02,-1.372480842647651116e+02,-1.278529937542509742e+02,-1.260081499655477302e+02,-1.278854996611674864e+02,-2.490160978552448228e+02,-2.131981253387287154e+02,-3.384799816238394214e+02,-1.867765801805335286e+02,-1.759820855719494546e+02,-3.186855760250794560e+02,-1.978115333992650449e+02,-2.757203193756680548e+02,-3.119697420206201741e+02,-9.476874704230647239e+01,-7.945044680208636123e+01,1.088794198247326506e+01,-1.832168394427576459e+02,-5.700349084166174407e+01,-2.161096822291991657e+02,-4.921838433834906255e+02,-2.711769210895054130e+02,-2.178342910352127433e+02,-3.263766654619912515e+02,-2.536030146503495928e+02,-2.610000066940551733e+02,-3.651623075831391247e+02,-4.314770557469109917e+02,-4.645464838180238303e+02,-6.675986707669151201e+02,-5.541474380980633896e+02,-4.236335027154203772e+02,-4.218804588179556276e+02,-5.486888010886334541e+02,-7.319038662478064907e+02,-4.819622982098355806e+02,-4.361104776596416173e+02,-4.537873751524948602e+02,-2.936891851159863904e+02,-3.489399516785995843e+02,-2.359392752743490860e+02,-5.600610513373828780e+02,-4.953495940236056754e+02,-5.794501612170232647e+02,-2.979628500888463236e+02,-3.344631255171719886e+02,-3.888973820503580896e+02,-4.012067224393725269e+02,-3.734552228439138162e+02,-4.008441882845939404e+02,-5.212831940355372353e+02,-3.740479170322313394e+02,-4.245148189533859977e+02,-4.025131900517734493e+02,-2.868667510746571452e+02,-4.742636240452013112e+02,-3.725252987006995227e+02,-2.882111814103774918e+02,-1.992465229867717369e+02,-4.548293832271152723e+02,-3.705396631079166241e+02,-1.249181588171263968e+02,-1.912827263264138082e+02,-1.946919686435280710e+02,-4.283579470823337942e+01,-3.496694821696611655e+01,-2.957882396328827781e+02,-9.705734868877185306e+01,2.721096452208816459e+02,1.704300569724402976e+02,1.178474330306158890e+00,-1.483925457447460019e+02,-2.801379773310741257e+02,-4.633902448986813738e+02,-4.338010281666896617e+02,-2.582326575494756753e+02,-6.741923189350609391e+01,6.023469723206395088e+01,-4.281544460245574157e+01,-5.963257938685014778e+02,-5.842726206882971383e+02,-1.595465284341572385e+02,-2.486416143799240217e+02,-1.322610376701246082e+02,-2.630932592279863229e+02,-2.476248003101869131e+02,-5.611521450821633152e+02,-2.858198720492339362e+02,-4.253160742516524238e+02,-5.489752537675328767e+02,-2.666626702315272723e+02,-2.863793252431776182e+02,-3.519786501677886008e+02,-3.306439582603544522e+02,-2.416760505809374422e+02,-1.994230594667465937e+02,-3.660054240009339992e+02,-4.846083265000763163e+02,-3.080369558191831629e+02,-3.712079739393282125e+02,-3.182328762409945284e+02,-2.767754853569344391e+02,-8.791098340716180815e+01,-1.598596277812700350e+02,-2.560313621568399753e+02,-1.360666197881394055e+02,-5.744221512935861540e+01,-1.258247354574363754e+02,-3.217373405235820201e+02,-1.159567500431002571e+02,-7.982664577567670960e+01,-2.179601302604532975e+02,-8.636989024621190936e+01,-3.148940833278261380e+02,-5.011296586052466182e+02,-5.314012749666779882e+02,-4.041582935682070001e+02,-5.563364935777335631e+02,-2.860319453250444894e+02,-4.199853227878516009e+02,-2.594092642479611186e+02,-1.868184428320363395e+02,2.236337789800886071e+02,-2.356875496873009297e+02,-3.928920534431762235e+02,-1.583244540965730494e+02,-8.596636212545796241e+00,-1.203476388420083367e+02,-2.232282931955951142e+02,-1.774819996933094330e+02,-2.574447387475828464e+02,-4.559484043797876325e+02,-2.222409161666545856e+02,-3.678886624739419062e+02,-2.865358729521786927e+02,-4.982156900231027521e+02,-2.184997620910683906e+02,-8.951184198184520824e+01,-1.152586349152972218e+02,-5.107316381799208216e+02,-5.524453045443383417e+02,-2.637690545668295954e+02,-4.079656623414372234e+02,-2.492866522244491136e+02,-2.888233443145863930e+02,-3.161650758680494278e+02,-1.597247705449412081e+02,-1.564950531831549654e+02,-2.263730655981772770e+02,-1.101006137640224694e+02,-1.037523425259629448e+02,-1.220152055217281344e+02,-1.714704256066104051e+02,-1.184255274209513118e+02,-2.585928991069902168e+02,-7.408300568073372006e+01,-4.441175604435462532e+01,-2.964445103614049160e+01,-2.040951617738761570e+02,-2.821268344299436990e+02,-3.515880300313109501e+02,-2.144774703005847130e+02,-1.131855424445358977e+02,-7.696436867222114131e+01,-3.212821852972355146e+02,-3.352248606956208619e+02,-3.683295891394745922e+02,-2.010034081430204083e+02,-1.710036665047909139e+02,-2.631873501414615291e+01,-2.865435725868718464e+02,-4.833276831541081719e+01,-2.363908842314192782e+01,-2.749593675853199102e+02,3.144108639080663892e+01,-1.452027385231436796e+01,-1.034201344041194233e+02,-6.947566946657667586e+01,-9.526183066703882218e+01,-2.303609752415392222e+02,-1.006391356735899620e+02,-6.284554562832286706e+01,-1.851563825885370136e+02,-1.205208120731159198e+02,1.089748843804295575e+01,-2.238186535446810694e+02,-1.387630106824306040e+02,-3.118569118105305051e+02,-2.248227208631497547e+02,1.439361095150913457e+02,4.705651589104680710e+01,7.317904844708962742e+01,7.916081854139740415e+01,-7.852602658094339461e+01,-1.885337250466618286e+02,-1.108221641820531573e+02,6.337972202289564905e+01,3.470522201106273741e+00,-1.464971240367567873e+02,-1.128067170652747961e+02,-1.479278732427277987e+01,8.335407159386188880e+01,-8.785377870259648603e+01,-2.202807029533075536e+02,1.845448074617747380e+01,-4.012872714786024630e+01,8.646399679702909680e-01,-1.242901361100060740e+02,1.745293533714259411e+02,1.589244975947689227e+02,-1.618445740814444207e+02,-7.265568503814242263e+01,-1.244192785232817897e+02,-6.373497971308277954e+01,3.203717598952196113e+02,2.581175719999705507e+02,2.340310274390394341e+02,-2.286555530823332560e+01,-7.530224898787392362e+01,-4.392270380208543656e+00,3.005620847293716338e+02,5.703992451768175442e+01,1.933664351766514073e+02,1.311287114930847224e+02,1.920795324675875122e+02,1.876776688897004419e+02,-1.363356069590223569e+02,3.456532390721123704e+01,1.894018866501137666e+02,-1.566607281365291442e+02,-8.314810433002681123e+01,-1.235999258341332450e+02,2.955496930484646612e+01,-1.509249159821196429e+01,-4.848991230435159139e+01,1.777911738841719398e+02,2.677632829329211290e+02,2.234533124466134950e+02,1.111117189148516786e+02,2.114798871243639837e+02,-5.236892144430096607e+01,2.492909022880262171e+01,8.624015860352238860e+01,1.718281539541380312e+02,-1.805467490375423267e+02,9.066827288611619906e+01,5.927155593293861813e+01,-1.162379093990354306e+01,-1.241532777499096198e+02,4.818292023338214847e+01,3.950947265739550573e+01,-2.827870755124257585e+01,9.724784812896183439e+01,-2.915027457399942534e+01,-1.993371086164542874e+02,-1.257849581596024677e+02,-2.082990388115868541e+01,1.620595107956274603e+02,7.463132879475890036e+01,-1.746357886193102615e+02,1.848827170451999677e+02,-1.204287067143628178e+02,-2.448199705232808583e+02,1.824936808030374777e+02,5.400497686488810700e+01,1.249012542917636495e+02,2.111050161163473149e+01,2.937007210875619023e+01,-1.255099873025490638e+02,-7.712366153002022884e+01,2.381038917398681320e+01,3.980880677597188821e+01,-1.207329958702487716e+02,-4.874238588142928563e+01,-1.228467285794156965e+02,-1.821588787649366736e+02,9.483178326790789470e+01,7.088904121008218340e+01,2.009555501904862354e+02,1.577468995252819468e+02,-4.888064368571253482e+01,2.289313256984466705e+01,2.099549290463307116e+01,-2.112996491548840368e+02,-9.831250939322187321e+01,-1.536465499509527604e+02,-2.405845765147919622e+02,-9.406595159029079412e+01,6.060640874610704998e+01,-3.145192292482049652e+02,1.342475544320439553e+02,1.395907511331747628e+02,1.094845140162672692e+02,-3.571267130965073875e+02,-2.362688820096471147e+02,-2.526498682584133064e+02,-3.645297726431060710e+02,-1.787701399185213518e+02,-1.721669912813126189e+02,-2.059694538177920435e+02,-2.725416459007526555e+02,-1.882377331099005460e+02,-5.830899317293787476e+01,-2.106297865555638111e+02,-2.151612433810441303e+02,-2.733011463974803519e+02,-1.626095758034965115e+02,-1.195411548139541935e+02,-1.779576456469247319e+02,-1.008629305641434968e+02,-2.344696555044412491e+02,-4.303532728640586811e+02,-1.009315947106405247e+02,-2.158208410367289218e+02,-2.741711746163228440e+02,-2.730081522338132345e+02,-4.639484617721812469e+02,-4.493006733946579061e+02,1.242758108335181078e+01,-1.692143889093955238e+02,-1.107372877188082185e+02,-1.476546749196512849e+02,-2.193056955587589982e+02,-3.280966036813778430e+01,7.000891871620849827e+01,-1.085515392569448068e+02,-2.252753038103630843e+02,-2.870934962248610987e+02,-1.884135785253885444e+02,-1.836046243110617127e+02,-4.146796165165109187e+02,-7.941217515314548336e+00,-3.455463457201348660e+02,-1.422867347333659893e+02,-6.371590962487471188e+01,-3.353671742080510967e+02,-3.270511879084989459e+02,-1.865286119714612596e+02,-9.874307145676159791e+01,-4.178591390927679186e+02,-3.937383831977068667e+02,-3.326531837159106999e+02,-1.219149791221645955e+02,-3.264485398500510200e+02,-3.232494684749322289e+01,8.335840980947246237e+00,-1.939734371221214104e+01,4.829336304909335098e+01,9.312144882168189497e+01,-2.551178121367674407e+02,-2.387300099798970336e+02,-5.234028291393530026e+02,-4.118897336829085702e+02,-1.525971524156542500e+02,2.446450625408424173e+01,3.802405917973767657e+01,-7.786372606794988371e+01,-2.163425729183470878e+02,-1.537645330396232453e+02,-6.343528606883940313e+01,-3.436788349961753397e+01,-1.174494460503582616e+02,-7.587190879963222301e+01,-1.887350988160661416e+02,-1.536373539787030040e+02,-6.437976699688539384e+01,-2.540428418476652155e+02,-1.739972402114525778e+02,8.594409148803055132e+01,1.987966409214527914e+02,-1.719608830178038090e+02,-1.289989015017951601e+02,1.174557715794850026e+02,1.965077948096176783e+02,2.448678452457434673e+01,1.630618648596975504e+02,3.051364725153032254e+00,-4.460976616182149712e+01,-1.282605648597773040e+01,1.412166384873275433e+02,5.082024816274993384e+01,-3.657697701079086983e+01,-2.675291227614575007e+01,-6.558937826167579033e-01,-2.112428264510252873e+01,-7.261111288388956098e+01,8.910153618200092751e+01,5.660808054833439940e+01,1.443413747331951527e+02,2.797004491336176670e+02,1.327078047371162484e+02,2.612863032621548598e+01,1.591601476357415095e+02,3.350981999429308189e+01,7.027567725628163942e+01,9.222629167529524352e+01,2.058166269013674139e+02,1.208188420022276119e+02,9.775661308933045746e+01,1.938494238161282226e+02,2.799502181102459417e+02,2.695867840586801663e+02,1.718363981197744863e+02,3.287524274318499806e+02,1.277797794806388509e+02,-8.470579832082660232e+01,1.995759755388383780e+02,3.060214460596703248e+02,2.166312593913289106e+02,3.018685519371037458e+02,1.284668348268876912e+02,6.807359564728672296e+01,3.086496285426393911e+02,1.547558302281027807e+02,2.490720664874676800e+02,8.253805342947121915e+01,2.507454601801443914e+02,1.601734905049911504e+02,1.961112042517471252e+02,1.983932197600470886e+02,2.429722854791035616e+02,3.389920914745891878e+02,3.259510816274711829e+02,1.806346667883371993e+02,2.148275707754753796e+02,1.020702134152493699e+02,8.830627316342986433e+01,2.420079336144769400e+02,1.993799874593109962e+02,3.836600138697732518e+02,1.629106614890928881e+02,2.675770108596913133e+02,4.386210307103441437e+02,2.971534008206725161e+02,2.919655849298569024e+02,2.899969053376412376e+02,3.317778229918994271e+01,1.284248882880501696e+01,1.172472560524414575e+02,1.867851891147631420e+02,1.379006933754650390e+02,1.000999557100925728e+02,1.908849252853385394e+02,4.025609637573992359e+02,1.193218874489785293e+02,1.689950870863437160e+02,-1.536969936822789862e+01,5.601295688753199897e+01,1.357270203492183782e+02,1.774063068115783040e+02,1.345307243475180314e+02,1.563546066861346731e+02,2.295093216044359110e+02,2.175933081378692577e+02,2.710522848834754086e+02,1.821448574033009322e+02,2.543312289535098785e+02,1.816397336940439686e+02,8.434017987730484833e+00,1.574158454628753923e+00,-3.188043350687260045e+02,-6.237502462270657588e+01,4.275839606954718164e+01,6.938063515413496418e+01,-5.557939225672343753e+01,-1.010657951813644218e+02,-9.162871142543721703e+01,-2.151814970171891872e+01,-1.303781560536002644e+02,2.717659144939604232e+01,-5.214098622828129237e+01,6.129929816722784608e+01,-3.588220526186719894e+02,-1.400881510670473062e+02,4.304371445434765064e+01,-1.869298428994850951e+02,-1.650213979117697818e+02,-1.333409706457968582e+02,-1.840579025799193573e+02,-4.143380188406118236e+01,-3.146887238060731420e+02,8.955615433674159931e+01,-7.414940288743719066e+01,1.523203678098126375e+02,4.095975654751347861e+01,2.543744475821424089e+01,5.552325055261420061e-01,-6.649406952364040535e+01,-7.193966432324127425e+01,-1.909813901732509294e+02,-2.806224265049982591e+02,-3.852065991794096931e+02,-1.700913943749882264e+02,-1.893420662538367765e+02,-2.409321103439289402e+02,-6.384304579084198394e+01,-1.114101794830627767e+01,5.973664299050879833e+01,-1.215539749510417806e+02,-1.453912798323905236e+02,-1.538557874945190633e+02,-8.398240972220744993e+01,-1.511244674032350588e+02,1.110717180701484494e+02,-4.243521409098553931e+01,6.266340438807574742e+01,-5.981246768138175440e+01,-2.100212649289583453e+02,-1.119260762322278850e+02,-1.200983556469772680e+02,-1.326881738146936982e+02,1.751872669223857315e+00,-1.215388185132153751e+02,-9.297167029994210452e+01,-1.399103989375348647e+02,-2.702640455554102346e+02,-1.375951817243693824e+02,-1.825367575870095607e+02,-3.791136142322012006e+02,-2.271293031073733744e+02,-1.714790497743433377e+02,-2.367153128222235523e+02,-2.872860836802562403e+02,-2.393843595948795269e+02,-2.146729843613675257e+02,-3.210517589997374444e+02,-3.178964121970972769e+02,-2.308801513452440588e+02,-2.246994813525128620e+02,-9.096878864177178059e+01,-2.405175729374963680e+02,-2.022331531024395588e+02,-1.399594325097683623e+02,-2.009496098798717014e+02,-2.464606594775495978e+02,-3.946553826618253424e+02,-3.828314322305047881e+02,-2.592883233066778530e+02,-2.076776616602711556e+02,-1.867844584525743130e+02,-3.096167104787095354e+02,-2.671843248838026739e+02,-1.352126953992355709e+02,-2.018340519536214970e+02,-1.611484206386278402e+02,-2.315423771051512176e+02,-3.597320441799175796e+02,-3.308185770049510666e+02,-2.155934446914328362e+02,-3.008019463319169517e+02,-2.824471594825109264e+02,-2.138134600302410604e+02,-2.396831569425137900e+02,-3.780846470029286479e+02,-3.996175841641191937e+02,-2.288217084935105277e+02,-2.823270809467920799e+02,-4.669793321094302883e+02,-4.157892645278835744e+02,-1.610483320901849140e+02,1.205543900139616369e+02,-3.537095981143204426e+02,-2.505773678819116981e+02,-3.243558749180567702e+02,-4.034951033045264239e+02,-8.539182099247723272e+02,-2.116139623306407458e+01,-1.869863142728156618e+02,-4.035945060293969391e+02,-4.648304553610834660e+02,-1.080875601059743758e+02,-2.185383796333528039e+02,-1.932985581869537839e+00,3.275093338597555999e+02,1.451514004766280053e+01,-2.468265033047073018e+02,-5.034305478750077611e+01,-3.302367809236768892e+01,-7.260044455727802415e+01,-1.941794879492169059e+02,-1.419726238438501866e+02,-1.148088235967666293e+02,8.097589692153226792e+01,-1.189941655833463727e+02,-1.386923627689580485e+02,-6.005024044484008527e+01,-1.693866177880304917e+02,-3.994417210742601299e+01,-1.505086136470019085e+02,-1.563146190109914926e+02,-6.498680861348275073e+01,-1.324120646311855296e+02,-1.856378863101493835e+02,-1.163137940928144332e+02,-3.783012953089000803e+02,-2.193989136939487139e+02,-1.049859378179587424e+02,-6.420793211343573148e+01,-1.906017464145870690e+02,-2.325441175101404383e+02,-2.465178946326635412e+02,-3.447185086601128887e+02,-3.056594627147052279e+02,-2.222696595833704123e+02,-2.325841535964182185e+02,-1.417040204243999710e+02,-1.215393485311295763e+02,-1.402262990014734214e+02,-2.331786240891055968e+02,-1.125686819090654183e+02,-2.521899354917462688e+02,-9.157243175220018827e+01,-2.504495451606817937e+02,-2.973860472329425306e+02,-3.156958179709571866e+01,-1.665278684169643668e+02,-1.434937145182336451e+02,-6.082717684140666847e+01,-1.014133252695890235e+02,-1.068138712367788230e+02,-3.604293125230980195e+02,-2.458084012372451355e+02,-2.866611472778570828e+02,-4.154072245341377538e+02,-5.049291188720137029e+02,-5.001076813280387228e+02,-4.210904286831333820e+02,-4.420866854855950692e+02,-3.695410709868459094e+02,-5.269204143598846031e+02,-4.968181411233128983e+02,-4.330051614324058846e+02,-4.992301523804932799e+02,-5.117318042797560338e+02,-5.860372373382776914e+02,-5.840551049753153166e+02,-4.985578209651554289e+02,-3.978139599106114019e+02,-4.025579248121987348e+02,-4.729671821974985733e+02,-3.369121985335315230e+02,-4.555080246883077280e+02,-4.019074527734533149e+02,-5.426146234179727799e+02,-5.057598934592542719e+02,-4.991117918427005407e+02,-5.059005732112917713e+02,-2.919052802811494303e+02,-3.543511863857494859e+02,-2.678703937796327637e+02,-3.519725297228152385e+02,-3.044691679754711231e+02,-4.326351236150674708e+02,6.985817088790284402e+00,-1.918518618346713538e+02,-6.280067629700828320e+02,-4.399324771015864144e+02,-3.110147948335277874e+02,-1.640198652769299201e+02,-4.052602692405959033e+02,-2.736212719654290026e+02,-2.289591022131199622e+02,6.436773165707991851e+00,1.585215478626180925e+02,1.522338064647205442e+02,6.689353565268208968e+01,7.338718965022950158e+01,-7.876021182782091046e+01,-2.141205882593953902e+02,-1.833261146036033153e+02,-3.255453971999944542e+02,-1.875579136280902048e+02,-5.868968994255332916e+00,-1.739304823679326262e+00,-8.494279489129549177e+01,-1.544803377037442829e+02,-2.934364664132398843e+02,-2.388934727869646792e+02,-2.577099110242623965e+02,-3.055578741590435357e+02,-2.095014821524153490e+02,-3.016065110635526594e+02,-3.183439763402134304e+02,-1.414546260233662736e+02,-5.181837472107187068e+02,-4.970900958714143485e+02,-3.268387751061568451e+02,-4.937117399926565895e+02,-3.839422558098227682e+02,-2.986360875520400668e+02,-4.206677790821659073e+02,-4.165152709923324892e+02,-3.559021565631154544e+02,-3.833962419378261757e+02,-2.911330169227206852e+02,-3.472779378471938116e+02,-4.131385226767685594e+02,-3.953842752929934363e+02,-5.186031352195082036e+02,-3.331905653639089451e+02,-3.583813267341208757e+02,-4.315857704792020968e+02,-5.237338343101567943e+02,-3.621792138952898199e+02,-3.669248842727322995e+02,-2.946748206631104381e+02,-3.323709381417498889e+02,-1.067524993626131788e+02,-2.799491601078257759e+02,-2.868413579537367468e+02,-4.676209336362034037e+02,-3.025212090517215984e+02,-3.488780382468928565e+02,-4.820442282543189094e+02,-5.206563442214404631e+02,-3.463306486920526481e+02,-3.182682659507568133e+02,-4.765938874988463567e+02,-1.906307131510024817e+02,-1.523212239768724885e+01,-2.371993817220674714e+02,-2.744960024458897010e+02,-2.381031517692082957e+02,-3.653256777814044653e+02,-3.419831692519655348e+02,-5.236931019280325472e+02,-2.662986779592345101e+02,-4.393592736950478184e+02,-5.105039154783909225e+02,-3.788345185964932398e+02,-4.098703593410938311e+02,-5.490947495872492254e+02,-2.885996952837897993e+02,-2.323131451052033185e+02,-3.877016490767384767e+02,-3.284100607498967292e+02,-1.599919105529809258e+02,-3.721016679630330373e+02,-4.829481944142371503e+02,-5.093953856942080165e+02,-4.329318334335769123e+02,-3.495225412949042152e+02,-2.400304560403921244e+02,-2.845379962518137518e+02,-2.543132276015917910e+02,-1.878735460181090389e+02,-2.105421461094043138e+02,-1.156341163088946331e+02,-1.586233330696417170e+02,-3.620354894029903789e+02,-2.237334806311058060e+02,-1.389083192511577636e+02,-3.162351245947212419e+02,-3.810828825911833633e+02,-2.550946953718787711e+02,9.062509985416156155e+00,-1.928334226346349851e+02,-1.809569047545789999e+02,-3.677226549998644032e+02,-1.529906441310144487e+02,-3.101629152634632192e+02,-2.511405438746251946e+02,-1.649089850392782068e+02,-2.579193051461051596e+02,-5.060224985023104978e+02,-2.151166751735465255e+02,-3.272634864536079817e+02,-3.624143251117156979e+02,-1.096066718397161566e+02,-3.034285428110046610e+02,-1.741750609929290192e+02,-2.074303877915562566e+02,-3.020848583381422827e+02,-2.698958985439408593e+02,-2.579682782718098224e+02,-1.039886019501133347e+02,8.472832911522166910e+01,-3.338895356137269488e+01,-1.871849245606340446e+02,-1.938018187471413398e+02,-3.260060544947143057e+02,-1.794117936291879687e+02,-2.181128687129951231e+02,-3.061789865947757789e+02,-6.227359721845575677e+02,-7.192152707222182926e+02,-3.291615327542312457e+02,-1.642583888619915911e+02,-2.364074183861357312e+02,-5.030003398021742669e+02,-3.889623580921488610e+02,-2.663635518785630438e+02,-3.725881387230653559e+02,-3.159157406132584356e+02,-2.241607305046674981e+02,-1.580422599218573225e+02,-2.545580853519463176e+02,-2.055973214126044013e+02,-1.365363266254952919e+02,-2.037748209215619681e+02,-1.678231359100169584e+02,-8.996921277391886917e+01,8.021040050991032899e-01,-2.223695810443962557e+02,-2.682857979718605179e+01,1.693022104229143565e+01,-7.658678872921026937e+01,-5.267332210241423951e+01,-6.054279578685456897e+01,-1.824338928875022248e-01,-2.255821315377704082e+02,-1.390215996116248789e+02,-3.242031140825222479e+01,-3.906684693437658780e+02,-3.854445055971672218e+02,-3.867277966079632847e+02,-3.158455713082972807e+02,-2.896279477151161927e+02,-4.781491260162082995e+02,-5.033325947074330884e+02,-3.860092349372609988e+02,-6.101149922314907599e+02,-2.794300696914501145e+02,-3.842822570576433918e+02,-4.862899538026717323e+02,-6.490962759921968654e+02,-8.529798437757335705e+02,-4.547412800382122668e+02,-6.832145087094422706e+02,-5.046777619187301980e+02,-6.732877668174533028e+02,-7.522556248614439482e+02,-8.911652741675296738e+02,-1.005993474364305257e+03,-7.366567575643878172e+02,-6.049955404638185428e+02,-4.510321724147323721e+02,-4.087214657942100189e+02,-4.320555014777988845e+02,-7.144198572701307057e+02,-6.172388660421693203e+02,-5.135644231493445204e+02,-7.461194986175764825e+02,-5.120638461418620864e+02,-5.326865614977631367e+02,-5.468018109250772341e+02,-5.995363206713814179e+02,-6.047657689840842750e+02,-6.271494797817485960e+02,-5.194284861160584796e+02,-6.857255345201792807e+02,-2.786896840150651542e+02,-2.910540029271696767e+02,-3.813795246355063568e+02,-1.181128789358212714e+02,-7.651798015475995385e+01,-1.638058923477657345e+02,-4.290746487354197143e+02,-6.021287028566140407e+02,-3.037416348892138558e+02,-2.669887160786797722e+02,-6.895476333680906009e+02,-7.944489512741798762e+02,-3.637333265278721797e+02,-3.897686861298154781e+02,-3.431761080862040671e+02,-4.380171188913810738e+02,-4.618284771433275750e+02,-5.498713081230191619e+02,-6.544236359337262456e+02,-4.397618803749160179e+02,-3.510891343732708378e+02,-3.614444119768925248e+02,-5.247648145096336521e+02,-3.493846736653064227e+02,-1.974384289786487727e+02,-5.114788184049203892e+02,-4.421323983698095503e+02,-3.645095951837161010e+02,-3.431204102175209982e+02,-4.730485979568936727e+02,-3.524430057952874336e+02,-2.113704075401637965e+02,-3.321596587445634441e+02,-2.932136936649202426e+02,-3.532678464796147182e+02,-3.619498563206891504e+02,-4.002931988223823510e+02,-2.272247168119760659e+02,-3.667539855639109874e+02,-4.444669978134432995e+02,-2.416964488390029260e+02,-4.294438136633848444e+02,-4.268008618587202818e+02,-3.889524400067841725e+02,-4.247925858780513977e+02,-2.352030010200854520e+02,-2.688554397531420364e+02,-1.446321599926551471e+02,-1.406607992789225250e+02,-2.460014582868835191e+02,-4.523544373964476790e+02,-3.305111708783478548e+02,-5.470712700926677599e+02,-4.979791500555440393e+02,-4.386294285538704116e+02,-3.629255383552149397e+02,-4.352434877201337713e+02,-6.390277791033638550e+02,-3.886274729843059959e+02,-2.898360005392862604e+02,-3.531993513695623506e+02,-4.655183097027486383e+02,-3.327092076229114355e+02,-2.759033833649228882e+02,-3.060564878357388920e+02,-6.277831062764936405e+02,-3.300534323879437579e+02,-1.777351826913135255e+02,-3.490624292544669061e+02,-3.296610066392817657e+02,-2.623729038081820590e+02,-2.587251674282504723e+02,-5.089081104463931524e+02,-3.708134081964910820e+02,-3.830667010495529894e+02,-3.330168039202118848e+02,-4.800621376125678808e+02,-3.058869263531275919e+02,-1.936770618718056198e+02,-3.038600655375353199e+02,-3.107248536349822530e+02,-5.078193070851762627e+02,-2.921584622129972786e+02,-2.805282871454390943e+02,-1.404080383681250055e+02,-3.079232238283813103e+02,-1.435885819010890998e+02,7.432880733780078231e+01,4.514536485219244355e+01,-1.578598927702619292e+01,4.962931099629331300e+01,-1.475927274416441151e+02,-2.826176198439520704e+02,-1.910272344570828409e+02,-1.077090376982206124e+02,-3.183097474653190773e+01,8.479590822804998140e+01,-1.080525970463249195e+02,-1.462172146591974808e+02,-2.354204713154426827e+02,-4.085155484789351021e+02,-3.316588054096515634e+02,-3.261749227636032060e+02,-2.407432000496122555e+02,-2.145064865421512934e+02,-2.554704575087669696e+02,-4.002360936771122510e+02,-3.447968099845682559e+02,-2.675794909156858807e+02,-2.671979088688520960e+02,-2.219040092350962254e+02,-2.676709090975895720e+02,-2.526325379047912350e+02,-2.604490870759057088e+02,-3.311753217635980491e+02,-2.183446178948597094e+02,-2.147324738994078359e+02,-1.926053236730595017e+02,-9.572942673235591826e+01,-1.814350859374881964e+02,-2.184196772436870617e+02,-1.210369750651269385e+02,-8.207546219745321991e+01,-8.349410320321374002e+01,-1.424977709883977468e+02,-1.243176469933821977e+02,-6.032883645500339753e+01,-1.580495029940069287e+02,-1.739785426274511622e+02,-1.038297957074556166e+02,-1.755984514873176749e-02,-3.182329462350403446e+02,-2.895794332067858932e+02,-4.857517900193697642e+02,-3.429601751034384733e+02,-2.272793855487644805e+02,-2.280422616650879490e+02,-2.751430283335496370e+02,-2.283120082679771485e+02,-1.287240486488587976e+02,-2.370239888016382679e+02,-3.973213137921426323e+02,-5.581027851517593490e+02,-2.053187111593239820e+02,-1.833061916453712854e+02,-3.420685692111509866e+02,-3.801683496996719214e+02,-2.646771865903581329e+02,-3.535676734077582637e+02,-7.375440757564047090e+02,-2.778552011503168160e+02,-5.101481373688579879e+02,-5.513248873956457601e+02,-4.049620816350990253e+02,-5.343690268617638139e+02,-3.908367352024824299e+02,-4.021683594150774752e+02,-4.341786377786776825e+02,-3.709699001405668639e+01,-1.213833745145143439e+02,-2.664486028767230437e+02,-1.388285754217850752e+02,-2.003380855317046212e+02,-2.093145072183103537e+02,-3.704766149067484662e+02,1.343016257877675912e+01,2.402182596353554800e+02,1.959441972521981654e+02,1.652332590664845213e+02,-2.084553352061931832e+02,-1.904227895822040466e+02,-1.191164786626585226e+02,1.226335094151671967e+02,-1.159784799074243722e+02,-1.673785878071124955e+01,8.217315100149571094e+01,-6.587383316077850282e+01,-1.190864596214409943e+02,-2.664933578788615591e+02,-1.567875029614099560e+02,-1.938459687717583506e+02,-5.010975981727869311e+01,-8.483725573013110477e+01,-6.278651386370407295e+01,-2.004166354253390239e+02,-2.277263117928524139e+01,-1.829182998791662840e+02,5.329808000050002192e+01,-5.886266208395873889e+01,-1.003709150966032837e+01,8.265959049901978517e+01,-1.993833932952872345e+01,-1.622969568384008880e+02,-6.541838546748489591e+01,7.220502316613588789e+01,2.737066681734924956e+00,2.311263063847308530e+01,2.018405662545268626e+02,-1.500415207941649669e+02,-4.726896006664871663e+01,3.398989810564897596e+01,-1.209026568557575558e+02,1.370339799849030271e+01,2.099533980081957907e+01,-1.952438967824153906e+02,1.400135422306651378e+01,-1.269386151905125644e+02,1.902524756247492235e+02,1.994582134171550933e+02,2.246312532735375385e+02,1.948056799355480848e+02,1.246544935503205522e+02,7.650607747746875020e+01,2.649396423195817363e+01,2.582132244615036143e+02,2.794584106454846051e+02,1.097474565077114903e+02,4.668078150777085966e+01,-5.399305357084651291e+01,1.184785482064733770e+02,1.865418872253032845e+01,-5.468718764649074160e+01,-3.676652458992330708e+01,1.118946250357515737e+02,7.017413801180688893e+01,4.623745273545708301e+00,-1.188402661866859944e+01,1.890988285206628916e+02,3.090676505711354594e+02,7.064326806578431217e+01,1.289386464566118207e+02,1.425823878762657841e+02,4.098400317537028172e+02,3.052376541711892060e+02,3.714395859057495954e+02,4.358780567382970048e+02,1.509723327144604355e+02,-2.565171611335655655e+01,-9.492803078039105458e+01,-1.042054652175005458e+01,2.278064999766793903e+02,1.345967154500129084e+02,1.879775143038499721e+02,2.310327068822706167e+02,1.308351326978956592e+02,-1.400593580613816158e+01,-6.191365423032068094e+01,-2.671889191578564748e+01,-2.577830688782617941e+01,6.123074843993598648e+01,1.175278444985104898e+01,4.820387750446681707e+01,1.686457522880473050e+02,-8.397959033333833645e+00,2.094066336837065023e+02,2.308413381468127454e+02,1.489178776675338440e+02,1.100501916571026584e+02,2.689540887281253845e+02,1.359985727629623398e+01,1.378285526782889292e+02,1.663720453351153310e+02,2.852901403009925616e+02,-1.221036463538306265e+02,6.610490119884644855e+00,2.695881641834631637e+00,-4.598007746147511909e+01,-4.826387399806527867e+00,-2.422640719277522336e+01,8.110845705855625454e+01,1.276371913761282286e+02,7.105029840297723354e+01,-8.891886042814562074e+01,-7.887167304217285846e+01,1.696978125891331786e+02,1.451274501684566474e+02,-4.380268985981111030e+01,-1.902394444886292035e+02,2.119600188966127519e+02,1.913051521353525857e+02,-8.920709611322872945e+01,2.036201549004255469e+02,2.867294204778057747e+02,8.869186118125219309e+01,9.502458954292565352e+01,1.251264649197381829e+02,6.496513917437175678e+01,4.347613202233768703e+01,2.938665886850566977e+01,2.660325747814070496e+01,1.168216403694210328e+02,2.121537442131782569e+01,2.723753955742683530e+01,5.221694643123052515e+01,-5.434170057205017201e+01,1.131170110350980735e+02,1.963680938931228184e+02,1.105880461169084583e+02,1.228851331571972452e+02,-1.508091657467652880e+01,7.557965579665136602e+00,9.828372845668553737e-02,-8.023160847847992727e+01,-2.679781752160752148e+02,-1.990124731546765702e+02,-2.032127886761636546e+02,-1.191121197785298307e+02,-1.606697162865233786e+00,-3.431837004158945774e+02,-9.983133769211102049e+01,6.337383350729402309e+01,1.161225536282163091e+02,-6.068141675159937876e+01,-9.134715100058848236e+00,-2.989146818264966896e+02,-3.169810122541846908e+00,-6.583041918201982412e+01,-2.332499416174538567e+02,-2.837704278795802679e+02,-9.153209396795588759e+01,-2.340807561844831355e+02,-2.859915320636718405e+01,-2.259385954673148262e+02,-1.914370767534060178e+02,-1.036234471766606760e+02,-8.446620413537483785e+01,4.818517781317555659e+01,-1.131136662120231051e+01,9.372723023586516433e+01,-1.788629963968071195e+02,-2.356215536850369574e+02,-6.759874464382549775e+01,-1.794712529800512471e+02,-2.363503813737744963e+02,-1.666260626745816182e+02,-5.010034917736169291e+02,-2.106260334229394857e+02,-1.845949298602523072e+02,-1.178089917649025864e+02,-1.691463870346428280e+02,-1.456312407970877416e+02,-6.473716880264316842e+01,8.345661081551277505e+00,1.923048870438155120e+02,3.528888353163817726e+01,-1.381254530427389966e+02,-1.454042489336501660e+02,-2.438728651117306470e+02,-7.450454190798734544e+01,-3.112868139388019131e+02,-2.185660419290689731e+02,-1.805882062031642477e+02,-2.030258575688191627e+02,1.274116868034833487e+02,-3.525380008591535841e+01,9.286994981251847037e+01,-2.092109889905250384e+02,-2.024243756955432048e+02,-1.554489251757368322e+02,-3.082735361570410646e+02,-5.221125077893244679e+02,-1.444917750040632427e+02,-1.432444158660802032e+02,-1.509988734845981639e+01,3.294513955905387093e-01,1.600364061635440862e+02,3.027882987190427144e+01,-1.899237336439247770e+02,6.477752919377894614e+01,-9.932451422728537693e+01,-1.483653095779467890e+02,-3.314677451167550544e+02,-3.658944708149272742e+02,-1.010106691378779971e+02,-1.990036096647769170e+02,-2.045070329572390619e+02,-2.401693447191863129e+02,-2.604102576470633608e+02,-1.898991639989321243e+02,-3.304704894807020423e+02,-2.279113562373065065e+02,2.875518462786713059e+01,-7.522895500162934468e+01,-1.581011170319851828e+02,4.218364154043341330e+01,-3.183738283493080701e+01,-1.923538943926400293e+02,-1.996730313472184832e+02,1.441804058890118085e+02,-7.795434150470217105e+01,-3.483022841659733899e+02,-1.636142415279809654e+02,-1.653343128452088990e+02,-1.839707485137673757e+02,-1.422574870340365578e+02,-2.150638933265605033e+02,-1.385571080291358612e+02,-3.315466962979466530e+02,-1.688820948846531849e+02,-7.397591569273826906e+01,-8.554117294301180152e+01,-1.586279441535696719e+02,-1.179596854752362276e+02,-1.777541025105987273e+02,-2.095117757684344042e+02,-6.849823269495033173e+00,-1.563903681524861611e+01,-5.526321759980772441e+01,1.277756089618974755e+01,1.017495827826422072e+02,8.966607014036192425e+00,2.609214850657735951e+02,1.711616576956691347e+02,1.517687884823266131e+01,-7.948169768852184802e+01,2.945959398706057186e+01,3.429027167183594571e+01,-6.367252235455225673e+01,2.172376852726243328e+02,1.806020356728701870e+02,1.721175860627841985e+02,1.508223404606358713e+02,3.087312672913385825e+01,1.367833934226110557e+02,1.199139510772379396e+02,1.696815225850515105e+02,-8.776169858261489765e+01,3.502479424796219973e+02,3.544123145659980310e+02,1.500878595905374482e+02,2.211938429194953812e+02,1.680258896377148403e+02,1.289627250814139643e+02,2.087437089516631374e+02,2.403629511516843422e+02,1.566551098174901995e+02,2.100617900678129217e+02,1.850438688804831315e+02,1.777113800436078463e+02,2.176098293388248521e+02,2.015852461028169955e+02,2.003860495823757333e+02,1.902700830926117987e+02,2.076280388370000196e+02,1.997001767694779346e+02,2.501959037855812653e+02,9.874377768999769955e+01,5.975255499538776149e+01,1.688608123060563457e+02,1.636868959630666609e+02,1.015329261610329468e+02,2.852824733085043363e+02,1.868223190244200396e+02,3.226032809849556315e+02,3.808522214699412416e+02,1.798203176137570267e+02,1.325083507328453720e+02,1.836901285386077802e+02,1.311121825521774440e+02,1.010472717699167902e+02,9.201870033145739569e+01,1.039537381182309446e+02,1.935919708157775290e+02,2.920595224302622910e+02,1.774504948050093276e+02,1.243448304020352282e+02,2.546667978486651407e+02,5.992282035781730087e+01,-1.204906916340565601e+02,5.779636061526151281e+01,2.569953555055836887e+02,1.898423944432925339e+02,2.321428585228149899e+01,1.994879144596691845e+02,3.278411969954640313e+02,1.659056988550245819e+02,2.467579091886018716e+02,1.127673941903498189e+02,4.131285584993216986e+01,4.930270746762219858e+01,4.854667843698130980e+01,-5.046189307958401571e+01,1.346727450477968659e+02,1.135017422098192696e+02,1.893626885851628572e+02,-1.990368913804759998e+00,-2.985452462580965260e+01,-1.007247351165337648e+02,-5.597987148377448818e+01,1.001505397827568515e+02,-3.525573652685362447e+01,1.501196772693172079e+02,-3.264957687916925977e+01,4.670728686318717848e+01,1.824894347948201556e+01,6.168142504081295385e+01,-3.203760930125055495e+01,3.038411738003291873e+01,-7.347455686967461475e+01,-7.421089495649451351e+01,4.556362288973380004e+01,1.710731897827690204e+02,2.965565160018608140e+02,1.178973682102835454e+02,-1.059382598122861623e+02,-5.348241707551291313e+01,2.864828816290346936e+02,2.577059850084369828e+02,2.258932992105004018e+02,-2.126590881329524763e+01,6.517378380923481984e+00,-2.265100808009139826e+02,4.938786890876608027e+01,-3.447654828168448660e+01,3.715559665974497960e+01,-4.256661053167303521e+01,1.301780712926657202e+02,1.053430491507032229e+02,-4.232915491121985951e+01,1.203969375330692628e+02,4.043161544414788011e+01,9.606853240343255607e+01,6.010197178289226372e+01,1.797490274751332890e+02,1.357453241897967473e+02,5.073393143633682101e+00,-6.006547981566194494e+01,-2.420195802685854574e+02,-2.092327061056228104e+02,-5.972471865782519984e+01,5.141834637293332833e+01,1.771927686798398724e+02,-7.379415168493768995e+00,-6.698881885511222833e+01,1.344845974948802336e+01,-3.468267359616244505e+01,-1.513408346438972103e+02,-2.111861557063257351e+02,-2.051240741136630277e+02,-1.673674494777361588e+02,-1.228084561161269477e+02,-2.403495768491659419e+02,-2.012034338751057874e+02,-1.646432538948785975e+02,-8.785344167917109814e+01,-9.200269836399213830e+01,-2.702433292229422932e+02,-1.654903214922650534e+02,-8.760968677590479103e+01,-2.084561856118469905e+02,-6.672118486382828451e+00,-1.463453277021711756e+02,-1.206113555179141201e+02,-9.020843768808475716e+01,-9.990107070997724747e+01,-2.118274081753488076e+02,-2.243472302343673164e+02,-1.486796668772972794e+02,-2.373409694047490461e+02,-1.485320734506488805e+02,-9.940742274735239903e+01,-9.913358872835584634e+01,-1.625206782589374654e+02,-5.366563541669071924e+01,4.904522673113848441e+01,-2.349310586300865111e+01,-9.857176793682739913e+01,-3.351377169034443568e+02,-1.295945271500784486e+02,-3.606870772597965811e+02,-2.310310296041677702e+00,-2.179048206410215016e+02,-2.576397131058359946e+02,-5.656491959918321299e+01,-1.810614349035708415e+02,-2.507363116301563650e+02,-1.698422082311884651e+01,-6.811404243388895452e+01,5.522722870613006307e+01,4.902048277135024250e+02,-1.128332830966573397e+02,-1.716753950695269850e+02,-2.664631121309234629e+01,-6.727884508032349231e+01,-4.363015042123578837e+02,-3.527552501960470863e+02,-5.190064113914871768e+00,-2.948253970954117449e+02,1.384382130455719562e+00,-1.839252226747333339e+02,-2.478195328059620550e+01,2.767972320239428541e+01,2.789000285425663250e+01,1.867049873721431652e+01,-7.499841777075737070e+01,-2.365531378955112984e+01,-4.634022202191485462e+01,-1.050794773773729105e+02,-1.004699258104076875e+02,-4.147375615588524056e+01,-3.364312517037578232e+01,-2.959465571502190073e+01,-1.375462065512315917e+02,-1.295090453237455677e+02,-1.320379686003761890e+02,-1.066607713721004842e+02,-3.143069048920655746e+02,-2.711805982067191394e+02,-5.419195740758223110e+02,-2.180725252404795071e+02,-2.365017716993100407e+02,-2.741300828891165224e+02,-2.071669489986400094e+02,-2.638810596431587783e+02,-4.017402679929758165e+02,-5.093864270263781009e+02,-4.922955254358017783e+02,-2.353302029756511331e+02,-4.479739529119833605e+02,-5.131751108628984639e+02,-5.385960058266805390e+02,-4.166485214294644948e+02,-6.413376896712628650e+02,-3.688623326362989019e+02,-4.382336606143554718e+02,-3.362316222149994474e+02,-4.671338578735489477e+02,-4.792843063054867798e+02,-3.178002152552641064e+02,-4.250051444784641603e+02,-3.597259703438538168e+02,-5.801961852322880304e+02,-4.871036917098442700e+02,-6.061587931324140754e+02,-5.930422695835798095e+02,-6.501572016861315433e+02,-6.171416522520615899e+02,-4.160017745107005567e+02,-3.804683911367884548e+02,-4.616757560660177546e+02,-5.195234921815242615e+02,-3.355633554943839840e+02,-5.320903767472711934e+02,-5.233341241666851147e+02,-3.445291156273047477e+02,-3.344572052357947314e+02,-3.567343708734386496e+02,-4.129288267511652748e+02,-4.180424353771137476e+02,-7.510017789222022202e+02,-7.039388204728434175e+02,-7.201734552670426410e+02,-6.729602435610130442e+02,-6.901715616785592147e+02,-5.088381315067284163e+02,-4.174610515656355574e+02,-3.988860692988816368e+02,-5.891309673670350548e+02,-6.899561203845391901e+02,-7.644150398353331184e+02,-6.626959031331724645e+02,-6.341246376161076341e+02,-6.306875814140375951e+02,-5.381836085900688431e+02,-6.517884996311986470e+02,-6.851435374064113830e+02,-4.622201447847018017e+02,-5.633163897434222918e+02,-8.305750626193257631e+02,-7.639256507947214914e+02,-1.039926191167455727e+03,-9.868165150063460942e+02,-1.011969275473790276e+03,-9.729850109637534388e+02,-1.038250793194050402e+03,-8.895736433195258996e+02,-8.349027446593378272e+02,-8.270984216430207425e+02,-8.228115956761212146e+02,-7.072940882893085472e+02,-7.516999527262887568e+02,-8.766451577196872904e+02,-8.102287970419147314e+02,-6.336137971623979865e+02,-8.340320045307728378e+02,-9.570525492516344457e+02,-9.425832884049609675e+02,-8.877182032400612570e+02,-9.622014392429309737e+02,-8.036251173275632027e+02,-6.987540709357122068e+02,-5.967951060096843321e+02,-7.727942896730953635e+02,-8.317650091355208133e+02,-6.882748276334598359e+02,-6.041941839859069887e+02,-5.638125498518177210e+02,-7.746780035669464723e+02,-7.582802922830526313e+02,-6.823696046613863473e+02,-5.968798064458967474e+02,-6.343641066896155962e+02,-6.428925055760885243e+02,-6.383104653257430527e+02,-6.476715984081276929e+02,-7.482214971488829178e+02,-6.281672338743335331e+02,-5.919090285628030870e+02,-6.669943446103825408e+02,-3.887126781145074119e+02,-4.216894812246263200e+02,-7.671855214708932635e+02,-7.959167151538271128e+02,-8.781866380175279119e+02,-8.345335196886809399e+02,-9.569974101092834644e+02,-8.953830451437843294e+02,-7.519802409664860079e+02,-8.473073057025392245e+02,-1.141565588610823170e+03,-1.079015624634459073e+03,-9.862499634938017152e+02,-1.017438099760943942e+03,-8.651444047044219587e+02,-9.636691022732704823e+02,-6.995950986789531498e+02,-6.449310120866152829e+02,-5.428131784382172782e+02,-9.391710754105172327e+02,-1.117847823357067682e+03,-6.979477979413196636e+02,-7.037022122564934534e+02,-1.010674068622773007e+03,-1.041391484062404743e+03,-8.099779130909507785e+02,-9.465078885257125876e+02,-9.848178795943442765e+02,-8.841525414573593480e+02,-8.329693847300750349e+02,-7.828652867488383436e+02,-4.063023397785979114e+02,-4.483442435662885828e+02,-7.318803169007092038e+02,-3.883497385604401870e+02,-5.161590351881297920e+02,-5.668233883182158479e+02,-8.647916634310572590e+02,-1.351342582702895243e+03,-1.140181087669089720e+03,-8.666096497506665628e+02,-3.418713579955016257e+02,-3.968082871528530973e+02,-3.756423720728154194e+02,-3.729413532045281841e+02,-2.841626635516155375e+02,-4.617478624881761675e+02,-4.866676915294372066e+02,-5.590219998709484344e+02,-4.063122824248382585e+02,-3.298744353788146668e+02,-3.525118601917500882e+02,-4.547728664363279449e+02,-4.448660700558775716e+02,-7.147843200961847288e+02,-4.933374220067871647e+02,-3.122997042057757540e+02,-4.636672931267335116e+02,-2.847912582624905440e+02,-2.822269025049097309e+02,-2.275435268361873113e+02,-1.781649638537941200e+02,-4.121320625338814807e+02,-5.871878264104201435e+02,-5.489838377568732994e+02,-5.330174489061055283e+02,-8.616349884498581559e+02,-6.871550689551443156e+02,-4.469932750030029638e+02,-5.898492524243553135e+02,-2.576847148480572969e+02,-3.478410607848787777e+02,-1.374421291975932036e+02,-3.146888583516513336e+02,-4.218987017553379246e+02,-4.946773334841834640e+02,-5.122958357768916358e+02,-2.769071573873247303e+02,-5.140342123435113990e+02,-5.865560914745158243e+02,-3.029441550415855318e+02,-8.901788497774005293e+01,-1.604535565003730540e+02,-3.749036663737688286e+02,-2.622442811862870258e+02,-2.435059381001580050e+02,-2.471253855996833693e+02,-5.453227645111091988e+02,-4.546599875570836389e+02,-3.164413027645559282e+02,-5.313997314474831910e+02,-2.249964972874426223e+02,-4.866410192637326873e+02,-2.806895684612927653e+02,-2.411273846828071044e+02,1.135818268857182716e+02,-4.383713085076292373e+02,-5.886850516882886950e+02,-4.466597938163578192e+02,-3.954420287471992879e+02,-4.112241919290503347e+02,-4.800813436572549335e+02,-3.439295107079335594e+02,-2.283518050567041087e+02,-3.814891767565358123e+02,-6.346686356906350284e+02,-5.208446613830460592e+02,-3.563948615261106738e+02,-2.965025162517799799e+02,-5.221375058673933154e+02,-5.824232776239640543e+02,-5.494474702840354894e+02,-3.132213601701606649e+02,-3.419641326984407215e+02,-3.734808352406610652e+02,-4.098559200730289831e+02,-2.323027242433433912e+02,-3.485628562848474985e+02,-3.656545709610744552e+02,-4.111443086614826825e+02,-5.268321798100256501e+02,-3.420765723938191627e+02,-4.468119166600391736e+02,-5.574180731564613325e+02,-5.951766267507193788e+02,-4.941644542584069200e+02,-4.579837210117660220e+02,-3.791921661096924936e+02,-4.537353953573590388e+02,-6.127565976315507896e+02,-5.762090002504374979e+02,-6.197877609960078189e+02,-5.893490940547740138e+02,-5.317184990477081783e+02,-8.140495405997278340e+02,-9.045916987536058969e+02,-9.873143195513389401e+02,-8.082707697761446752e+02,-1.246313802273303736e+03,-9.543087281731836811e+02,-7.912486051034136381e+02,-9.180252837902247620e+02,-8.896920381265501874e+02,-9.948022660670560526e+02,-1.112578793217476914e+03,-9.589570393463325217e+02,-9.246148241365931426e+02,-1.097104353857570686e+03,-9.689744005813142849e+02,-1.155847600598227700e+03,-1.311605106185708792e+03,-8.486904610370293085e+02,-1.107073460249223444e+03,-1.291913447043283213e+03,-1.155996827385416964e+03,-1.291990247314680119e+03,-9.616633663792345033e+02,-1.002550907631843529e+03,-8.878699044906035169e+02,-8.453142634369430652e+02,-9.729210568629059708e+02,-7.860328849407853795e+02,-7.902522383690525203e+02,-6.398305463623646574e+02,-4.343816457903263881e+02,-6.714477752187976876e+02,-5.380191584389784794e+02,-4.365128349280028033e+02,-4.363461670291370638e+02,-5.287621096764244157e+02,-6.587422524426795007e+02,-8.370252396149709284e+02,-5.800474329161833111e+02,-6.742590479549651263e+02,-6.426573834200383999e+02,-4.402034589465844192e+02,-5.839763316772592816e+02,-6.742180982018703617e+02,-4.993313499630895649e+02,-5.513016827129715693e+02,-4.859704000530875874e+02,-4.930015539509327027e+02,-3.944396565140420421e+02,-4.238365375100006531e+02,-3.339980957766634333e+02,-3.732080997021644748e+02,-2.634981678157282090e+02,-4.718985221660418574e+02,-2.237342397677454926e+02,-3.811199182435091757e+02,-2.799537496174378362e+02,-3.846597067264851830e+02,-4.619669954700836456e+02,-2.664668885811411769e+02,-3.440771641058262844e+02,-2.708386969569204439e+02,-3.189106538713156738e+02,-6.243741364712271888e+02,-4.581695879565626797e+02,-2.676393085400525820e+02,-3.567445264382963614e+02,-3.841747789251733138e+02,-3.411632061498614235e+02,-4.179428844202770961e+02,-4.772495985027244387e+02,-2.344803554890913802e+02,-3.518921243638021679e+02,-6.953319071890206260e+02,-6.360547782723508590e+02,-4.474200676106988226e+02,-4.977901430501794948e+02,-8.011202126370341148e+02,-7.610622116668605486e+02,-5.921124544745282492e+02,-5.299282234962693110e+02,-5.443323680029576508e+02,-5.696376251227420653e+02,-5.127939889113015397e+02,-5.835080547372228921e+02,-5.583620277167469794e+02,-5.239981043664886329e+02,-4.773478986937785180e+02,-5.728136249246103944e+02,-6.386382454156056383e+02,-9.047754815382797915e+02,-6.559195205947787599e+02,-6.021361051437174865e+02,-6.643640485335470203e+02,-5.035357385974837143e+02,-4.321791588904895889e+02,-6.403717335293954420e+02,-5.941321527396131614e+02,-8.394117940887451823e+02,-7.873918048703510522e+02,-6.064945145072894093e+02,-4.398492760626155587e+02,-3.340580013003863087e+02,-5.250412874523099163e+02,-5.557952089268397913e+02,-5.639888131656102814e+02,-6.728398156535704402e+02,-4.571608197100084681e+02,-3.724584071607222313e+02,-4.027154529793019719e+02,-3.200002643825235396e+02,-4.663117556645943296e+02,-3.160190383932821874e+02,-2.938127967303956893e+02,-2.310196686030340629e+02,-1.730803382220084075e+02,-5.912487226823060382e+00,1.496103685889311521e+02,-4.410250752521159257e+01,-1.969613457684467903e+02,-3.863940928173051361e+02,-2.939206501305080224e+02,-5.042041642421793881e+02,-9.598730274499985171e+00,-4.188198867725733976e+01,-9.857939376726369574e+01,4.530499780345908789e+01,-5.546290338012272514e+02,-3.942018372081726056e+02,-2.153776020551252088e+02,-2.804292924785108880e+02,-1.705434344930941677e+02,-1.629545066782361005e+02,-2.728331780735611574e+02,-2.192699030544503387e+02,-3.345965919609918160e+02,-5.123622470646957936e+02,-2.783113536168274322e+02,-6.403592762544426478e+02,-5.436606835754002987e+02,-4.136226666551473272e+02,-2.799094514472917581e+02,-2.511132790030209208e+02,-2.991891783368167808e+02,-3.044725794291557008e+02,-3.699628196276960352e+02,-3.257674579396428953e+02,-6.325542885563315849e+02,-5.216587084194592308e+02,-2.223297033939567768e+02,-3.336914837137516656e+02,-3.258657840964936554e+02,-4.611936857636206923e+02,-4.205299284445598005e+02,-3.389771165789703673e+02,-5.692383090346345398e+02,-5.135331330738373481e+02,-2.843612931399871400e+02,-2.906509954832541212e+02,-5.366990993183230785e+02,-2.535132197646860845e+02,-1.996110589953443650e+02,-2.397802263169841126e+02,-3.821906581278162776e+02,-3.628430325267976286e+02,-4.800694085644484517e+02,-5.377549811529859198e+02,-5.762960670808324721e+02,-5.322790002014446600e+02,-5.192823685425419171e+02,-5.291215332754954943e+02,-4.589711586795581297e+02,-6.523457761505200097e+02,-5.220319386048847718e+02,-7.682176634635968639e+02,-7.561833335112895611e+02,-7.407643815156569644e+01,-1.590134706089739041e+02,-3.730770359193261356e+02,-3.588552438752215039e+02,-3.887061492319323861e+02,-5.575274293444261957e+02,-5.427565820519276940e+02,-5.558904382466274683e+02,-3.642593102771829763e+02,-5.116681168370973296e+02,-4.146529480647396895e+02,-2.657406029411662871e+02,-3.010925568607518130e+02,-3.744283912982988909e+02,-2.351499166929587830e+02,-3.159854291295182520e+02,-3.252680608359490861e+02,-7.353251471640277259e+01,-4.221676168283436255e+02,-3.926978803581930038e+02,-2.988983331405707986e+02,-2.532954507117415801e+02,-2.980612521421033989e+02,-1.262987662711375663e+02,-1.136035178962529244e+02,-4.674608132963433036e+02,-7.341417550636331271e+02,-7.915978993182665135e+02,-2.021415542330806261e+02,-2.468463359013007903e+02,-3.556734936570857144e+02,-4.075005159698072532e+01,-2.743905510313293235e+02,-2.590065521711349561e+02,-4.317801160160285576e+02,2.937866965751942416e+01,-2.360401470820155510e+02,-4.548096223464399372e+02,-1.362319175595221168e+02,-3.052078590054910592e+02,-2.936953358661103834e+02,-2.740766227248103064e+02,-1.255588852962622326e+02,-1.085629118918217841e+02,-1.360981208265081932e+02,2.633220943748730392e+01,4.151583047400161774e+01,-1.043621744757794545e+02,2.701336643554545347e+01,-2.423586514912054213e+01,1.004989477629991796e+02,-1.312127035014422916e+02,2.757591286766277605e+01,4.860404120695199026e+01,-2.767921727885561722e+02,1.106166062211643180e+02,1.012180417513665134e+02,-6.249695375004793618e+01,-5.951126083655383070e+01,4.726862574888885149e+01,-6.948632588946382782e+01,1.756989392456073773e+01,-1.897895534305553156e+02,2.710221252936312339e+02,6.178301005577699812e+01,9.654998352541576878e+01,3.910749949610536191e+01,3.582970179976538816e+01,-1.043780130165377500e+02,1.127895190945432944e+02,1.940789755900797502e+02,1.695899746741662284e+02,2.637204727913212423e+02,9.019622031708611587e+01,1.171743411929271872e+01,4.403385418825473607e+01,7.601839828605952221e+01,1.500199035510685519e+02,9.753951517288410855e+01,2.807495181204517394e+02,-4.599002592019161284e+01,1.263355756891656085e+02,1.296892566805831848e+01,2.038463543517582650e+02,2.007113004343432294e+02,1.389246233094422678e+01,1.978954860836515905e+01,1.819687046012735721e+01,7.400669602992756779e+01,-1.195031769892318465e+02,3.429568764102976388e+02,2.769525826058888924e+02,3.152941688182516486e+02,1.100578078602198815e+02,-1.876906601202952061e+02,2.097834761369367129e+01,5.135026414733098932e+01,1.686950737394046200e+02,3.058713938463873774e+02,8.960221845654773176e+01,-1.100332822714554055e+02,2.667608608469988951e+01,5.648125698757829127e+01,-4.584161308629344944e+01,-6.623886499962222274e+01,1.119511527520859318e+02,-1.622960774968464079e+02,-3.920527811880363345e+01,3.518019051681327625e+01,-1.076566149656643177e+02,1.673339213429828192e+02,1.286605849195283326e+02,1.622905125032565081e+02,1.884887807636878279e+02,9.404611417043651045e+01,1.997801392566268532e+02,1.179064888836957969e+01,-6.501151946106026003e+01,-9.493020893444686692e+00,-1.146723278473358221e+02,2.987026062402762250e+02,6.038833142747317595e+01,3.415811324163841789e+01,3.004982261852811831e+01,1.087454173541075022e+02,1.715411109178077140e+02,-7.641779129765966161e+01,-3.648450414951812348e+01,-1.139757259332907893e+02,-6.773953681905697977e+01,3.384180512894185000e+01,-2.099267059448116015e+02,-1.740633232496147400e+02,5.610648497927996914e+01,-1.714794776828741192e+02,-1.253931177745508023e+02,-1.218070591296516199e+02,-2.034779534082060692e+01,1.190673140338497689e+02,1.279817298114337802e+02,2.893059168681958795e+02,1.707184814386203584e+02,1.351025289810242782e+02,4.915596655273859028e+01,2.976428118724156135e+01,8.796158843794481186e+01,4.339091044516142404e+01,-6.309168005389322076e+01,-2.428134230839162910e-01,7.034916593375578486e+01,-8.825488025708756368e+01,2.173549075853951251e+02,1.943721268783409357e+02,-3.586504968126372717e+01,6.658722299107472509e+01,1.281910817677303100e+02,1.464533108796839826e+02,-1.774435406941867086e+02,-1.457035916038253731e+01,-2.044504052420701612e+01,-1.806405599736035867e+02,-1.952367121194453716e+02,8.321961566365136775e+01,2.677623708402832747e+01,-1.033340589378796324e+02,9.423845283518561189e+01,1.270661877056588764e+02,-8.944650876219654378e+00,-1.633630315080918649e+02,-9.487740589981731887e+01,-1.383718478760022776e+02,-2.275907480450136120e+02,-1.748591600731248832e+02,-2.377643367492786979e+02,-2.337536359404742541e+02,-2.752249347213846704e+02,-3.556859121003408291e+02,-2.467511092875386964e+02,-3.998030727959902038e+02,-1.719699137299561187e+02,-2.329156805027544692e+02,-2.341504355316478723e+02,-2.173856494303349507e+02,-3.206739340234015572e+02,-2.720440839365527381e+02,-2.205669241944921737e+02,-1.800347660695896934e+02,-5.113819218954602519e+01,-2.104135351834804624e+02,-2.788783659162250501e+02,-1.656434981969806302e+02,-2.949455531827047139e+02,-1.160840172404077464e+01,-1.231247269055680249e+02,-1.340062277892367888e+02,-1.832729006622361680e+02,-5.513372323680351883e+01,-7.397066598371749535e+01,1.140158629932132328e+01,2.104890891247627849e+02,4.267027954018479363e+01,-1.035788287123802149e+02,-1.693165255646333094e+02,-1.997868582183176329e+02,-8.818280807332931204e+01,-2.065413973346146861e+02,-4.687528184367863560e+00,-7.914449595189829267e+01,-3.337429018316981910e+01,-7.329000078121356410e+01,-1.848230675031656176e+02,9.764887510052719932e+00,-1.304462765620168625e+02,-1.365096179612930030e+02,-1.074021170269711831e+02,-2.382378428923811384e+02,-2.119894025745732051e+02,-7.075663170593286111e+01,-1.155180894854011484e+02,-3.298886160749596286e+01,-1.715321710782558995e+01,-5.920640156226223638e+01,-2.300174713115650320e+02,-3.011836228841391971e+02,-3.243070782114938879e+02,-4.600811281571671998e+02,-3.475332937364359509e+02,-1.860269813547199647e+02,-4.070833415401971820e+02,-2.913452812216049779e+02,3.015718854883834155e+01,-1.930152899846401340e+02,-4.400286423010231829e+02,-2.413122156010391279e+02,-1.023127104095654545e+02,-9.467941916090720156e+01,-1.511390428744502401e+02,-1.134909077464718621e+02,-2.227890422463531479e+02,-6.434908422910254444e+00,-5.907377673798830386e+01,-1.924898951047720175e+02,-1.214679871487859941e+02,-8.695153013458670443e+01,2.189841647442554518e+02,-1.630130032562639144e+02,-2.053336785559958457e+02,8.842452621969104598e+01,7.870015475142582773e+01,1.062409643756824948e+02,2.826004197952375421e+02,9.801158579173146279e+01,-2.120032803910495431e+02,2.348571564056206284e+01,-3.061252947804157643e+01,-5.569938425402462201e+01,2.715033168323968482e+01,-2.650270493232015667e+01,4.244676457623305055e+01,-5.838333731854301334e+01,7.900226546171275288e+01,6.633174174088492236e+01,-4.112361227317910561e+01,9.930366860226139636e+01,-2.382973872444136987e+01,-1.165440410592466947e+01,1.847707622867840485e+02,2.413349831575231406e+02,8.919982556533796014e+01,1.231001577051982849e+02,1.320007223718370142e+02,1.895724058131828542e+02,7.283160785714494523e+01,1.051154729236760943e+02,2.315521923603975836e+02,2.224596563616317439e+02,2.130224835314763823e+02,2.430277083427779985e+02,1.863075302618270825e+02,2.390774345870671596e+02,1.926646323449719773e+02,1.234287457980720859e+02,1.418250759822092562e+02,3.113167446627180084e+02,1.991326201785173566e+02,3.024881201430870306e+02,9.280433883658812988e+01,6.696424858828061133e+01,2.678476080219048754e+02,3.641656372637855839e+02,3.005472582669801795e+02,2.178716974616507969e+02,2.135247525384233427e+02,2.750193322924959602e+02,3.314058487678028087e+02,2.651675376101213715e+02,1.598790005127555673e+02,1.512152513388284376e+02,4.866570855884174307e+01,3.164929639979110902e+02,2.165496981231891596e+02,3.327349337171997945e+02,1.341030383092956981e+02,1.980628997619224663e+02,3.513911343742275903e+02,2.063524368424086788e+02,3.482986536644330045e+02,4.192726778224061945e+02,3.321085483152959341e+02,2.862936493887873439e+02,2.204976229505943479e+02,-2.640457230365628760e+01,8.962171642242797986e+01,1.858024530374812571e+02,1.975461947409209245e+02,2.412908024367965254e+01,2.463200503611982413e+02,1.888099141161538341e+02,2.524743045172419329e+02,3.729901770753183428e+02,1.185656101816111629e+02,1.473085281118000012e+02,1.145386903663049907e+02,6.222623137874370514e+01,4.099965297982535617e+00,1.840856044016128976e+02,2.105865133875331594e+02,2.639923948171533539e+02,3.072034306740401917e+02,1.150266040750186960e+02,2.382902673150171040e+02,1.699041040775372835e+02,1.424437102353461739e+02,5.848615658001571660e+01,4.342506248409081593e+01,4.375339492813056808e+01,1.048544180227986544e+02,1.693386927138012084e+02,8.954468475567601615e+01,1.894052716095887376e+02,1.604741942632445841e+02,-4.344592439336778966e+00,1.226957461055927041e+02,-1.152191049612290641e+01,1.701759674663806550e+02,3.393059506202290265e+01,4.328871403059076783e+01,1.286158877448953888e+02,-1.068710418943056766e+02,-3.928710567864418124e+01,-1.191211153843817527e+01,2.751550105372023936e+00,-5.136147130764051383e+01,-9.523791162698827861e+01,3.952273433340408815e+00,-5.728882054017259406e+01,-5.820158067011674063e+01,1.815846703944501996e+02,-2.221877844191794082e+01,-8.212792061830369050e+01,5.943766568804429085e+01,1.317372938879386481e+02,1.515393273169842416e+02,1.290746961618595492e+02,8.283346900903677579e+01,-6.589966240163656153e+01,-1.878258408080398567e+02,-1.149570824007014949e+02,-3.520973935212660422e+01,-1.397558438814372153e+02,3.308915696902254666e+01,7.934598542190693138e+01,2.434307005390810730e+01,-3.830992433505187478e+01,1.439763670943322182e+01,-1.269700640847270563e+02,-6.817085432321292160e+00,-2.664232023234532676e+01,6.698801665878394829e+01,-3.938309371154481653e+01,8.189868272541578165e+01,6.209664078716250657e+01,-3.159040747997160281e+01,-3.142089094384338921e+01,-1.837825925277522288e+01,-4.522038376534050741e+01,1.146873291944751259e+02,6.309886823975816128e+00,1.848713557341754097e+02,1.664015524643862420e+01,1.240242481564508097e+02,4.788369344255967519e+01,-3.659370724969114264e+01,-8.307850517802245349e+01,-1.274279439136082033e+02,-1.273540837791414617e+02,-1.101807382591538271e+02,-1.663824549569601459e+02,-5.394367708021837160e+01,-3.218549487212555960e+01,-1.050411707169023430e+02,-1.890991705111831891e+02,-5.889006255587334238e+01,-2.082341687537486621e+02,3.877883507548261832e+00,-1.216492700135850100e+02,-2.985970632122283064e+02,-8.143503397488981932e+01,-1.502408381058837392e+02,-1.973797394853271783e+02,-1.667103212378055446e+02,-1.760432412564027800e+02,-2.408199780612493726e+02,-2.591173182007412947e+02,-2.720209294876659669e+02,-1.714872631354584769e+02,-3.172515722966012390e+02,-2.125036555826251288e+02,-3.441011939095487264e+02,-2.262462693182421845e+02,-2.571292777763592881e+02,-1.157344914457564187e+02,-3.934115892305950410e+02,-2.898595181830022511e+02,-6.234182742758568452e+01,-2.298653431312893929e+02,-2.074918830527860223e+02,-3.639853788607262572e+02,-2.665175655390025327e+02,-2.088448051103763987e+02,-8.219172597775528288e+01,-2.225217946629742301e+02,-3.326492178849892980e+02,-2.651212721548947115e+02,3.915046076465723104e+02,2.508052311681308879e+02,-1.063091662100248698e+02,-8.297928431264540450e+01,5.290815563630836493e+01,-1.985003280737433329e+01,-2.148697420565006837e+02,6.735676754192817839e+01,1.522762820042065357e+02,6.810398626233916275e+01,1.694350468348322067e+02,1.024874794091791728e+02,2.411837411870980645e+02,1.566759202707231680e+02,3.055111668888042686e+02,2.532014359352736221e+02,2.830781746332845614e+02,2.078503223130144306e+02,3.186799574145483120e+02,2.167382607266466721e+02,2.361413802454861752e+02,2.244012290662759597e+02,2.929298530175083783e+02,6.332042776816082608e+01,8.798649276061442492e+01,-1.522118839883003716e+01,-8.264484751440156174e+01,-3.758678046063974421e+01,5.871561483215010924e+00,6.236280198809885178e+01,1.603213985537409769e+01,1.058054933403456488e+02,-1.060699808441344771e+01,-4.791808302816031073e+01,-1.057372792389234064e+02,-1.081395081083656891e+02,-2.726569527556624166e+02,-2.183560695412154473e+00,-6.481333613386830450e+01,3.789666886077998242e+02,1.526915946127341783e+02,1.942175614504743066e+02,1.977964468011547297e+02,3.653242697182260201e+01,4.068105818419873287e+01,1.046867072665871063e+02,1.728728442966599488e+01,5.659931965416781452e+01,6.714151623873253527e+01,1.623754205383121132e+02,2.205592623131246910e+02,1.582830403499888519e+02,-6.178013992644324048e+00,-1.269114921665266991e+02,4.800165311790329383e+02,3.302415691042011758e+02,1.234992859182557936e+02,3.879803945267821774e+01,2.145167679647148162e+01,-8.495646518708834094e+01,1.318591365127658435e+02,1.326461800521573764e+02,6.913056657269379457e+01,1.535548942755790449e+02,-1.169394528993921796e+02,8.292856391594587251e+01,-4.152120092420756947e+01,8.294884224279626039e+01,-3.232012335425441307e+01,2.608281968950892633e+02,-4.095029129751081598e+01,-8.335827020521396946e+01,-1.575507771431653623e+02,-2.273637191288767383e+02,-3.360661079409370018e+02,-3.063600510703048485e+02,-4.499869626182099580e+01,-2.542724389087272243e+02,-2.731556531419238922e+02,-3.602202265111478710e+02,-3.233416300454816792e+02,-4.262589063019859168e+02,-4.802680334815593710e+02,-2.436136140834329353e+02,-6.071492389919329753e+02,-6.141419591952578685e+02,-5.837334829955311761e+02,-6.729609540592008443e+02,-4.949044385828883605e+02,-8.529824623018967031e+02,-8.399963680232624483e+02,-7.722900582558656879e+02,-7.862239335591541476e+02,-9.601534358998829930e+02,-8.953695311055363391e+02,-9.469642476409717347e+02,-1.201293982896999751e+03,-1.154429930908193910e+03,-1.124104577882694684e+03,-1.103115355430145655e+03,-1.034236298229389377e+03,-1.127979432842668302e+03,-1.296213468067078111e+03,-1.275683949380158992e+03,-1.197273755790062296e+03,-1.374109490109769467e+03,-1.379975695751460989e+03,-1.325919652279651245e+03,-1.242952701660432467e+03,-1.312166480182037503e+03,-1.357652471772302761e+03,-1.447188878069395741e+03,-1.604558988063606193e+03,-1.648129573986106834e+03,-1.488877506495389753e+03,-1.516937081803826914e+03,-1.540404563129595317e+03,-1.657401428732852537e+03,-1.676762236623563695e+03,-1.630065045284425196e+03,-1.720940475517165396e+03,-1.852770369082111756e+03,-1.782469442858615366e+03,-1.727354009573952681e+03,-1.814169314881722357e+03,-1.846948450751393693e+03,-1.808762846458949298e+03,-1.824121956704142349e+03,-1.929250716843495184e+03,-1.729182683120438014e+03,-1.860448565313296513e+03,-1.725833139865670546e+03,-2.161109764847707083e+03,-1.960789974856355229e+03,-1.867185809686132870e+03,-1.829736876675870917e+03,-1.823212000762484877e+03,-1.756488369432587433e+03,-1.912659535669140496e+03,-1.910522402066882933e+03,-1.927359412720696582e+03,-1.922168999503663144e+03,-2.003005222014800893e+03,-2.056320073581152428e+03,-2.019026416182117373e+03,-2.238414964104755200e+03,-2.288513679110218618e+03,-2.152985434791273292e+03,-2.275375372389284166e+03,-2.379346776262537787e+03,-2.195735658373485421e+03,-2.607252112190062689e+03,-2.515917493775933963e+03,-2.595112219995702617e+03,-2.099259465866244682e+03,-2.343505699586107312e+03,-2.400759125174668043e+03,-2.569107996182636271e+03,-2.705318121235604849e+03,-2.739062051616707777e+03,-2.895303506590698817e+03,-3.042983474759967521e+03,-3.171695740325366387e+03,-3.224001118210385357e+03,-4.113778685894875707e+03,-4.513515204590727080e+03,-4.581364143781658640e+03,-4.690900402099759958e+03,-5.003590383095299330e+03,-4.971329695916673700e+03,-4.980811371557349048e+03,-5.192959944716795690e+03,-5.085548107565344253e+03,-5.153757307172167202e+03,-5.220039109203971748e+03,-5.252528598993683772e+03,-5.326932867603329214e+03,-5.247518772865303617e+03,-5.288551486984883923e+03,-5.266533981236349064e+03,-5.195119991270537867e+03,-5.262352624598554939e+03,-5.348459311549838276e+03,-5.324347235772282147e+03,-5.534697041011191686e+03,-5.434603121326184919e+03,-5.490815277159840662e+03,-5.531304868968761184e+03,-5.595471362190382933e+03,-5.477157264511374706e+03,-5.525101053500256967e+03,-5.469381438146464461e+03,-5.471278426183653210e+03,-5.634994359172823351e+03,-5.514627253195360026e+03,-5.482951044332353376e+03,-5.553974599302843671e+03,-5.532141319911601386e+03,-5.549669268272500631e+03,-5.563816643558659962e+03,-5.548093148520199065e+03,-5.584030901047969564e+03,-5.619181349566553763e+03,-5.752522262141488682e+03,-5.715620891330745508e+03,-5.602039005180998174e+03,-5.736245386751988917e+03,-5.642479187342170917e+03,-5.622684390375901785e+03,-5.506742566113430257e+03,-5.751829563889483325e+03,-5.724060377325944501e+03,-5.797107754313981786e+03,-5.741529838703310816e+03,-5.737358185775959100e+03,-5.799650701998667500e+03
-1.731083239372307617e+03,7.112599171041571822e+01,-5.975740273968656879e+01,5.506892346276964645e+01,4.090988286215004166e+01,-9.499388790781766545e+01,-2.921404310183500002e+02,-3.543695682558603153e+02,-2.212795340133271509e+02,-3.184271051672648127e+02,-5.293138018582434512e+01,-1.274642440974934630e+02,-8.886489889951131715e+01,-8.030132433262234315e+01,-2.186066885121832968e+02,-4.524516235089760130e+01,4.291224858646145890e+01,-9.444255477274080590e+01,-2.921655736592536527e+02,-3.141208225911767613e+02,-1.302317945369435961e+02,-2.304519502659303498e+02,-9.902537561333852523e+01,-1.368398899682945569e+02,-3.022222665721792509e+02,-2.974803447890863595e+02,-4.202010711091293160e+02,-5.186896396735335202e+02,-4.145602835572710774e+02,-3.408515807521667398e+02,-2.696389234766413665e+02,-8.047169830021886128e+01,-2.652146590628081526e+02,-1.251942525723609378e+02,-2.592508936745584833e+02,-1.831825579980418297e+02,-1.712166074789064965e+02,-9.688244652065316131e+01,1.776858933311462465e+02,-3.484358660440359472e+02,-4.199321847284928708e+02,-2.090354408521812957e+02,-3.798446538017277589e+02,-3.261953312962010614e+02,-1.511813071912706050e+02,1.333232910880426800e+02,4.427382075764043634e+01,1.767932271507293365e+02,1.660680596653077998e+02,5.016575699379171738e+01,1.719063462391019925e+01,-3.200285000925839540e+01,-1.752189931140148360e+01,-3.116301220662652440e+02,-3.185187579290326312e+02,9.784208885014925272e+01,-6.789227955156817984e+01,-2.197839780925259845e+02,-1.748224050584613565e+02,-3.470880601177340168e+02,-4.326491031211982659e+02,-9.032854858784358498e+01,-1.258339940953933933e+02,-4.741824187922310330e+01,-1.026127713565650197e+02,-2.561155290027328135e+01,-1.633002622635243597e+02,-2.032567288248675652e+01,-1.041853944363287070e+02,-1.305218765081951062e+02,9.113457547239406153e+00,1.980541096685329023e+02,-2.281753543922236247e+02,-5.270266867915327680e+01,2.407873850531593689e+02,3.940117963160981276e+02,4.015895012913951518e+02,1.829776900395429493e+02,5.848351087073378807e+01,-2.219148063562565198e+02,-4.344992789251233489e+02,-1.165954006454256557e+02,-1.080315847467597905e+02,-1.645849546991192653e+02,-3.858800201135650809e+01,2.719681854527003395e+01,1.579623337866856900e+02,1.777776449316093874e+02,2.748698129994103283e+02,4.622149287853862916e+02,3.583061558085511251e+02,2.663009988033528543e+02,1.185184814359306529e+02,-2.457933380573650766e+02,-8.257105731121208692e+01,-1.651489584871817726e+02,-1.619723448480501702e+02,1.348218210262727439e+02,2.056680157153893447e+02,2.400868778784000312e+02,7.349928249277692771e+01,5.935742824177202692e+02,1.361562604328744897e+02,-1.132582063560930692e+02,-4.413859986971073113e+01,1.730795942181188707e+01,-1.106215335901255514e+01,-1.837843455668519255e+01,2.181640096827427726e+02,4.454711878462453001e+02,-4.491418044054000802e+00,-7.763245506714852695e+00,1.956662260884950229e+02,2.303239621127477506e+02,4.420309227329710779e+02,2.450104241497244288e+02,2.747628803790615848e+02,3.728081897566558496e+02,2.957574104952905145e+02,2.432884832381247122e+02,2.564594974564159884e+02,1.533165257066612526e+02,1.434849236410154276e+02,1.007751634918029993e+02,7.401951328823766119e+01,2.011058665986441554e+02,1.561562062641393140e+02,-3.967451653238698839e+01,2.683752199340140123e+02,2.172013453400668368e+02,6.812220965831056674e+01,-3.016868361365112605e+01,-1.572823822975691996e+02,-3.388148976770033869e+02,5.559048002828838264e+01,7.802101822800028685e+01,-2.526593150530354137e+01,-1.304410128271682083e+02,4.821489088983200588e+01,5.588800882886353349e+01,2.553172743534290703e+02,3.700996192848728583e+01,-7.389565383805891940e+01,-1.091276579599723107e+01,-4.532367980401593854e+01,2.283576968382721191e+02,1.034273693681060422e+02,-5.860173564028926307e+01,-1.273426941968798332e+01,-4.086784433164150414e+02,-2.214857654755159047e+02,9.350726471207164536e+01,4.238757808275428260e+02,5.752627332140607450e+02,5.301345913420083207e+02,3.187502193453245241e+02,4.560582132336391510e+02,4.860016503484100099e+02,3.791407521772658811e+02,1.242514490448580631e+02,1.894128343790829661e+02,-7.735046407062786500e+01,-4.116123212511907923e+02,-5.785979086131887925e+02,2.033540771571632177e+01,1.683856623592661350e+01,1.448941566699385248e+02,2.951048444600405674e+02,2.383289925373075562e+02,-2.104250734683271844e+02,-1.864240753191169517e+02,9.684648850721191593e+01,-9.966536152452320607e+01,3.844687341880229781e+01,-8.197463376739932528e+01,-1.338733668913441193e+02,1.691282996234028246e+01,1.134737336074125267e+02,1.070018204671014814e+02,-2.157032476432224541e+02,-2.176163655641686887e+02,-1.240563639919764398e+02,-2.239258645484369765e+02,-3.796090253453628520e+02,-5.704871851886491640e+02,-4.619918805476181092e+02,-5.281940491536846594e+02,-5.167457943720942239e+02,-4.258169392212234925e+02,-1.861791160171318893e+02,-4.456527520314961066e+02,-5.890276421771517334e+02,-6.192822332486589403e+02,-4.855028366384871106e+02,-5.428237900568950636e+02,-6.001679996334594307e+02,-6.068733890277685532e+02,-6.442056605214861520e+02,-5.859528236362982625e+02,-6.899845865600393608e+02,-7.350448409275104495e+02,-6.406350968678461868e+02,-5.014753788721983483e+02,-5.872149891901455021e+02,-6.889091038272601963e+02,-6.658681753343951186e+02,-6.608164700514183778e+02,-5.248743255897494464e+02,-3.694781076155775850e+02,-4.572609469375024673e+02,-4.939593200785048452e+02,-1.957776536136587993e+02,-2.107111264961154689e+02,-2.987747195798771145e+02,-2.837080023099738355e+02,-2.424520696399621329e+02,-3.516338240561258317e+02,-3.668032475873615681e+02,-4.014475543494597218e+02,-3.531638459185510897e+02,-1.797339132200738163e+02,-3.622235244817693456e+02,-4.359516641604330403e+02,-2.627458997162337937e+02,-2.146187044795634620e+02,-2.944361705544273491e+02,-1.937641531791761906e+02,-7.795869919748761845e+01,-1.825120709925874962e+02,-2.138631688147770546e+02,-2.198353807912187108e+02,-2.807570870584789304e+02,-1.534991116547163301e+02,-5.961689221682692619e+01,-2.237321855284570802e+02,-3.651847270846683386e+02,-5.985398134824626482e+01,-1.503424974364810964e+02,-1.014298205109940909e+02,-4.171238607167018699e+02,-1.661496151639782397e+02,-2.218331218337319797e+02,-1.607568472172631289e+02,-4.006942045536562773e+02,-1.635615459421522360e+02,-2.362966738274421914e+02,-3.468473313196928416e+02,-5.881790904258730279e+01,-3.180668434976309982e+02,-3.594374289849130832e+02,-4.799718353820029506e+02,-4.861741830171603169e+02,-4.881583104811464864e+02,-2.619764927481771224e+02,-2.161546950412869705e+01,-1.096576805632104907e+02,-7.283753941387290354e+01,-1.330618965930865158e+02,-2.711234778792655788e+02,-4.300197350312660092e+02,-5.240843010361011238e+02,-1.874567959173619158e+02,-1.144218534314348972e+02,-2.548087623510317883e+02,-2.738203509649698049e+02,-1.586788863853542750e+02,-2.614356803222179906e+02,-1.442580228299763405e+02,-2.668877263521156920e+02,-5.362146201142994641e+02,-4.846543017439851155e+02,-4.379944633932141187e+02,-4.489447223254945811e+02,-4.112138958027635454e+02,-3.558127281383405602e+02,-2.934168776811678754e+02,-2.628205536531877442e+02,-5.586449107592502514e+02,-6.879314348473064911e+02,-4.584573760700260436e+02,-2.261071998515323855e+02,-2.286261358861287363e+02,-3.182090293966365380e+02,-3.008055715493476896e+02,-3.784665604946113717e+02,-4.158992016580197060e+02,-2.553007018557533456e+02,-2.888863668781322076e+02,-4.551305114239469276e+02,-5.120678717762594943e+02,-1.857841408488571915e+02,-3.943685053272905634e+02,-4.142213031194435189e+02,-5.581991689204594422e+02,-2.204450052300668119e+02,-4.772971435851934530e+01,-1.296009873715240133e+02,-2.816090773316719833e+02,1.850770031224953982e+02,1.442966760040382610e+02,-8.593752436299945430e+01,-1.379631705185748842e+02,6.188241345736560106e+01,-1.276708431698156403e+02,-2.618333296208710408e+02,-1.988382279923353337e+02,-1.869252864853785354e+02,-2.265460426431902476e+02,-2.621366201448581705e+02,-2.717049385192921136e+02,-1.816356068206015948e+02,1.706718319594358491e+00,-3.159652906003677231e+01,4.128253255900106069e+02,9.955085276355157475e+01,3.747850619702413724e+02,7.230438580283254169e+01,-3.145867954917805491e+02,-2.063762259075517136e+01,-8.105209314335910165e+01,-2.647707984474336058e+02,1.741822058749000348e+02,9.956169960655611817e+01,2.485337933396327514e+02,-1.966798272815026394e+01,-1.968741052431300886e+01,-1.806680590294031390e+02,-1.052786980910894101e+02,2.947968666717227393e+01,-1.994765116863911203e+02,-4.709489732680514749e+02,-3.047283552097532038e+02,-1.950404817154487489e+02,-1.858026607325766975e+02,-5.126239120455312559e+02,-2.780505219435207778e+02,-2.485728198413778216e+02,-8.648307690509588497e+01,-3.120476686121600096e+02,-1.721098440668798162e+02,-2.889787960046530770e+02,-2.015719690602187200e+02,-4.102077427869928101e+02,-4.020722581466403653e+02,-3.980390369395474863e+02,-6.133943748873616642e+01,-3.393881854587433509e+02,-2.849775821129763926e+02,-3.177632233064284151e+02,-2.899810705338774142e+02,-4.515809741620596469e+02,-5.777864926265824579e+02,-2.642818874839420005e+02,-2.205458885100691759e+02,-4.433728923611439541e+02,-4.455943528810060457e+02,-4.143252014246959902e+02,-1.359963156839999385e+02,-2.366823564993715081e+02,1.104857345137071434e+01,-2.987936863775507845e+01,-2.065880478798160311e+02,-1.340592926609681967e+02,-3.468417584246863612e+02,-3.710084531422319287e+02,-1.410454117527800122e+02,-1.905543367268470547e+02,-1.826616110511848206e+02,-2.494254206885327676e+02,-3.776223195261527508e+02,-2.949927257592418073e+02,-1.204970567876747083e+02,-5.507882629501793303e+01,-1.512419241231184230e+02,-3.355992576969408674e+02,-2.650634026516699464e+02,-1.596034888773384068e+02,-4.605288930624089971e+02,-3.053297510199325302e+02,-4.268353868529241879e+01,-2.761447966260535622e+02,-2.790986945464453584e+02,-5.000099067424439454e+02,-3.040076481835712912e+02,-5.300345146223569373e+02,-5.179170673878101070e+02,-7.550442678379697554e+02,-1.238468235817968889e+03,-3.092897443830943303e+02,-5.469110416400767463e+02,-4.001300826726271680e+02,-1.109532180049582450e+02,-1.393989891056668284e+02,-3.787947667699566523e+01,-3.277577687949267897e+02,-1.390180413355072915e+02,-1.788529569055380648e+02,-1.290582180311274385e+02,1.532189983604148154e+01,1.209521872498652328e+02,-1.111147935243133986e+02,2.410526885331158269e+02,2.952502119002966197e+01,1.403448449861709832e+02,6.848796974510071323e+01,-4.999918100644522383e+02,1.885026202783890312e+02,1.711817635265737181e+01,5.390694624712540417e+01,-3.955268013304047372e+02,-1.710684151875367434e+02,-2.335957774224627883e+02,-1.942925246118113876e+02,-1.330537383388786452e+02,-5.096738058534857885e+01,-1.544071933273031050e+02,-2.482908097989887324e+02,-1.423048976873418496e+02,-1.556885592458016845e+02,-5.749084850657307015e+02,-4.948906241247540265e+02,-7.868999178723303203e+02,-1.282608588494082369e+02,-3.593719457024058102e+02,1.429240416460106644e+01,-2.473211154653068320e+02,-2.919880301624191361e+02,-4.249954598204754461e+02,-7.345944868617435759e+02,-3.837214224850742426e+02,-3.139241153607224533e+02,-3.692605062409858192e+02,-4.028469054265277691e+02,-2.432124651927322532e+02,-3.817849459699055501e+02,-4.866466818700331487e+02,-5.826882666275901101e+02,-3.953225317846598728e+02,-5.614495088977243995e+02,-4.652229905896459741e+02,-1.554683347589379707e+02,-3.783270162692812164e+02,-4.145571525105991668e+02,-6.246438341532953018e+02,-5.678599278544052140e+02,-4.049533106950026422e+02,-3.643346366880812184e+02,-2.606081763740121460e+02,-4.203946788976722928e+02,-4.316456284980413898e+02,-2.944804529194278189e+02,-1.551048332585334322e+02,-1.217806018004582143e+02,-1.391585695677418641e+02,-9.388761819352592397e+01,-5.389976317164871489e+01,-2.774247781803862267e+01,-5.553900955487483770e+01,-1.514079514475611177e+02,-7.081137775711604831e+01,1.133527846215272916e+01,2.295222275247247978e+01,8.197278483288641837e+00,-6.346767932020631520e+01,4.634921898736318724e+01,1.087105007878564464e+02,2.362124723381115388e+01,-4.952593727009143976e+01,-1.185075823466887641e+02,-1.198313394854422711e+02,-1.082245731012386045e+02,9.876586243315490776e+01,1.159093198319946225e+02,-2.193218878647907388e+01,-3.693543736065399230e+01,-6.974888890706054667e+01,-3.223880278491679974e+01,-3.580015150366271826e+01,-4.854277578095931744e+00,-6.269043832794968552e+01,-1.735305025745605576e+02,2.337781425919055778e+01,-2.079674518278257267e+01,-2.730552969833140082e+02,-9.389306609314046170e+01,1.885481020218844606e+01,-2.353877602168728060e+02,-3.126365157662816046e+02,-1.761238989878996222e+02,-1.448963207576842933e+02,-1.216703405476896194e+02,-1.979405215639231130e+02,-2.395429225728474023e+02,-4.625286346769607917e+02,-5.467476287275751474e+02,-4.636053134333264438e+02,-4.621014633583930618e+02,-4.382437859668738724e+02,-5.029318936428029474e+02,-4.375427368137901567e+02,-2.709779818328023566e+02,-1.185795655580825070e+02,-3.794088398266051172e+02,-2.415618880511742645e+02,-2.700289928865608431e+02,-1.577839362802722007e+02,-2.633102061310106592e+02,-5.399445715689689678e+02,-1.979146991498950570e+01,8.274282958800652921e+01,-4.317045542279508652e+01,9.099639590352445850e+00,9.496770052115483907e+01,-9.847207082860512628e+01,-2.289504162832454313e+02,-1.899721685198844625e+02,-1.628534432812917316e+02,2.305096864347598853e+02,-2.854655010172493235e+01,1.382485259373112285e+02,3.188218910181133197e+02,1.098937041300104056e+02,-2.046358881376151544e+02,-1.296491053994050162e+02,-1.609456452672565092e+02,-3.699601255277731582e+01,2.458690996946590346e+01,-3.777311831803618247e+01,1.064879117985776702e+02,1.634923884060998489e+01,-1.033694025247614832e+02,5.468613340721668692e+01,1.080415257174723820e+02,1.991014572166292851e+02,4.593255594843384415e+01,-2.002936622671733176e+02,-2.606609645032860385e+02,-2.378146466989308578e+02,-2.364047438026317991e+02,7.778990649595147033e+01,1.223916693928803454e+02,6.441020082242300759e+01,1.595629829139464562e+02,-1.667244437078633723e+01,-3.432901567484926204e+02,-2.477013744833647308e+02,-2.159660506212612177e+02,-2.749385827275804104e+02,-4.449625213165858213e+02,-5.088255312636999861e+02,-7.107996702581422142e+02,-3.057172996958272506e+02,-3.426168848016068296e+02,-1.957199921797869422e+02,-1.850730664677741117e+02,-1.394147798128644808e+02,-2.412310297158091998e+02,-1.427595802046133713e+02,-3.307908496084464218e+02,-3.322150930370700053e+02,-2.350370175219950397e+02,-2.010247069141764200e+02,-4.617649794120457045e+02,-5.518083504702313746e+01,-2.201007361643490867e+01,-1.105227464815620948e+02,3.705826421050182518e+01,7.087237669475395307e+01,-1.332898664007851153e+02,3.900268551012356966e+01,2.566721147680459012e+02,-2.653869966982449569e+02,-8.055110750032703493e+00,-9.377578824850394312e+01,-4.445451273862488506e+01,-2.216514912196103353e+02,-3.790871777765737249e+01,2.940161075639960586e+01,-5.213459025543528469e+00,-3.270293519742632498e+02,-1.459894610289547927e+02,-3.097929899057789953e+02,-5.393423945350069744e+02,-2.852318936914634264e+02,-9.016986851009932025e+01,-1.800308732348404988e+02,-1.662756709426455473e+02,-3.343940884730309904e+02,-5.724405237919141882e+02,-3.037634867798727782e+02,-7.290961326704865542e+01,-4.285124753858029578e+01,-6.701086915113394582e+01,4.533953294404897605e+01,-3.034227797548129502e+02,-3.582835492113974851e+02,-1.253689663747318406e+02,-1.975792142184335773e+02,-7.865722500914272075e+01,-4.216384506387756232e+02,-4.021535718216540545e+02,-3.316189395048359074e+02,-6.043842908764975164e+02,-6.369539710111041586e+02,-7.481934797338589078e+02,-1.605894116982779565e+02,-3.184668255373990178e+02,-1.459620312803048137e+02,-1.531270276495010307e+02,-2.374105743480914725e+02,-1.462193515676931383e+02,-7.455364255079855695e+01,-6.833440595277339469e+01,-3.047132317952588778e+02,-2.314641103667853486e+02,-5.161305134482816470e+01,2.496067511810313420e+02,2.802821607413761740e+02,4.856365143191757738e+01,-5.217743121230368786e+01,1.089233338701409650e+02,9.358664088343257959e+01,-7.901611259370065454e+01,1.346596888783226404e+02,-1.830584698152920282e+02,5.984707273341626887e+01,8.503623719240245293e+01,-1.774926154590022520e+01,-1.527020120478298679e+02,-1.521010921087720646e+01,2.311906260566471758e+02,1.356275234601936290e+02,-1.069478247169471388e+02,-5.557165401173450192e+01,-4.123652214060157917e+01,-9.597880041084881952e+01,-2.836701195306523005e+02,-3.688165368202576246e+02,-6.397723379588782677e+01,1.890524987575638534e+02,1.139527145299709048e+02,-8.512408125396618175e+00,-2.857542390257717102e+02,-4.544511897966370952e+02,-6.600243991022313139e+01,-3.920471382609918010e-01,2.233782670829688755e+01,-1.426464404052984491e+02,-1.761157256252474781e+02,-2.361722351365156669e+02,-2.198219135819300050e+02,-3.314538718641983905e+02,-5.941808937445813399e+02,-1.524153931358322325e+02,-8.610999742826453485e+01,-3.211019405766267028e+02,-3.374334808705599471e+02,-2.458662678152014962e+02,-2.175739341582219595e+02,7.846585699851408435e+01,1.456913373258731781e+02,4.105234327537073113e+01,1.856443997091983533e+02,3.749165927363163746e+02,4.758727894166720489e+02,1.855880763257990225e+02,-2.099331412619016817e+02,-5.898767132859129561e+02,-2.146953284556134349e+02,-7.899771682267873985e+01,5.735684313498952633e+02,4.565555422988424539e+01,-5.776797364574637328e+00,-9.097486868928483261e+01,3.484604004236160790e+00,1.288939144773233352e+02,4.445948264193489763e+01,5.394510903995155786e+02,-1.533043333039826166e+02,5.325948946925915095e+01,-1.527924421890801909e+00,-1.818279737142426313e+02,-9.741394171462813745e+01,-1.809820505164226461e+02,1.077108391092368578e+01,-2.240210902066247627e+02,3.776645485423823345e+01,2.159455150783206534e+01,-1.529085892805163667e+02,-2.458163963003057688e+02,-3.146170772399244697e+02,-8.655047008864043789e+01,-1.397311026827704836e+02,4.421113881726687111e+01,-2.629992165991095590e+02,-2.657555472009270829e+02,-1.023893347273541536e+02,1.496594627539200246e+02,1.423149502644309905e+01,4.514214891899771942e+01,1.503654021381660471e+02,9.621728662533519127e+01,1.084041295728677454e+02,1.785132260429179496e+02,-1.345221663983165001e+02,1.021270282186454210e+02,-6.138017353654933572e+01,-7.372784563341424757e+01,6.085127607485023304e+01,-2.060103240011527532e+02,-2.516194318324266419e+02,1.782173969326166230e+00,-3.083538181192422485e+02,4.639512188323867292e+01,1.923910085969024522e+02,-1.208652146026084324e+02,-1.820666193135101594e+02,-1.269238446525018418e+02,-5.010574916296160097e+01,-1.114836699857192741e+02,-1.933412930193151738e+02,-4.700320803005924404e+02,-2.908501061802019194e+02,1.305443942898154717e+02,8.846914704779845806e+01,1.074981522741491347e+02,-8.975531201951875460e+01,2.436194178284711143e+01,1.489328109681905801e+02,-5.539112328462778123e+00,3.366649647716724303e+01,-9.685502368878995583e+01,-1.405302860868914649e+01,-4.942302377334044650e-01,2.449095499686694666e+01,1.020536504393754740e+02,-7.696877063814753228e+00,-8.489261968565111260e+01,-7.300425289746561930e+01,-1.996398505817566615e+02,6.265393535110206358e+00,-1.214718724266557643e+02,-2.354585867175404417e+02,-1.756083659187697492e+02,-2.219407657608281284e+02,-2.772994670369083678e+02,-2.784064588695754878e+02,-3.316188351164631172e+02,-1.748120752709510839e+01,-2.361206197861204714e+02,-1.173032163861367110e+02,-2.930036569014773704e+02,-2.484535903593294393e+02,-4.006839359134701226e+02,-4.251422836871284261e+01,-2.195449367773818210e+02,-1.649692382797745154e+02,-5.735835106707315845e+01,-2.564285310046332143e+02,-1.915398552352179422e+02,-2.469005084790848343e+02,2.434898012660228517e+02,-3.268647071748114286e+01,1.954599582396154744e+02,-2.912767759477121743e+00,-2.907927903055836794e+01,1.318358971992258830e+02,-2.469105356807480689e+01,2.563501324457208170e+02,4.041053128473094347e+01,-2.125624490590143978e+02,-1.079821873471832134e+02,-3.848181714512852380e+01,2.400077307711239882e+01,3.233803159125395723e+02,2.058524347377282027e+02,-2.676064103297376917e+01,-1.015552186580179921e+02,-1.781682455294675833e+02,-1.381015152210679844e+02,-1.197535082761247054e+02,1.055406062876993190e+02,2.290735481589957772e+02,2.795807123270775492e+02,3.025907848869452437e+02,2.380271414308147087e+02,2.924714486170057626e+02,-1.306044620733800059e+02,-1.017346174856152885e+02,-2.826686645400421298e+02,-3.433238153220793265e+02,-1.441620618335744837e+02,-5.959405969375328027e+01,-1.762746314171656650e+02,-1.426676107242277567e+02,7.643226348523981528e+00,3.275984106522473382e+01,-1.155053042352342061e+02,-1.322357582479355642e+02,-1.930218526425014431e+02,-1.193060130744288330e+02,-4.317388414516048556e+01,1.291039194808617765e+02,6.612519562018412955e+00,-1.302772007771410188e+02,-9.239795800789548252e+01,3.163561444446888800e+02,4.123094030395080267e+00,6.578782356603426251e+00,1.334074968456162367e+02,7.004785421884449192e+01,2.438464968856190467e+02,3.399843528290426775e+02,4.317174431411178830e+02,-7.735064137598963896e+01,-1.853367274357397605e+02,-7.699802422777074185e+01,1.235509490971431177e+02,-1.229719497565255324e+02,-1.701795743666306748e+02,1.725309402537371284e+02,4.060882728163534239e+00,7.415918480272225111e+01,-7.085703814486879537e+01,4.649470297357714799e+01,1.066712151510686226e+02,3.241366521424255609e+01,-3.184459230132661389e+01,2.965604621233316607e+01,-2.232208696190923831e+02,-1.992572065458449231e+02,9.747551198210075540e+01,1.312179153808213528e+01,3.391210248070293574e+02,-1.285010383014081015e+02,-1.460239868437944892e+02,-4.203400557308192731e+01,-2.869228887265851426e+02,1.544437906766110586e+02,-1.169291862195294129e+01,-6.886623008557180015e+01,-8.323095678351890570e+00,4.027119158565611201e+01,-5.088492168879378141e+01,-9.281608891597704769e+01,-4.092421508099772609e+01,1.836645069790682783e+01,4.355587099515645377e+00,-1.873772082979491529e+02,-4.230611136302479736e+01,2.896089793268031087e+01,-1.094211540051223039e+02,3.279401103038091492e+01,-1.677244225103674466e+02,-1.298117587938405677e+02,-1.728770806666454121e+02,-1.863044207214787207e+01,-9.572856297955291893e+01,-5.256540211930433770e+01,-1.858581955496996159e+02,-1.899924320536176765e+02,-1.336519703721442056e+02,3.822660163553990742e+01,1.322934744384897385e+02,1.002777672326796505e+02,7.057488962703399693e+01,-7.533291307534484815e+01,5.244409421741443822e+01,3.776723847007385615e+00,9.685797458776235658e+01,2.599030354401449472e+01,3.123207275537638452e+02,2.679446638938670162e+02,1.577904356206835814e+02,1.132187025511516936e+02,2.088763901107811023e+02,5.428042731987375191e+02,4.559244983598237013e+02,3.557791459713909603e+02,4.900652809077012080e+02,7.300819074045750767e+02,8.386630412215558863e+02,5.999972120539088110e+02,3.435666783557614394e+02,1.114399226909097820e+02,5.458014893481994250e+02,6.516162552403853852e+02,4.306267691111810336e+02,4.406231218296829297e+02,1.228133248902077383e+02,2.345237639609818530e+02,1.489144541151197814e+02,3.509940736105841097e+02,3.990773479736658373e+02,4.033274951159741022e+02,2.672364624130326547e+02,1.144640953475539362e+02,3.067916070745015134e+01,1.531516588463593962e+02,-6.649461014397473946e+01,-1.263380681511620196e+02,-1.450990946943776407e+02,1.650807862295309292e+02,-1.023119319718338431e+02,1.509256648388121675e+02,7.966403903962736877e+01,-6.768533226489876142e+01,4.206345960704567233e+01,1.374121851849918130e+02,5.010003950763469049e+01,1.176962688425726213e+02,2.568750607371923707e+02,1.373725654994401566e+02,5.869165432691903561e+01,1.508852997548086137e+02,2.628463711040343753e+01,1.904119952791390347e+02,2.089321256308565182e+02,1.233731303874608614e+02,-3.623088444516122308e+01,-1.754188444709802752e+01,3.424614491172820863e+02,2.085891806150818582e+02,1.860979345604649779e+02,1.164684170961196372e+02,5.464603100964460225e+00,2.527572865948480541e+01,-2.927396060460096123e+02,-3.021938528523904210e-01,-5.347315175415506872e+01,-2.437664249129701943e+01,1.460022490789922927e+02,1.600965205932790241e+02,9.603125068668036590e+01,9.002612999701325691e+01,5.917253051010133902e+01,3.911899689619355627e+02,2.620513589411372379e+01,-3.215286382558468148e+01,-8.531747056945889085e+01,-1.045538870301568011e+02,2.225984449359574739e+02,1.850515865676705971e+02,1.579653061371702734e+02,-4.032202434395847490e+01,1.041350224014490209e+02,1.844877648044075329e+02,-2.053014645621743739e+00,1.952014903925963267e+02,1.072514630857615998e+02,-2.878713698662973286e+01,5.023317351176336842e+01,-1.202520869281036369e+02,-1.445854019821078964e+02,-2.271123141643101349e+02,-2.986471978399363252e+02,-6.152678292774082536e+01,-1.752973971403621931e+02,-1.222469181904499038e+02,4.233835061519377518e+01,1.769548561436403133e+01,-2.291155306396775302e+02,-2.196535644654726980e+02,-2.548169867697577331e+02,-1.093495803927039702e+02,-1.845319821046048219e+02,1.931727154140014591e+01,3.086135625808000782e+01,2.263617095608068723e+02,1.125864922878874950e+02,8.084848870087654404e+00,-2.280505633912192138e+02,1.741713208321208981e+02,4.141005246057331988e+02,2.566586595135754578e+02,5.004698340362182307e+00,-1.329009568125376290e+02,-2.102670843197333284e+01,2.161528077443895768e+01,3.016628506633470010e+02,3.959110821478182629e+02,3.472502886705754577e+02,2.588009180745338540e+02,2.181965727833982953e+02,9.278000503433014501e+01,1.075541258626769974e+02,2.433713808271281209e+02,8.184520277603760974e+01,5.168971580014459022e+01,2.596773127881307346e+02,1.151530352977587199e+02,5.803250265872334523e+01,7.570187555343142094e+01,9.301281854605809940e+01,7.872076532959692940e+01,-1.064292509229675971e+02,-2.077831051405751737e+02,4.272923007060143163e+01,-2.104252555524561785e+02,-1.470546283281907733e+02,-1.231900534210353442e+02,-1.587203044672888836e+02,-4.028285285168789187e+01,-1.326032724461910561e+02,-4.146611665435785312e+02,-5.014964404089141681e+02,-3.467469472202361658e+02,-5.783276013285103545e+00,1.780544903584609528e+02,-2.531195618300231587e+01,-9.281566123007345936e+01,-2.884896145518936237e+02,-8.898927187909573888e+01,6.992402232161958864e+01,-3.810773653937061454e+02,-4.138464121362962942e+02,-1.386650456922083663e+02,-1.496352984555862804e+02,-8.065155452818041226e+01,-9.422329528894155715e+01,3.614034456660351680e+01,6.570501191470842741e+02,4.522981094337557124e+02,3.363666134025382348e+01,1.277323468198036522e+02,1.787788618912744028e+02,5.050905498923182790e+01,-1.835746470094858296e+01,-1.708560507917638631e+02,-1.651860811631743218e+02,2.423078347632423402e+01,-1.594098157132171991e+02,1.156615205579233248e+02,8.087926776315214283e+01,1.771661642702471227e+02,-1.546067548805225158e+02,-1.505496203406243012e+02,-1.572999684029776972e+02,-1.602678045941313485e+02,-3.675665658155132292e+02,-9.209464175478296966e+01,-3.443096785853470010e+00,-2.106026275164217623e+02,-1.831534763914802966e+02,-8.408103675355286555e+01,-5.910751334669691914e+01,-2.918584421074280044e+01,-2.031639423887814644e+02,-2.405060420752873824e+02,-1.330426324547130434e+02,-9.998723028117149170e+01,-1.490783451657733849e+00,-3.522647834161497258e+02,-3.453027308118959127e+02,-3.334958282589170153e+02,-3.172891130143489136e+02,-8.313437377074342294e+01,-2.886887953458891047e+02,-1.171569727499711888e+02,-2.846123982265907557e+02,-2.623865064940174534e+02,-2.315699534354869797e+02,-1.670790732920535220e+02,-2.116837818760567700e+02,-2.540772714976345696e+02,-1.846519233263406932e+02,-4.310645560401975445e+02,-3.455392097465706911e+02,-2.528751650457968765e+02,-2.624205939501167109e+02,2.722638877951524705e+01,-1.130193243239272078e+02,-7.448815866831733956e+01,-1.201676263149894339e+02,-2.045613188498765567e+02,-1.928712124030649022e+02,-1.041224667715154624e+02,-1.383463552940479246e+02,-1.879085521805889130e+02,-4.637232444575121804e+02,-2.094522875277327500e+02,-1.435445094395225567e+02,-2.338785999081478622e+02,-1.685764966827874218e+02,-1.571422030395694946e+00,-1.959872060198286476e+02,-2.185627621783757490e+02,-3.181654028235760734e+02,-3.189962079435801456e+02,-3.802824739788068200e+02,-3.702235370628792452e+02,-3.780572285806176751e+02,-3.385352679992442404e+02,-4.057872082106211451e+02,-4.128854402350737018e+02,-1.288803704713925811e+02,-2.677904268370996874e+02,-3.226586231879606999e+02,-2.113137132089500483e+02,-4.637873973012323177e+02,-1.242297660437972127e+02,-2.577496710659054884e+02,-3.949876582074974749e+02,-2.233466204026028095e+02,-8.312175333036405789e+01,-1.022787412539811669e+02,-2.210419129911195455e+02,-4.487372628059503654e+02,-1.648034847565438099e+02,-3.030552423224628456e+01,-1.936857576995751629e+01,-2.317149780139291124e+02,-7.692794271889843571e+01,-1.504724432694507925e+02,-2.061443526309718663e+02,-5.218841859204735556e+01,-9.925552862921752251e+01,-1.678309456859930719e+02,-1.633759791033292004e+02,-2.176514887226101393e+02,-3.756923840699853656e+01,-5.591787470286880080e+01,2.394565984583371687e+01,-5.106527343650454753e+01,5.601583691815456234e+01,7.776501752986794713e+01,-9.680638325860950033e+01,-1.698997409145760855e+02,-9.309297284698558883e+01,-5.693240748694734776e+01,-8.677298904492874954e+01,2.364713968822330230e+02,9.579196226547935566e+00,3.289355622150500835e+01,-3.062768630298675134e+02,-2.022430663580959731e+01,-5.399250021357042328e+01,-3.386112355900573903e+02,-8.186181806658045446e+01,-1.727476811571965811e+02,-3.579182814940668891e+02,-2.629154727293239944e+02,-2.812468376339472798e+02,-1.983128537372182336e+02,-3.028283231954778785e+02,-9.133189632371924915e+01,-2.767971100663299922e+02,-2.050033579903810619e+02,-2.331105275350679449e+02,-2.691384185278266727e+02,-1.382700446653257700e+02,-1.231306290519252684e+02,-6.875122413045066594e+01,-2.489784125423169314e+01,-1.979120980277157287e+02,-1.203476277023320051e+01,5.166312459137017754e+01,1.972470449358684164e+01,-3.135478793503070278e+02,-2.126939519441672246e+02,6.140978938222107786e+01,-1.503932085034945203e+02,-2.119666733201394777e+02,-1.625168727647230185e+02,-1.063144677816938355e+02,-1.462767070492761547e+02,-6.431445522098698575e+01,3.009217435386942157e+02,4.152578208694889099e+02,-1.098437778813279664e+02,5.051071146315715055e+01,-2.793789784025834706e+02,-2.422071665997478362e+02,-2.290411061404230395e+02,-2.812995480679193747e+02,-1.621959448304706370e+02,1.616975728340062801e+01,-1.274112573622712858e+02,-1.199912659602886720e+02,-2.458444612689989413e+02,-2.171065778637322410e+02,-2.318516885504237734e+00,6.500822729149714974e+01,1.561676171069124734e+02,2.836538955908719117e+02,-2.117478489843761622e+02,-7.580070838275501899e+01,-4.055714435683140096e+01,-9.695304147498043790e+01,-1.687591526643140867e+02,2.367303693800245696e+02,3.432403290909905991e+02,2.091249439340726326e+02,-1.329969954630383597e+02,-1.499458221359223558e+02,-5.421280847129012272e+02,-5.366491108135221566e+00,-8.002614474407766920e+01,-2.806138455112743486e+02,-1.828903708935002044e+02,-3.656935975172593771e+02,-3.921091164989171602e+02,-1.968861340156977349e+02,-3.572289089430286708e+02,-2.015036080998033299e+02,-4.267584667985450437e+02,-4.249178053572026101e+02,-4.029240616941126518e+02,-8.034560730069449619e+02,-3.858761844149619264e+02,-3.732555207046804640e+02,-3.077044529687999557e+02,-4.325208985752575472e+02,-6.246375214248173506e+02,-2.653224654995799483e+02,-2.089674805688799779e+02,-4.472161008360557162e+02,-4.178301831887957292e+02,-1.562243811018884401e+02,-4.369498994699958416e+02,-4.347833272381663505e+02,-4.400317183560175636e+02,-3.289617445783809444e+02,-3.147617441345705629e+02,-1.916480457789695890e+02,-2.141898039862411167e+02,-2.614803320000171425e+02,-2.599123510558868020e+02,-3.031063800899702301e+02,-4.341128547154889930e+02,-3.836631649549462963e+02,-3.376569610596741313e+02,-2.668157836196959352e+02,-2.629432608773988704e+02,-8.385035877605261589e+01,-1.821687897686829558e+02,-8.427227365227111022e+01,-2.138292978565994247e+02,-8.907791750625426630e+01,-2.953078579206496102e+02,-2.339450063625784821e+02,2.894645534995501635e+01,9.089495301786858761e+01,-8.891202141486006383e+01,-5.663759881916942618e+01,-3.371005355800935632e+01,-2.609900500293004484e+02,-4.875515557726089355e+02,-7.196661437571291344e+02,-9.557993535600813857e+02,-4.146493082697517707e+01,-3.237673563184124959e+01,-3.877182162538514945e+02,-7.206307633826483539e+01,-1.682860596961445481e+02,-2.765199035160759991e+02,-4.548058970711558402e+00,-9.120230921218606568e+01,3.415614850291946425e+01,5.429218255531061743e+01,-2.307458397109510884e+01,2.368996793169526427e+02,-3.296830853722985921e+01,-5.363119370865545932e+01,-3.096984832362851137e+01,2.801001018862523324e+02,9.991835207954967757e+01,-4.477621002096964276e+01,-2.324774191470837081e+00,-1.669675084932539164e+02,-8.657369888649719769e+01,7.963632572405410315e+01,6.649909726996597215e+00,1.428515844288326520e+01,1.958213551826386265e+02,-2.770711165674537568e+00,-3.244158923010954965e+01,4.303276665044121074e+01,-6.973733984873497604e+01,-6.280742028124248577e+01,-1.589307607211171955e+02,-3.062549439521387740e+02,-2.460018184879926935e+02,-8.977388392830508224e+01,-1.606720611895501634e+02,-3.020722461001097940e+02,-7.686907729226301456e+01,-4.440875794047641989e+01,-2.131483041044191964e+02,-3.066159020481670723e+02,-5.346440998037329564e+02,-2.556534764118453040e+02,-1.458938497880319005e+02,-8.975907269029998758e+01,-1.991208688682761760e+02,-4.115642844807728125e+02,-1.108728777149757150e+02,-5.150404349661937431e+02,-5.630018714562989999e+02,-3.658379961071585740e+02,-2.435471030460528823e+02,-2.888178181923090051e+02,-3.294837609045785030e+02,-2.347400748090679485e+02,-3.168454477281134132e+02,-3.521537406247442163e+02,-3.837145271658690717e+02,-2.741539814034005076e+02,-4.404272411551925188e+02,-2.136840359897479686e+02,-1.815518391039105381e+02,-2.723909874311506201e+02,-5.731520230859515550e+02,-1.385472809632661040e+02,-2.472087449899387934e+02,-2.190244772240146176e+02,-2.772650970139625883e+02,-3.207124834866867218e+02,-1.875681746371117242e+02,-1.907928688839107565e+02,-2.688765053554761266e+02,-2.772530850578432933e+02,-4.987149604266654705e+02,-3.052055097285870033e+01,3.082604672222936415e+01,-1.785688503226680268e+02,-3.565310267955943573e+02,-4.461632592515757665e+02,-1.676349905892619176e+02,-3.156598011359007501e+02,-3.364519791002476268e+02,-3.310795176862581002e+02,-1.684536488079860419e+02,-7.669493203231239420e+01,6.781091431773049294e+00,-2.096991533189586221e+01,-3.628079663059661470e+02,-1.031039473498175596e+02,-1.477464409549248501e+02,-2.495047977110042723e+02,-2.635369394268919905e+02,-6.578259460872705233e+01,-2.091342080140589701e+02,-1.471832374525138505e+02,2.338793822982385677e+02,1.336802238173935962e+02,1.451947991924301107e+01,-3.077795303852456641e+02,-3.689898350913928198e+02,-1.375805465397266403e+02,-1.648211423044622848e+01,3.170976516182864202e+01,-2.106447590484177113e+02,-2.604817153966222918e+02,-1.217365123509543849e+02,-1.108542268004961215e+02,-7.395701209403462428e+01,-2.348933920914585372e+02,-9.673130519102812741e+01,-6.941032865442723221e+01,-3.617224689444323076e+02,-2.546411677721984290e+02,-2.929016335685296326e+02,-3.794853062732815374e+02,-2.485896133834407351e+02,-5.189837122456893894e+02,-3.024544862073272498e+02,-4.638097552384741107e+02,-3.953446441199063770e+02,-1.587781098234302135e+02,-3.371047540181140221e+02,-3.626388672573522172e+02,-3.279394456632354604e+02,-2.136976399905158814e+02,-2.774715856735938360e+02,-3.903139571193161146e+02,-4.264377052931694720e+02,1.811139868454719704e+01,-5.523007749428688840e+01,-1.238048252269020253e+02,-2.348104929997949739e+02,-7.863887621722264498e+01,-1.333408026366506647e+02,-2.388191781962953826e+02,-2.581313820647573039e+02,-2.394819931895783043e+02,-3.146839550618071826e+02,-1.212083766570694934e+02,1.460128199745544180e+02,2.733915235742723553e+02,-4.850240370957521918e+00,-7.615421629372627876e+01,-3.329061597715610787e+02,-1.042393005329767703e+02,-1.574191182469939179e+02,-2.229017570779140556e+01,-3.424227085170606415e+02,-2.691700503305589791e+02,1.402252000931073894e+02,-4.338029574342166939e+01,7.797311792828372745e+01,1.329021408230436805e+02,2.545991182790705238e+02,1.820876288688726561e+02,2.755998079527455502e+01,-1.325447865087509172e+02,1.323479292723212097e+01,-1.200208171061707674e+01,-2.946052125651945630e+01,2.446391403362899268e+02,7.223847069083691963e+01,1.059139554721412821e+02,2.637336411993546221e+02,4.501736278436757743e+01,-1.480135006998944220e+02,-6.979035309258648567e+00,1.376619030436978619e+01,-2.480743059800050787e+02,-1.553855543950855065e+02,1.224023614121794594e+02,7.765891702351069625e+01,-2.869961383371382340e+02,-1.802408527320034182e+02,-1.315935220370039929e+02,5.790022483095812333e+01,-6.620818349395602809e+01,-2.065195235142844865e+00,-1.881006083584881026e+02,-1.369899207361152946e+02,-1.905377386983992665e+02,-2.044582895955862512e+02,-2.548298660100741131e+02,-5.905122448079413999e+01,-2.442534377082211563e+02,-3.031195860489441429e+02,-1.297861041937396465e+02,-2.543576765571227156e+02,-4.014050396660275624e+02,-1.365647411542558700e+02,-2.209857098858699942e+02,-1.420590478986585765e+02,-2.002468243960888117e+02,-1.102399071725058519e+02,-1.019609110322724206e+02,-3.348326524864392013e+02,-2.950921595763047662e+02,-1.345519032093610576e+02,-2.124684576008629620e+02,-6.639292499059654347e+02,-3.084045144439129444e+02,-3.341215487340035679e+02,-2.529567577589592418e+02,-1.231093304274502032e+02,-2.325292387447427700e+02,-3.220884541194913595e+02,-2.185594024684099281e+02,-4.288204283623834954e+02,-7.125132154101012247e+02,-3.542537216333779497e+02,-1.226816181867495175e+02,-2.323264945614092767e+02,-3.448714962458531090e+02,-2.001765969177953366e+02,-3.305007909356570508e+02,-6.089755966370980786e+02,-1.962991400707760761e+02,-3.556277668705803308e+02,-4.466682573095714588e+02,-2.704303585473465432e+02,-3.844659975136291337e+02,-2.387471827460543068e+02,-2.911738254535789565e+02,-2.664776094697922417e+02,-2.613558063445640300e+01,1.708233014641983800e+02,-9.700237222625500522e+01,3.138450314312692058e+01,-3.429230365205489761e+01,-6.589567809227918360e+01,-1.669737576237244809e+02,-1.135741450175736276e+02,-5.519574018219500289e+01,4.160605714467013172e+01,1.698659719154385073e+01,1.198593940001575220e+02,-1.412609128290824856e+01,8.614266901258579878e+01,7.646462672187428211e+01,1.950089484697014086e+01,8.686910183590910606e+01,1.675877968116719501e+02,6.568806673812278518e+01,-1.936756801127541223e+02,5.408091774699592236e+01,-4.045805653707523675e+01,-1.665338603589263187e+02,-8.606291773602663397e+00,1.521895934122197502e+01,-1.536780752799462846e+02,-3.426117075998669748e+01,-1.536565029553245836e+02,-1.131167905607757120e+02,-1.059517317451484359e+02,-9.474429313771945260e+01,-3.937634804868673655e+01,-5.850917742820318779e+01,-1.876268743609156502e+02,-2.140280408022680376e+02,-1.471027261493848073e+02,-2.159544995783913635e+01,-1.710486941794419806e+02,-3.564849687485278196e+00,-2.149615551909676583e+02,-2.632264621413891632e+02,-2.567324116616946981e+02,2.147725903093105160e+01,-3.648341176317111945e+01,-2.096293419233415420e+02,-1.675490015165794375e+02,-2.516972837224969339e+02,-8.050215093275751599e+01,-1.670170536559938910e+02,-3.022580807293390990e+02,1.406156210895964023e+02,-1.862862695293131310e+01,-2.021857009254876516e+02,-2.588484182891719456e+02,-1.402988561616043626e+02,7.954201162243330714e+01,1.595023969183091026e+02,1.505641871286364619e+02,1.613880961184648868e+02,-1.375786757322025267e+00,2.059572063646173206e+02,4.633138086417932300e+02,1.751445026473189728e+02,-7.504244234104010047e+01,-1.645333821730058048e+02,8.513619023369159322e+00,2.001320020519395655e+02,7.656458317380044036e+02,8.059436975730528729e+01,1.310122764068752304e+02,6.030454586674382256e+01,6.910026131216075385e+01,1.241372487039713803e+02,4.403191015763139262e+02,3.008459029088414809e+02,1.780682775683644934e+02,-1.237104224904031327e+02,-1.112151147602493779e+02,-2.299980937716944709e+02,-1.463139067033842196e+02,-1.471522745387727298e+02,1.345134135160986375e+02,1.357800297411849613e+02,1.143438327988427119e+02,4.614357169428636496e+01,-1.796698572791471804e+01,-1.590491695879306917e+02,-4.975776026999320720e+02,1.092588647104859660e+02,1.895596288586381490e+02,3.631030780522689838e+01,-3.205486713626032724e+02,2.316415984233784116e+02,-8.397002596747486791e+01,2.170216870915353979e+02,-2.489128985132738592e+01,1.989339870851573551e+02,4.382170476692949137e+02,2.393735048193370289e+02,7.722260870505746766e+01,4.929545269040346511e+00,-2.280099966165109038e+02,-3.633507608234071995e+01,3.498453204271854133e+00,-2.086584594528267473e+02,-3.502227603362470632e+01,-1.531361043231794383e+01,3.001936167716203840e+01,1.170434146147142371e+02,-2.100935198113344882e+02,-1.346519631356828199e+02,1.298166851953112655e+02,1.774762938156920882e+02,5.566988080947471929e+01,1.016919887798571551e+02,6.902015157809613299e+01,-9.656386554950019274e+01,-2.511056885607013669e+02,-2.230068385103034814e+02,-1.301034722871048928e+02,3.374759731596958545e+01,2.178708123207316021e+02,-1.516218757620879387e+01,-1.213671640555393623e+02,-6.685270725490684640e+01,6.930402051412127662e+01,-8.712743149424335343e+01,5.007311282815999220e+01,-3.094244988116281547e+01,-2.724176148080367739e+02,-1.096486820703117928e+02,-9.219647098846607491e+01,-1.839259336036934656e+02,-2.032939230816061809e+02,-1.709847883607405663e+02,-7.894647660646327836e+01,-2.199582535358771338e+02,-2.197118694459978201e+02,8.664260449381887952e+01,-2.447384551729257396e+01,-2.282339132786273126e+02,-2.089237712704703540e+02,-6.877467829185616210e+01,-2.000934288042332696e+02,-1.173514849961416218e+02,-1.364194826149069399e+02,-1.330668348938409622e+02,-2.218187013173123319e+02,-2.847680000392001602e+02,-3.075631231782982695e+02,-3.061085614710401046e+02,-1.837178281998620832e+02,-1.064802673799952970e+02,-8.989863465021835509e+01,-6.347532340142426222e+01,-9.672119643809691070e+01,-1.168605511382256879e+02,-1.377603301327429506e+02,9.543431046478113444e+01,-1.309739902695629610e+01,2.304695002486733557e+01,6.873722458046522377e+01,9.057031772988794671e+01,1.131984257499579059e+02,-8.092394186632625974e+01,1.815241358146982122e+02,2.488341633182115231e+01,-5.995024013537742746e+01,-3.564466404840254654e+01,-1.769286021940930311e+02,-8.287683923108411932e+01,1.901175639742025965e+02,4.450611179128750337e+02,1.538155584907022160e+02,3.895079861761925599e+01,1.680506668376602875e+01,8.650736027953431062e+01,-1.021120574336256084e+02,2.252535560364765672e+02,2.308693857445283584e+02,4.026533950271344793e+02,4.568646812974546947e+02,2.318670467178584147e+02,4.434334976070482526e+02,4.137495633808430995e+01,2.237709143119238320e+01,1.189361784363265429e+01,5.266237519603510009e+01,-1.185335073094858416e+02,-2.588413508568217480e+01,-6.571910175557513867e+01,-1.708766867017341156e+02,4.116430809964418813e+01,4.285164173602420590e+01,6.740470927972559423e+00,1.439467440099322459e+01,-1.542872270237533314e+02,-1.625784575386819029e+02,-5.281669011642711098e+01,3.330686703272750293e+01,-1.929713414733276977e+02,6.820967531231373471e+01,-3.283624183622846431e+02,4.185450411436407876e+02,-5.981203081281043410e+01,-5.826941480216534330e+01,-2.306740156911534001e+01,1.305145122090212340e+01,1.071195278305917498e+02,2.945902609346003374e+02,3.397101780825849460e+02,-1.612874735023034134e+01,4.441633757873698585e+01,-3.352562535552284828e+01,1.941781956198527439e+02,-2.861924943066119909e+02,-4.602529463701476686e+01,2.416746572433572453e+02,-1.975714278434302855e+02,1.486682709979800165e+01,1.523277285032773420e+01,1.355741085726568826e+02,9.019887743940401492e+01,-7.697838586878889444e+00,1.165781746861870403e+02,-5.854187860760041673e+01,-1.672821343803396417e+02,-2.603579864202500289e+02,-1.591628091038475077e+02,5.660495869788204004e+01,1.128551896821404910e+02,4.973884320335019993e+01,-2.370484035714524396e+02,-1.620403537953150703e+02,-2.345817503812926361e+02,-2.345435660192008527e+02,1.179741254609339194e+02,7.813016141015339144e+01,-1.959005869679471346e+01,-6.257652560529029984e+01,7.971446994975337930e+00,-1.006242082742383133e+02,-1.275459378036404274e+02,-3.754639544479381925e+02,-2.736056346435676687e+02,-2.205822579405840997e+02,-2.714952496544656810e+02,-2.055858515307099310e+01,-8.221639818226364582e+01,-1.519513856310662732e+02,-1.909506980702063572e+02,-2.864167113685466575e+02,-1.984945494261115755e+02,-2.199374689041734712e+02,-2.151759964238947305e+02,-3.538398984668734784e+02,-6.959885924760612852e+01,-7.757720421407245226e+01,-1.441563438047616046e+02,-5.677874747968041902e+01,7.083491125491661933e+01,-9.770655914292944999e-01,-1.780555774914780613e+02,8.857448562578696283e+01,6.090721759471875885e+00,1.163865149119232001e-01,7.637665764264482959e+00,6.959850893371081781e+01,1.232826241836368268e+02,2.136813854039782541e+02,2.056544658042340927e+02,9.770103089225376891e+01,1.946467198733144528e+02,1.699321634567828880e+02,4.874200744134839738e+02,3.191917889379403164e+02,4.100043775617109532e+02,4.905174346119868005e+02,7.804471699764969799e+02,8.453113261467276516e+02,5.024859727506912463e+02,3.015945565823067227e+02,3.618732630959438552e+02,6.465769641629060516e+02,5.583103364384571705e+02,5.285250698500467479e+02,5.349992803354653006e+02,2.506433806585114041e+02,1.081101862835517977e+02,2.920833082778160588e+02,3.481468873404749615e+02,2.276569343323232886e+02,2.166444203858061712e+02,1.961499180631245736e+02,1.065798754799882317e+02,2.815288655721973328e+02,1.749599865101918112e+02,1.440928116007948745e+02,-8.318580785435881353e+01,-1.453121245546522999e+00,-6.314605860178014041e+01,1.758833343919507399e+02,8.469621080212721154e+01,1.648238969427664813e+02,8.509881486801718609e+01,6.172002840533048129e+01,2.114006579604123885e+02,1.748969753327060914e+02,1.611366969553815522e+02,2.682409080534762893e+02,7.612315751575806644e-01,2.962196416329021531e+02,1.840238307905171382e+02,2.588338927132567164e+02,2.759379520237413317e+02,3.019129379443477887e+02,6.264777566656428576e+01,6.475189602616364937e+01,4.033549056841284255e+02,3.537120728479288800e+02,9.290410432388344475e+01,2.835615125744727152e+02,7.988967015502210245e+01,2.125694381119861021e+01,4.726902083132164734e+01,-5.667198510392343280e+01,6.992417830321591055e+01,1.932494661137435230e+02,1.834659779886650881e+02,4.424840121330042564e+01,1.059260642977792344e+02,-7.428193093203640274e+01,-7.389741435870452335e+01,1.058564634132110172e+02,7.011866210050958159e+01,-3.630094364148126829e+01,-1.956152215790173727e+02,-2.483014172838732918e+02,1.233489489686224374e+02,-4.150178443328245237e+01,1.406401894836976112e+02,-1.401889780652858803e+02,2.342606798190243467e+01,-9.814097213708521394e+00,-9.565099093454131207e+01,-5.362188204204667841e+01,-6.885716479975917537e+01,1.347799305671316290e+02,-2.029131717450300982e+02,6.337217824686359791e+01,-1.653699165036342436e+02,-5.613853378151949869e+01,-1.049452564179099454e+02,-1.384686575574677079e+02,-2.191397172712141241e+02,-4.225201189467468907e+02,-8.011938309743698028e+01,-4.379549776350103230e+00,-1.500131713408074177e+02,-6.575579325749748705e+01,-2.534791945488040312e+02,-8.474288717627146639e+01,-1.260899674266941588e+02,-1.286331280032792392e+02,8.854084379728419663e+00,9.339645592866614265e+01,1.032451641867786094e+02,-6.897003447522028807e+01,-5.278958012449476200e+01,-3.388354154824375541e+01,3.192355125382822507e+02,3.451311967144022788e+02,1.090238719611858471e+02,-9.883022143454319064e+01,-2.568721001052144857e+02,-4.112065549522450070e+00,2.002392733168408370e+02,3.640584284095077692e+02,3.473241044787986880e+02,2.381653792116256341e+02,1.849040438946719860e+02,2.165684187961687144e+02,1.537864031802159843e+02,1.391780804421115931e+02,-1.340357682441945713e+02,-2.405729726021365877e+01,2.369124352256219481e+02,2.541857552721083096e+02,2.068297299207846720e+02,8.302258374055077184e+01,7.379972061634551039e+01,4.218960123270095153e+01,-4.269069913651225079e+01,5.287854150408875853e+01,2.154678874635345665e+01,1.198630555233118002e+02,-1.425107426344324324e+02,-3.362082075258863512e+01,-2.040188162015448938e+02,-1.991853173698450519e+02,-7.537602626452164145e+01,5.721337723294232092e+01,-4.186728795815865851e+02,-3.235623330267604842e+02,9.713672343941462373e+01,-5.058620451810870122e+01,-2.937475508173562275e+02,-1.217014069955299078e+02,-3.291795719646377734e+02,-1.736595764881485024e+02,-1.661824696397976027e+02,-1.559604056625697979e+02,-3.285818696480647532e+02,-2.304298117926607574e+02,-1.397546613291318067e+02,-2.906022756881533269e+02,-3.381443693672261475e+02,-4.263332396348320685e+01,-2.138187730858932127e+02,1.691072621840166903e+02,6.838070013128691471e+01,-1.601127335986674609e+02,-5.821104432375761917e+00,6.156459492645240061e+01,-2.289426594209268728e+01,1.762701754231470659e+02,-1.574556374234251166e+02,-1.778022146392780201e+02,-1.807364060212888717e+02,-1.097885232662850399e+02,-3.322624894907625617e+02,-6.458954032327349637e+01,-1.880967086997770821e+02,-2.475978946057783787e+02,-1.637221475009200731e+02,-4.192374066242933850e+01,-1.162547208077301804e+02,-4.993233673817863405e+01,-5.804111910327335977e+01,-1.895654774444801660e+01,-1.243264034685423383e+02,-6.686557465094801955e+01,-1.895168683196743586e+02,-8.208883063726307228e+01,-1.065563727218954426e+02,-2.193313897916150950e+02,-2.466147959530592004e+02,-1.233897637869346795e+02,-7.544273302137014525e+01,-9.518630651682710209e+01,-3.630075174107782914e+02,-3.079759447566162862e+02,-2.257161134431813707e+02,-2.677365857589197162e+02,-3.773345782354062976e+02,-3.867055375275639335e+02,-2.837772478455498799e+02,-4.062141852529945822e+02,-2.525378288357826762e+02,-4.161359556999578331e+02,-3.611589604025767812e+02,-3.889027559200131918e+02,-2.560498657154523130e+02,-4.086347509870641375e+02,-7.641042996822400255e+02,-5.152252280338724404e+02,-3.176651710246812854e+02,-4.401731636619711026e+02,-2.826579379882061858e+02,-2.560076902289345639e+02,-4.257176319967270501e+02,-4.680464995858723114e+02,-5.275860859606818849e+02,-4.992253423969651749e+02,-3.137122315155654633e+02,-3.126495107043844541e+02,-5.242123562042742151e+02,-5.544793394764378718e+02,-5.262052832337859627e+02,-4.754685600448550531e+02,-4.303962347208960182e+02,-6.230024367350744114e+02,-3.202018786165695587e+02,-2.985360586344449416e+02,-3.308269128468872964e+02,-2.826623282265575767e+02,-4.141430470966068924e+02,-4.415051438983043681e+02,-3.846974703567011602e+02,-2.878387170036241969e+02,-3.302623295618671477e+02,-5.467699098049095028e+02,-6.259510142971363393e+02,-6.868832229741241235e+02,-2.142658642402021769e+02,-5.491813319446965806e+02,-4.741403163194871127e+02,-5.347290951062792601e+02,-4.675715511088583298e+02,-3.552912327125347929e+02,-3.207878707965566036e+02,-3.742945887858267042e+02,-2.933149286748332543e+02,-3.185849739597479697e+02,-4.806559331879334422e+02,-4.485357676637067925e+02,-3.729342397648272254e+02,-3.315252443163717544e+02,-4.054144341460985856e+02,-4.259337561506400789e+02,-5.563991064605147585e+02,-5.354960602065332296e+02,-5.172311180090109701e+02,-3.931404733252111328e+02,-4.628955044595522850e+02,-6.417603281400507740e+02,-5.780789845638630595e+02,-6.565110163967223116e+02,-5.535899140373771843e+02,-4.653144192222413835e+02,-4.511271038690667865e+02,-4.593697926938555156e+02,-1.938803009573248346e+02,-1.172694617788718006e+02,-1.400631045577841860e+02,-2.981677684963282786e+02,-2.773306443793550784e+02,-3.900715926748028437e+02,-3.060419937919510858e+02,-1.592276504014609202e+02,-4.369521381580224784e+01,-1.338475897881653793e+02,-1.903694896051841283e+02,-2.810464086713202505e+02,-5.644281066637606727e+02,-5.014272361562453284e+02,-5.663470930929809128e+02,-2.807579041507582360e+02,-3.093011114189940827e+02,-7.274461085079515215e+02,-6.575256224580531352e+02,-6.749109936848980169e+02,-5.187136418403898688e+02,-3.777419559100229094e+02,-2.890881967626679625e+02,-3.048139256982976235e+02,-3.959330735407248767e+02,-4.309423981498384251e+02,-4.815492184649059482e+02,-4.461861568554801920e+02,-4.868021741777268971e+02,-4.930541303611393005e+02,-5.584682049183365962e+02,-5.158865867749946119e+02,-4.058405254663797450e+02,-3.265560142394871264e+02,-2.178641841921161415e+02,-7.642720668567543498e+02,-3.733937569897238404e+02,-3.487384144973362936e+02,-2.425230242263996843e+02,-5.629491888037075569e+02,-6.628071705147696093e+02,-6.236844499342320205e+02,-6.303950108024758947e+02,-2.515410441486186528e+02,-2.142501427154012390e+02,-4.727136598240997500e+02,-6.913714721743368727e+02,-7.767242921554050099e+02,-8.923170496788958417e+02,-5.611283443108950451e+02,-8.115570602247399847e+02,-6.889771097019240642e+02,-5.521099114311808762e+02,-8.374060310575698622e+02,-1.180362408743098285e+03,-8.156699272414170991e+02,-7.052687764706178086e+02,-1.376533933685914803e+02,3.811433030890225382e+01,-3.632913822070003107e+01,-3.915536465417143290e+02,-5.766830743913368451e+02,-4.360218619015274157e+02,-4.206152055309310072e+02,-5.056021693892475355e+02,-4.550581770451926786e+02,-4.109048674209696514e+02,-1.177553280406179965e+03,-1.292685186925208882e+03,-7.336303982539161552e+02,-3.886627955092384354e+02,-2.717142490828773020e+02,-6.843944662355952460e+02,-4.823696435156209645e+02,-4.748648271978692037e+02,-4.022844788934987150e+02,-6.206422928232339018e+02,-2.881576342161663433e+02,-6.320359266351206315e+02,-6.089003230700449194e+02,-6.117445547531824559e+02,-5.028735034936839838e+02,-2.787104426062800258e+02,-3.915449404199877108e+02,-4.806127176511541848e+02,-3.817446113611810006e+02,-4.241197001179052108e+02,-4.944770790453642348e+02,-6.459534392527541513e+02,-4.278111048200775031e+02,-4.375326630957581528e+02,-1.715028917709833252e+02,-5.146436007431745452e+01,1.288473491407496283e+02,-1.277395628919471591e+02,-4.620595986451966724e+02,-4.944632802681721842e+02,-4.215966477771726773e+02,-5.157969633703082764e+02,-4.659756170996684546e+02,-5.167454042566863563e+02,-5.306240564171124561e+02,-3.962977213086104484e+02,-2.122638986505219520e+02,-1.558088599092453137e+02,-1.100206491964073905e+02,-3.771922127519482615e+01,-4.130951512760130413e+02,-3.768061208386446879e+02,-4.553850276917501105e+02,-6.344033634352733770e+02,-6.409110823780579267e+02,-2.793556003446441309e+02,-2.975139548635327174e+02,-3.931148222198066833e+02,-4.241629267720704775e+02,-5.180105726909066561e+02,-4.670346706029565667e+02,-3.250828045398916402e+02,-8.456094100926375177e+02,-9.362945445278921852e+01,-2.894623820621465597e+02,-3.469784257494022199e+02,-4.811077939255753790e+02,-4.216905920189214498e+02,-5.525821066608715171e+01,-4.926473026850825363e+02,-5.062957556884926476e+02,-4.692674114647495003e+02,-3.953571054216465654e+02,-5.199007606738339291e+02,-5.046589930663540144e+02,-4.999151036575115086e+02,-2.808131031645615394e+02,-1.295328480722531879e+02,6.664703590122641685e+01,-1.427809816462699075e+02,-6.893109427009657963e+01,-7.024127123533698125e+01,-6.680009002460602119e+01,-2.101302744425780702e+02,-1.976878279072683995e+02,-8.228555894951271910e+01,-2.022497639930618618e+01,-2.725378271940613217e+02,-3.151911553700843456e+02,-1.927742623590605149e+02,-1.950208156806544935e+02,4.618456753923302927e+01,5.627355941609245349e+01,8.175803227979707799e+01,7.115078745291327778e-01,1.919311079260681367e+02,-2.044213155458812992e+01,-1.254576070732056507e+02,1.424477152633024559e+02,-1.617267509671303287e+02,-1.727787571429156799e+02,-1.220241306899125675e+02,9.141520977586847607e+01,1.380858320769181091e+01,-1.775306559220968268e+02,-2.548176217233348098e+02,-3.984775897295764366e+02,-4.306048244484748011e+02,-5.016093426475916885e+02,-4.616704545553880052e+02,-7.302095647019169746e+02,-3.370509408384920675e+02,-2.856187054047729816e+02,-1.628689034264218947e+02,-3.145410842261712787e+02,-3.556229967293934351e+02,-5.757475001044357441e+02,-6.334625818979776568e+02,-4.645218776465683277e+02,-4.492835403521032731e+02,-6.468314054444936119e+02,-7.440094850323922628e+02,-8.283090342152178209e+02,-8.115614745006043904e+02,-4.959242619187955938e+02,-6.419119826973239924e+02,-6.390917471571659689e+02,-6.381942378759775920e+02,-6.378589309316255367e+02,-4.761816347863831425e+02,-4.302590535414325359e+02,-4.800354587212431170e+02,-4.693718201075270144e+02,-2.124216181272894630e+02,-3.862100084505690347e+02,-8.137989734231591399e+01,3.909587677773211567e+01,-1.827698541107201891e+02,-2.858047767834341357e+02,-1.799972943480705680e+02,-1.754965553035204948e+02,-1.863920129600683708e+02,-3.615966714195681107e+02,-2.085004275733827228e+02,-2.956127273899393799e+02,-1.001737366079323976e+02,-3.700055435840197333e+02,-1.821773409766933014e+02,-2.162266007588615366e+02,-3.988826828458420550e+02,-2.427628278607786854e+02,-2.261042425799461739e+02,-1.941952618775912356e+02,-1.922113379102835324e+02,-1.395923658950796380e+02,-1.366769716420545819e+02,-1.567437608328202714e+02,-1.777134769279585669e+02,6.004324211612190254e+01,-5.010154090789563952e+01,3.149200657999612929e+01,4.574523290249601359e-01,-6.005087260331589505e+01,5.489245214027948805e+01,-3.492506833465255056e+01,-8.645326141362122030e+01,7.790926414579615766e+00,-3.974413610123744434e+01,1.502748778948472932e+02,1.357120804687682494e+02,9.805954951913949458e+01,-7.274528058080116466e+01,-5.999591573959207835e+01,-1.201517348876022311e+02,-8.718639980346924290e+01,-9.484171591879243124e+01,-4.050794600475057905e+00,-8.396815152277633842e+01,6.249121781536929632e+01,-1.209788630321865099e+02,-8.322803895780793937e+01,-1.804917846150230503e+02,-2.218365413687901651e+02,-3.890710427705572556e+02,-3.078719065981356380e+02,-3.241747100862001219e+01,-1.551013302871508301e+02,-1.838344757226453510e+02,-3.163057910972073614e+02,-2.933128275420864384e+02,-9.477804552116336367e+01,-1.310095866379437552e+02,-1.201588891170656694e+02,-1.100040794912837896e+02,-2.164837089799389958e+02,-2.042675780661237184e+02,-3.770911455260778666e+02,-9.887163996441499592e+01,2.224639789090713009e+02,8.568050307494823414e+01,-6.298357623029068009e+01,-2.507690186955533136e+02,-5.037621015823830817e+02,-5.010651409035376105e+02,-4.795024147926653768e+02,-6.593012049239729322e+02,-1.374244217063969131e+01,-1.240578477414417478e+02,-1.160615988769222895e+02,-4.230590538741065529e+02,-3.000566903689748415e+02,-3.757450977811221264e+02,-2.355514693373237662e+02,-1.572917530099999794e+02,-2.851267443754020405e+02,-9.460698627267481697e+01,-1.667960819841317175e+02,-1.935793873371324310e+02,-5.933716188228908095e+01,9.876341978926399179e+01,-4.765058618795089274e+01,-3.141743108075615964e+00,1.430791946212944481e+02,8.329504851448177760e+00,-1.513266378364969569e+02,-1.187554673158116856e+02,-4.035713202124150598e+02,1.881963588653124475e+01,-1.364668586928162028e+02,2.333385698607109759e+02,2.290717242723098366e+02,-4.570165891546383818e+01,-3.012249032046083812e+02,-8.904591018841408641e+02,-4.552031593647846535e+02,-1.863466540106213074e+02,-3.496613342999280576e+02,-3.678709667897900317e+02,-2.270225731260111104e+02,-3.667089624020384235e+02,-5.902338629964424399e+02,-2.493706733934228055e+02,-2.552878965803458300e+02,-2.111835330010810310e+02,-3.343718355669659559e+02,-2.621372500510856298e+02,-1.794458917046695774e+02,1.517629897587983123e+01,-1.966746776627718987e+02,-2.617298250133167699e+02,-1.267241161397472951e+02,-2.637235618922388767e+02,-5.688766589921681316e+02,-2.196407230413161642e+02,-3.110182088973068630e+02,-1.956079025475046933e+02,-2.222604592974252569e+02,-3.524014143353274164e+01,-6.492338920466086449e+01,-3.079923334636420691e+02,-2.044420725935344194e+02,-4.319531554244721292e+02,-2.328635422849098688e+02,-9.028402103711346172e+01,-3.092074987393057484e+01,2.607341302264733258e+02,-7.386237851031677337e+01,-9.346618229853405069e-01,5.251918453199674985e+01,1.335605148872405579e+01,4.045645315835865574e+01,7.059114992353650564e+01,-2.238502854850983113e+02,-1.575354864630602378e+02,1.192165860212741393e+02,-1.157787315801816703e+02,-6.595488290495333672e+01,-6.117629651470036833e+01,1.499083021060049816e+02,-2.299524291445208632e+02,2.407549524173559519e+02,2.723111834704349121e+01,-5.641572349351520188e+01,-3.297267557463969752e+02,-1.095312339642539428e+02,-3.782685016214950338e+02,-5.306209459107011526e+02,-4.100838867661279892e+02,-3.561943090759739334e+02,-2.663046823521988244e+02,-2.946950445686609328e+02,-4.263205958997356788e+02,-2.714534033872099030e+02,-5.433874116098334071e+02,-5.394200822824385568e+02,-6.728618427479308366e+02,-6.134438724315641593e+02,-4.946012493403019334e+02,-4.445349720761994377e+02,-4.020224469344304907e+02,-2.835146942566872212e+02,-3.050729632139926935e+02,-2.190932341094810454e+02,-7.561622130742780712e+01,-5.151945290981778953e+02,-2.450073737777803444e+02,-3.702081489363345668e+02,-2.077704407741477155e+02,-5.473133932162877500e+02,-7.915777234558698865e+02,-2.465109650652681523e+02,-3.090295695707132495e+01,-1.652640251339948918e+02,7.437766393279198951e+01,1.926283837253366116e+01,-2.282887376694860109e+02,-2.400902272846836070e+02,-1.589465638207891516e+02,1.150683336466966296e+02,1.527574095225006658e+02,-4.814746869385110983e+01,-6.849128845836351331e+01,-7.369909547419700857e+01,-1.462270304046757872e+02,-8.848018022830954976e+01,-1.426889716941063000e+02,1.096481279189417535e+02,7.291686423973089859e+00,-1.299312786371541790e+02,-1.264051288542549827e+02,6.742694939966781931e+00,-1.055535086574729888e+02,6.661545248494138605e+01,9.804803792091075820e+01,-2.410263265116803382e+02,-1.011710632284534768e+02,-3.473283391005985976e+01,-8.319137592880306897e+01,4.638098299908645572e+01,-6.859090534255969374e+01,7.376126764631202093e+00,-1.655541521843744306e+02,-2.102621306044594860e+02,-2.610008931511346759e+02,2.100496645021698328e+01,9.595287119001979192e+01,2.210518509620900431e+02,1.620994107131456019e+02,7.630651977393678465e+01,-9.566026415179818798e+01,2.013280669630455009e+02,-5.226332214304252943e+01,3.344331489030601006e+02,4.142512146336349019e+02,2.246643565442762167e+02,2.564778398625338127e+02,4.816612086259345347e+02,6.086042103358852273e+02,3.205210592928830238e+02,-7.141711596272392626e+01,-1.650449932184737918e+02,-9.662545562491268925e+01,1.704180259805498281e+02,5.842964046523206889e+02,1.429479631725818365e+02,2.092631155724882888e+02,1.754370861385326918e+02,3.595717765964657531e+01,-1.148704281123175690e+02,1.780669440699678603e+02,1.522971962316463532e+02,2.996328410315894644e+02,-1.805056606800572752e+02,-3.092003012477894686e+02,-1.606755135412501261e+02,-2.756212568523786786e+02,-2.570145393421315561e+01,-3.736368671909420414e+01,-1.103339256432758617e+02,-3.041082720907971293e+01,-6.974744124832895409e+01,-4.354604945983992792e+01,-2.303603181927618948e+02,-5.687809758564197864e+02,-2.266267433180194644e+02,-1.082412754999621995e+02,-2.655018041596529201e+02,1.541220397438840735e+02,1.446375494226268472e+02,-1.503654728193604058e+02,-1.066806994423389199e+01,-1.417402244690476891e+02,-1.810241724088240289e+02,1.376282350463830824e+02,-1.155640319385311301e+02,-1.978992169478670746e+02,8.129600502267302886e+01,-9.290404540817534951e+01,-1.027305085884210030e+02,5.489224243789600877e+01,-2.433858486683109845e+02,-1.608477233504908668e+02,-3.224399815076410505e+02,-3.113205789522687041e+02,-2.467143553115889461e+02,-2.649343667654220553e+02,-1.039082755781600724e+02,-1.005866362521903739e+02,-3.648688946841750180e+01,-2.530209045666873635e+02,-1.399968998835825573e+01,-1.178453332906385498e+02,8.021186917578071984e+01,-2.407247594507107920e+02,-5.432420557300881114e+01,-2.205203845834304275e+02,-2.052251861530902488e+02,1.467942225262135310e+02,9.410773657435518658e+01,-1.377111484856633865e+02,7.198984525170084225e+01,1.126982482381874604e+02,1.688791418732200214e+02,1.808632832333244380e+02,2.508285599277647293e+02,1.783730428848457734e+02,-4.644596483875218951e+01,-8.561546607478408077e+01,1.046492578882987061e+02,-2.523672453371095514e+01,2.152801645451745571e+01,-9.756070002478942627e+01,-1.055458339516680297e+02,8.725031514135082489e+00,7.085979788958894687e+00,4.808438741867249178e+00,-2.108425366684457458e+01,-7.671167117548506553e+01,3.209249678637586101e+01,-1.926163137186817380e+02,-2.426767866172536401e+02,-6.795766232951793029e+01,-1.448963594831340629e+02,-2.701802057173417779e+02,-8.295326558835326125e+01,-6.650502365964983653e+01,-9.595113557589536413e+01,1.359751687861750327e+02,6.745204841848058663e+01,3.051565610122182193e+01,1.589964881887994181e+02,9.982841034034683503e+01,8.002913050358463920e+01,1.021189948901270270e+02,8.430494417696272080e+01,1.164738449759684897e+02,8.719191728137151642e+01,1.762252493241059881e+02,1.729372460483053260e+02,-1.783946925049427534e+02,1.428455145657501930e+02,2.527777851725416554e+02,1.455847287920212239e+02,3.775914874524781339e+01,1.959179363601856494e+01,8.737520964908841847e+01,2.146216782685673650e+02,1.956785788868761813e+02,1.843912396516894319e+02,-2.705774469337762866e+01,7.834340945302452042e+01,9.420967492723596592e+01,-9.129494974755007775e+01,-1.023305233394767555e+02,1.148783794210526139e+02,1.852160485927334435e+02,8.756950929529426730e+01,2.485203823819147431e+02,3.554578569867709348e+02,4.455996382023307092e+02,-1.129477497596606526e+02,-3.867281815248208687e+01,-4.765403622243691473e+01,-9.143102559139133234e+01,-2.421727592833250498e+01,-1.950637091862761565e+02,8.827291270095187770e+01,-9.650658629440050618e+01,-9.644847126364385304e+01,-1.215199942774934811e+02,-4.355748920587501516e+00,-2.278460192211862534e+01,-3.678144898551749975e+01,4.756195228947738940e+01,2.585649441504266832e+01,7.806443058744784480e+01,-6.303692465260333222e+01,1.752876954640849760e+01,3.801401206986798798e+01,4.106597560634546653e+02,1.219425571850279510e+02,1.318731125704573799e+02,1.487723968183441627e+02,1.477300635799405768e+02,3.728303622932718326e+02,2.998353995397297922e+02,1.175525027885357190e+02,3.860823140949398180e+01,4.923603795112740045e+01,-6.958169208934407379e+00,-7.877817996567401337e+01,-1.082143679866429551e+02,-2.081423350760135236e+02,-3.758207299325709982e+01,-6.904314419388606439e+01,1.150290536554386165e+02,1.153392564638970725e+02,9.020746314593010595e+01,1.569018547616110482e+00,-2.639009036336010183e+01,4.821087656186827530e+01,-7.699400940093141799e+01,-1.857283195067705606e+02,-2.764197316155068620e+02,-2.203107574767898313e+01,2.432595353495879067e+02,1.638485609725986762e+02,3.198880442499878995e+01,3.210772833853559405e+01,9.284212471255099786e+01,-7.506609375620611502e+01,8.773229744019124610e+01,5.676985142605380474e+01,-1.553596481711864499e+02,-2.363149396386855585e+02,8.830758483322026109e+01,1.526799659119129728e+02,-1.201325427243764352e+02,-5.740293024769087538e+01,-1.104450816689440842e+02,-8.258110141769500956e+01,-5.275842994199078362e+01,6.725704159258955883e+01,-1.096152391261276762e+02,-1.274509899576337091e+01,-2.327631327420057517e+02,-1.150890835696531411e+02,-7.373251288065972631e+00,-8.386642518765759746e+01,6.580341013757612245e+01,-1.299869917363213006e+02,4.910275154082228255e+01,2.330394599990793836e+01,8.377112926963079076e+01,-1.459301104384040570e+02,-7.005657356268699232e+00,1.736821193303295559e+02,4.531053571672076430e+01,1.746208284967059399e+02,8.749956390207310619e+01,8.456998953208349690e+01,1.324943435494390371e+02,1.668130300685376710e+02,4.619477198552875734e+02,2.921105814230405144e+02,8.450481651613884537e+01,1.353523058016466791e+02,1.707169299139508212e+02,3.446682354630576128e+02,4.362604369908201534e+02,3.847015662241839209e+02,4.096590766911366472e+02,4.574730617091517502e+02,6.154186167935698677e+02,6.543843632731312709e+02,5.712039781168064110e+02,1.742359754685207918e+02,2.016879930033713322e+02,5.631763473673713634e+02,5.489406336125002781e+02,5.245829754957553632e+02,5.243801088183696493e+02,2.568500911266739877e+02,2.612714124064636394e+02,2.295426176645586054e+02,3.951837733505784058e+02,3.328003165275563902e+02,2.664736810697512510e+02,1.442883425329801241e+02,3.299676896965423794e+02,3.990949236283577193e+02,3.260108282205080172e+02,2.845843987929754348e+02,-1.637220244459937817e+02,6.674807696661503087e+00,1.349747815550803125e+02,1.295321233200295410e+02,2.357516824440549783e+02,1.672136879160405272e+02,1.767993642227866076e+02,3.084417168149110466e+01,2.902534782650583907e+02,1.467088363211823889e+02,1.764333679151703791e+02,5.093455588717253590e+01,1.859092467901051293e+02,2.396050556053318417e+02,3.284032183902051543e+02,2.916409892237750796e+02,2.282006268829483986e+02,2.606389937956175800e+02,1.710645383830806736e+02,1.126080463926286512e+02,-1.070605833211622979e+02,1.869932534739949688e+02,2.908633714779010688e+02,9.314059409864742634e+01,3.659253461052250600e+01,-9.777624690956159270e-01,-1.910416651190406867e+01,-2.471620094405356127e+01,-1.122528325983418540e+02,5.520186335320975246e+01,-1.466543066055654378e+02,5.702756242990597002e+01,-4.560516993662974983e+01,-7.015169396739715069e+01,1.096869064388143755e+02,-8.656009856405606229e+01,-6.258603019803743450e+00,-4.932018074032431088e+00,-1.870904930994359177e+02,-9.818025493162316764e+01,-1.228981491822004131e+02,-1.356426972406193272e+02,2.423156546632944242e+01,5.249943074686697742e+01,-3.439024061911385388e+01,1.581735241305221393e+02,-2.331738087094682044e+02,6.568189083519934002e+01,2.621007629236851244e+01,-3.007305134880112973e+01,-9.070551640265301785e+01,-2.078988200869843013e+02,-3.621995179544243229e+02,-1.299874710823075930e+02,-1.460766000118374563e+02,-1.633948991335906271e+02,-1.417781949168389986e+02,-1.168657530270519658e+02,-2.056946795404261366e+02,-9.546693313704861339e+01,-9.391131477153537332e+01,-1.214067906852846903e+02,5.281804096304952623e+01,-1.059176389303948298e+02,-9.712882397909166343e+01,-3.119146727565337187e+02,-1.767256747687539189e+02,3.997513862841748278e+01,1.105216189499611232e+02,1.825098265181633224e+02,-8.478227455249111699e+01,-5.349708356084093452e+01,1.379154285575077949e+02,4.484773784979640254e+02,5.047260864428885156e+02,4.571021872671004616e+01,2.456674716937780545e+02,-1.738050709707125918e+01,-8.813778245080564488e+01,1.057260801547993765e+02,3.140953616391149126e+02,3.796671178014697716e+02,3.435582637814650866e+02,1.012366707127988832e+02,1.190380597249081802e+02,1.498272115115180441e+02,1.843813025954104319e+02,3.440068259883936719e+01,1.787315781738826104e+02,1.727193815507957311e+02,9.504046518899053808e+01,3.287044784366641181e+01,-4.255289530961256617e+01,4.251221496845511183e+01,1.929526236876663603e+01,8.998858278334836314e+00,4.347472371423592818e+01,-4.696633701668994831e+01,-6.716089996675097495e+01,-8.143017053447496778e+01,-9.697925029280378340e+01,-2.251043385105113828e+02,-3.686613198007103165e+01,-9.819897635110746137e+01,-5.009825515611085507e+02,-3.834101384792176077e+02,-2.716886558065693293e+02,3.351261032492127470e+02,4.120948580465275199e+02,1.621728083702561207e+01,-2.066272528031030618e+02,-1.191982466431846888e+02,-1.749959030847547581e+02,-2.735669623241246882e+02,-2.848155910251414298e+02,-3.736709337560124595e+02,-1.164388182371237406e+02,-2.478399945193783651e+02,-2.492952309993439997e+02,-1.450545088069475526e+02,-1.012786150236287881e+02,1.035119706816259395e+02,2.926757513156580899e+02,-3.085790108633406135e+02,-9.562040850241324108e+01,1.463434830881861899e+02,1.223875310116266064e+02,4.205761232808330874e+01,-3.875239355886014891e+01,-2.421820204599183626e+02,-8.946094148896693810e+01,-2.566851695994654960e+02,-2.556956329259371898e+02,9.496280616857575296e-01,-2.164560496506017273e+02,-1.939292307599450851e+02,7.216522387896119994e+00,-3.018369666373724414e+01,-6.999827771103079499e+01,-2.448677919118484851e+02,-5.725913401025741223e+01,-8.909637835165406727e+01,-2.225159827773562711e+02,-1.680681314768632717e+02,-2.727936188168594072e+02,-2.446119023066098350e+02,-1.745499191247992030e+02,5.201997524072692158e+01,1.991300820900083863e+02,3.829780119413229045e+00,-6.459070625941663479e+01,-8.758083259481814764e+00,1.042446084118207352e+02,-3.038843637545623437e+02,-2.150455911151723001e+02,-5.731448302775054060e+01,-2.768832834986483249e+02,-3.992954926907925710e+02,-1.785711760720403731e+02,2.925369128409773793e+02,2.479236730344341879e+02,-7.616827948356284139e+01,-1.160189114608139391e+02,-1.681706511373106423e+02,-6.663201024140366258e+01,-1.604358927100656729e+02,-2.274004384566172519e+02,-3.081827493200479466e+02,-1.143716156588740205e+02,-2.109445882658296796e+02,-6.586388742018399967e+01,8.824896990276928932e+01,-1.478892437854663555e+01,-1.706947089826489616e+02,5.210268834919514802e+01,3.004653139222260734e+02,1.174179382647452208e+01,-3.002413055248775891e+02,-1.838181150036790541e+02,-3.074877191235166265e+02,-2.906927450241928454e+02,-7.299281783768743992e+01,1.031637959156423676e+02,1.747712500533118600e+02,-6.694335985779297005e+01,-5.192598170215268283e+01,-6.044627965578519024e+01,-5.565714047009591070e+01,7.600901787917362640e+01,4.424446321549855554e+01,1.130451001049586424e+01,-1.134658257069179399e+02,-2.478901494467827149e+02,-1.951469318951185983e+02,-4.711274969861464967e+01,-4.665097416312136147e+00,-2.753303247842172823e+02,-7.409089951931133555e+01,-1.139491037721248290e+02,-3.872614608478554601e+02,-2.963577931434851962e+02,-1.502947991414140461e+02,-3.031222092689366150e+02,-3.003001416573028450e+02,-2.212180975979852349e+02,-1.622010372876765700e+02,-4.471769750058161321e+02,-4.962192634351221159e+02,-4.486322138120635259e+02,-6.307106171282008518e+02,-5.968061009188937760e+02,-7.578165567476153228e+02,-6.951429866674984623e+02,-9.329395240036894847e+02,-8.709981298976499602e+02,-8.215516936776491548e+02,-7.307492350162644925e+02,-1.006010889771310644e+03,-9.822779468213475411e+02,-1.203867911827803709e+03,-1.211836245411416712e+03,-1.347521404610498848e+03,-1.280701496532462443e+03,-1.354366996468706020e+03,-1.338269952861336606e+03,-1.417578582126986703e+03,-1.310184517602780943e+03,-1.396869747819798249e+03,-1.632921067739329374e+03,-1.388967548014318254e+03,-1.439276626062215428e+03,-1.556871951701853959e+03,-1.683889138964702170e+03,-1.639922361565933443e+03,-1.568669175113851452e+03,-1.681938573967446018e+03,-1.631743530456653843e+03,-1.639612858039491130e+03,-1.730222479800488372e+03,-1.686018324739422496e+03,-1.624176202330392243e+03,-1.598273581812096836e+03,-1.742312135694480730e+03,-1.740006527931875098e+03,-1.628302431310418797e+03,-1.844559595603100661e+03,-1.950868009924088256e+03,-2.015264738156840849e+03,-1.834113564682206743e+03,-2.149384771660839760e+03,-1.977940809518584274e+03,-2.083966635512940684e+03,-2.045452480593491600e+03,-2.136508382487734252e+03,-2.180315696221783583e+03,-2.026681386589011026e+03,-1.958179561298012686e+03,-2.057503238073784814e+03,-2.185408568069675766e+03,-2.102115101999016588e+03,-2.029827237873983904e+03,-2.121651739438410004e+03,-2.198979820658837525e+03,-2.082755148869063305e+03,-2.115899056085158918e+03,-1.921470954944405094e+03,-2.186134013906977998e+03,-2.176540290295095019e+03,-2.369254727203794573e+03,-2.472542104531290533e+03,-2.347291856155896767e+03,-2.378346883397148304e+03,-2.507021589040567051e+03,-2.434660138054151957e+03,-2.841819199133505208e+03,-2.629626258644197605e+03,-3.292241114895642568e+03,-3.032125831880407532e+03,-3.064047800466191802e+03,-3.146394401702402320e+03,-3.032217585451076502e+03,-3.368088397772366989e+03,-3.677039030195443047e+03,-3.549408576730822460e+03,-3.603950538446350947e+03,-3.889133074991437752e+03,-4.195804795455817839e+03,-4.260543448885869111e+03,-4.620502119111632055e+03,-4.796937787799342004e+03,-5.013478573947539189e+03,-4.951039381176953611e+03,-5.172560126851212772e+03,-5.179321676578678307e+03,-5.251440972434214927e+03,-5.230422762027746103e+03,-5.273110218123052618e+03,-5.372880278779310174e+03,-5.309672817579395996e+03,-5.316115140597461505e+03,-5.364112904585876095e+03,-5.403778467883736084e+03,-5.587314243370680742e+03,-5.731968908730576004e+03,-5.540165299984155354e+03,-5.535864742671994463e+03,-5.583645714561435852e+03,-5.655800299670999266e+03,-5.715398450553206203e+03,-5.534860004922336884e+03,-5.628073598974611741e+03,-5.651903370141869345e+03,-5.689810267462826232e+03,-5.774945611893780551e+03,-5.765159857302273849e+03,-5.537715346100158968e+03,-5.574097500161167773e+03,-5.818421899267323170e+03,-5.880678138901503189e+03,-5.722427532923000399e+03,-5.582165902197741161e+03,-5.803809740482318375e+03,-5.743011944784591833e+03,-5.817500607214776210e+03,-5.805270429010972293e+03,-5.920737830548247075e+03,-5.668903113059393945e+03,-5.887847325594421818e+03,-5.823682475591027469e+03,-5.747510194998616498e+03,-5.840141105580863950e+03,-5.716651515828567426e+03,-5.906383255804914370e+03,-5.767338706009315501e+03,-5.809941956873164600e+03,-5.964487371016214638e+03,-5.865177266297009737e+03,-5.790371752907158225e+03,-5.764417402906861753e+03
